p_val	avg_log2FC	pct.1	pct.2	p_val_adj	cluster	gene
0	2.10573752375475	0.631	0.144	0	c25	CD79A
0	2.72495910113402	0.551	0.094	0	c25	MZB1
0	4.17543691935224	0.494	0.071	0	c25	IGHG1
0	3.60161015692124	0.489	0.088	0	c25	IGKC
0	3.09474879913626	0.451	0.051	0	c25	DERL3
0	4.54160147015541	0.429	0.041	0	c25	IGHG3
0	2.38706179454958	0.442	0.063	0	c25	JCHAIN
0	4.06733782574198	0.343	0.054	0	c25	IGHG2
0	4.28418808036074	0.312	0.027	0	c25	IGHG4
0	4.81266228873084	0.339	0.061	0	c25	IGHM
0	4.02714671357216	0.26	0.024	0	c25	IGLC3
0	4.28565397116637	0.262	0.028	0	c25	IGLC2
0	3.539973999503	0.241	0.032	0	c25	IGLL5
0	3.58208059194371	0.215	0.025	0	c25	IGLV3-1
0	3.49876352337883	0.192	0.022	0	c25	JSRP1
3.36678740767256e-230	2.71031023991021	0.208	0.037	1.12915316078522e-225	c25	SPAG4
5.46249243750723e-228	2.121947036691	0.295	0.068	1.83201071369118e-223	c25	POU2AF1
2.09717494568165e-220	3.12331333416628	0.151	0.022	7.03350533282712e-216	c25	FCRL5
1.74182051756029e-217	3.46410940574448	0.085	0.007	5.8417176517937e-213	c25	IGHGP
4.09981012918467e-195	2.89094533541079	0.126	0.017	1.37499432112596e-190	c25	IGKV1-39
6.88333722228375e-194	4.4292020343067	0.071	0.006	2.30853363760952e-189	c25	IGHV3-11
2.12207290970117e-191	2.2057836566279	0.208	0.042	7.11700812455578e-187	c25	TCL1A
2.73588898561261e-185	3.99624248140065	0.229	0.052	9.17562447994758e-181	c25	IGKV3-20
3.81666914405144e-165	2.77959876094014	0.228	0.056	1.28003449753197e-160	c25	IGHA1
1.82054733408225e-162	2.79633375651455	0.131	0.021	6.10575164904506e-158	c25	AC012236.1
9.80351370686639e-160	1.5947269160874	0.344	0.11	3.28790242700885e-155	c25	MS4A1
3.20031494213829e-153	2.9136343451602	0.089	0.011	1.07332162529434e-148	c25	IGKV1D-39
1.15174520041754e-152	2.1250318904468	0.245	0.066	3.86272305316034e-148	c25	GNG7
1.55744210071415e-151	4.81678754525631	0.064	0.006	5.2233493173751e-147	c25	IGKV3D-20
9.8892024619967e-145	1.15452771562854	0.783	0.527	3.31664072170445e-140	c25	HERPUD1
2.00786258273941e-143	3.47881687105193	0.101	0.015	6.73396952999143e-139	c25	IGHV1-69D
2.52451120347463e-138	2.25786680322283	0.198	0.049	8.4667056742132e-134	c25	LINC00926
1.11348077398173e-137	2.09601055106489	0.13	0.024	3.73439181977993e-133	c25	SDC1
5.81602846446991e-130	2.9595918274292	0.162	0.036	1.95057962641392e-125	c25	IGKV4-1
2.31369617108596e-124	4.71583505917574	0.077	0.01	7.7596742185881e-120	c25	IGKV1-17
1.74871137858306e-120	3.23439814608864	0.11	0.02	5.86482822149188e-116	c25	IGHV4-39
1.38635672693219e-118	3.72943347141899	0.074	0.01	4.64956319078517e-114	c25	AC007569.1
2.84077651169943e-118	1.66589647809398	0.099	0.016	9.52739626493756e-114	c25	IGLV6-57
4.42588254330221e-117	1.8544944697138	0.33	0.127	1.48435248737269e-112	c25	LY9
1.60006477219339e-115	3.33967517137578	0.069	0.009	5.36629723298219e-111	c25	FAM92B
7.25694277932959e-115	1.93385118700572	0.209	0.061	2.43383346933156e-110	c25	RALGPS2
3.5235464086878e-114	1.45944811505917	0.757	0.619	1.18172699454571e-109	c25	SSR4
1.17614829714833e-112	3.79111586289305	0.038	0.003	3.94456615897607e-108	c25	IGHV1-69
3.88111594625349e-112	3.42233138521457	0.093	0.015	1.30164866605449e-107	c25	IGHV4-34
3.67962061125732e-109	2.16790993567335	0.154	0.037	1.23407116060348e-104	c25	FAM30A
5.3321792487101e-106	2.01918833153138	0.233	0.077	1.78830627643239e-101	c25	BACH2
1.27021291458692e-105	2.53887691901614	0.102	0.019	4.26004007294161e-101	c25	TNFRSF17
1.31982000625382e-105	2.30658880146215	0.144	0.035	4.42641233697406e-101	c25	FAM129C
2.24930163163546e-105	3.41923749047898	0.056	0.006	7.543707812179e-101	c25	DPEP1
3.37366796545809e-105	2.6926984457919	0.051	0.005	1.13146076225533e-100	c25	IGHV4-28
9.67936155656831e-102	2.52619221620603	0.099	0.018	3.24626427884188e-97	c25	FAM177B
2.24262068555687e-101	3.04662170389567	0.105	0.02	7.52130125522062e-97	c25	IGHV3-23
3.6725329455969e-100	2.3553104834487	0.138	0.033	1.23169409929429e-95	c25	PNOC
3.95627297287123e-96	1.59690349556306	0.334	0.145	1.32685482964155e-91	c25	PRDX4
2.84356133340579e-94	1.10628757394309	0.394	0.176	9.53673599997634e-90	c25	FKBP11
8.95153782640142e-94	2.44041538124916	0.127	0.03	3.00216675621851e-89	c25	FCRL1
3.56453000074308e-93	1.31007230753002	0.326	0.135	1.19547207164921e-88	c25	TPD52
3.01519316402366e-92	1.28778810639612	0.047	0.005	1.01123548335026e-87	c25	IGKV1D-33
1.027388778999e-91	1.75108352123205	0.209	0.069	3.44565648700684e-87	c25	CD19
1.18435271936237e-91	1.9165043557545	0.181	0.055	3.97208215019753e-87	c25	BLK
1.95098467621428e-90	3.66983218339195	0.08	0.014	6.54321240708744e-86	c25	IGHV3-7
1.03065380802856e-88	1.48227883346389	0.262	0.099	3.45660674136617e-84	c25	ST6GAL1
5.00358451267501e-88	2.25666649222	0.132	0.033	1.67810217386095e-83	c25	FCER2
4.95558750350401e-87	3.06908139030612	0.103	0.022	1.66200493692518e-82	c25	IGHD
1.263752405629e-86	2.16574474485979	0.169	0.052	4.23837281799853e-82	c25	AFF3
6.94870537220713e-86	2.29263415288004	0.044	0.005	2.33045680773083e-81	c25	IGKV3D-11
8.88872963978666e-81	2.17632387825453	0.125	0.032	2.98110214659165e-76	c25	LINC02397
9.53695126408384e-81	1.4682361698312	0.229	0.084	3.19850271494844e-76	c25	RAB30
2.07205753445643e-80	1.9780959970047	0.166	0.052	6.94926655905999e-76	c25	TNFRSF13C
9.26638792977372e-80	1.95233999153927	0.064	0.01	3.10776118388751e-75	c25	IGHV4-61
1.03728341697562e-79	2.83498645393197	0.14	0.04	3.47884112385284e-75	c25	IGLV2-14
3.42051413963754e-79	3.19355602305274	0.108	0.026	1.14717203215164e-74	c25	IGHA2
5.33829604294841e-79	1.34418245609094	0.228	0.084	1.79035772688404e-74	c25	TP53INP1
4.99454556647581e-78	1.88620998416892	0.2	0.072	1.67507069208466e-73	c25	RUBCNL
8.84408408339683e-78	2.46980470396089	0.069	0.012	2.96612891988963e-73	c25	LINC02362
4.65464930471318e-76	2.02202326175658	0.134	0.037	1.56107628381471e-71	c25	COBLL1
4.89723656846992e-74	1.26861849787763	0.281	0.117	1.64243520033344e-69	c25	CD79B
1.89645669831629e-73	4.13232487558768	0.067	0.012	6.36033647481317e-69	c25	IGHV3-21
2.38187738739836e-73	3.24399369887448	0.094	0.021	7.98834038185661e-69	c25	IGLV1-44
3.77210969476177e-73	1.87173235691321	0.162	0.052	1.2650901494292e-68	c25	BLNK
1.06472783446139e-71	3.63167100333176	0.059	0.01	3.57088421121663e-67	c25	IGHV3-48
1.71242969566601e-71	1.51754597240923	0.197	0.071	5.74314671332466e-67	c25	TSPAN13
2.2539706191385e-71	1.88605419438261	0.148	0.046	7.55936666246669e-67	c25	TLE1
2.2796305372377e-71	1.03062408692794	0.476	0.27	7.6454248957878e-67	c25	NCF1
1.62877950718411e-70	3.63122164547144	0.078	0.016	5.46260071119408e-66	c25	IGLV2-23
4.53387087214686e-70	2.79829783431083	0.069	0.013	1.52056961310061e-65	c25	IGHV4-59
5.06873961233184e-70	1.93868954957914	0.06	0.01	1.69995389118385e-65	c25	IGLV1-47
1.54274280502935e-68	3.5772291547918	0.031	0.003	5.17405081950743e-64	c25	AF127936.2
3.41440360400455e-68	1.55014652013391	0.176	0.061	1.14512268071104e-63	c25	VPREB3
4.2855010112428e-68	3.44287576540791	0.046	0.006	1.43727132915061e-63	c25	IGKV1-6
9.04248582792061e-68	3.09969190001638	0.101	0.025	3.03266889696801e-63	c25	IGKV3-15
1.42404415049343e-67	1.42522821526147	0.208	0.08	4.77595927192486e-63	c25	BANK1
5.88743376792158e-67	3.19180628240692	0.042	0.006	1.97452753708554e-62	c25	SMPDL3B
8.33196283828263e-67	2.56876198464427	0.039	0.005	2.79437369670323e-62	c25	IGKV3D-15
1.00968584852786e-66	2.60436659898349	0.055	0.009	3.38628439879274e-62	c25	IGHV4-31
1.41236058695367e-65	0.760113888272439	0.518	0.303	4.73677493652523e-61	c25	KLF2
3.40673995987119e-64	3.50969199181631	0.095	0.024	1.1425524477416e-59	c25	IGKV3-11
1.84435380746622e-63	0.435821906425023	0.05	0.008	6.18559379948021e-59	c25	IGHV6-1
1.04110219499733e-61	3.07625102616085	0.092	0.023	3.49164854158205e-57	c25	IGKV1-5
1.60392230417518e-61	1.61398400274832	0.228	0.097	5.37923462374271e-57	c25	ADAM28
4.8239488547053e-61	3.50993896708581	0.075	0.017	1.61785596689106e-56	c25	IGLV2-8
7.09684800670167e-60	1.04767139891813	0.571	0.382	2.38014088448761e-55	c25	CD83
7.18556252380505e-60	3.35228475226491	0.056	0.01	2.40989395923374e-55	c25	IGHV5-51
1.6227500929637e-58	3.59350525943911	0.052	0.009	5.44237926178167e-54	c25	IGHV1-2
2.33453936545977e-58	2.01910787538071	0.066	0.014	7.82957812387898e-54	c25	IGLV2-11
3.45323165445779e-58	1.75342459009785	0.215	0.093	1.15814483227205e-53	c25	CD72
1.43344904101039e-57	2.01473480237813	0.091	0.024	4.80750139374066e-53	c25	TXNDC5
4.04620523077298e-57	3.11687687096763	0.045	0.007	1.35701631029664e-52	c25	IGHV3-53
1.35645990720073e-56	2.14076895343355	0.08	0.019	4.54929523676979e-52	c25	FCRL2
2.40672395652455e-56	3.28392625335115	0.04	0.006	8.07167080539204e-52	c25	HID1
2.43732325776776e-56	1.12408337728632	0.472	0.31	8.17429474190152e-52	c25	XBP1
1.91581308591178e-55	3.18550201625958	0.073	0.017	6.42525392753093e-51	c25	IGKV1-12
2.13593167697271e-55	3.49825991780688	0.036	0.005	7.16348765823106e-51	c25	IGHV4-4
3.73703279606889e-55	1.76680190062511	0.152	0.055	1.25332605914558e-50	c25	STAG3
1.27074880255207e-53	1.91761875002751	0.108	0.033	4.26183733399913e-49	c25	C16orf74
3.72464631748112e-53	3.20237113367566	0.092	0.026	1.24917188195682e-48	c25	IGLV1-40
6.018953731228e-53	1.10113739675477	0.297	0.151	2.01863670237925e-48	c25	MEF2C
2.57819152602489e-51	1.09130152424934	0.261	0.125	8.64673873998226e-47	c25	PLPP5
4.22279222341696e-51	2.48223862037519	0.042	0.007	1.41624005588958e-46	c25	IGHV3-33
8.00295173555306e-50	3.42630414403915	0.02	0.002	2.68402995306978e-45	c25	IGLV5-52
2.09371654732907e-48	4.31978237756746	0.048	0.009	7.02190655643225e-44	c25	IGHV2-5
1.42911343122196e-47	1.06475151490178	0.518	0.361	4.79296062563221e-43	c25	CD55
4.40147725655813e-47	1.82204709869086	0.105	0.034	1.47616744230447e-42	c25	CPNE5
1.52328595916123e-46	2.13177476228695	0.047	0.009	5.10879644983492e-42	c25	IGKV1-9
1.63458178877763e-46	2.37386310842764	0.029	0.004	5.48206040320242e-42	c25	IGKV1D-12
1.6585390241948e-46	1.06945663792278	0.412	0.256	5.56240817934453e-42	c25	VPS37B
2.40698901287269e-45	2.18538663546694	0.05	0.01	8.07255975137243e-41	c25	PAIP2B
5.96425101964771e-45	4.94496214696013	0.038	0.006	2.00029050696945e-40	c25	IGHV3-74
1.2866941985987e-44	1.72730294848324	0.123	0.045	4.31531500326033e-40	c25	ZNF318
2.90170049201899e-44	3.05860421082705	0.041	0.007	9.73172311013331e-40	c25	KCNN3
4.04811989509937e-44	2.16081313866831	0.066	0.017	1.35765845041843e-39	c25	GAB1
9.39965869058252e-44	1.83937857982495	0.091	0.028	3.15245753164757e-39	c25	STARD5
2.52960226917032e-43	2.90243733751584	0.067	0.017	8.48378009034341e-39	c25	IGLV3-19
4.16446992024401e-43	2.02521162745362	0.102	0.034	1.39667992185144e-38	c25	SLC17A9
6.32874402500296e-42	1.61746716085952	0.14	0.056	2.12253417110549e-37	c25	PKIG
8.48421939980613e-42	3.13861911092923	0.023	0.003	2.84543750230698e-37	c25	IGKV1D-27
9.13502919332104e-42	1.3996465011561	0.024	0.003	3.06370609085601e-37	c25	IGKV3D-7
4.94284701395993e-41	3.66229435610296	0.015	0.001	1.65773203154188e-36	c25	LINC01485
7.74970609157702e-41	0.820156031083262	0.383	0.231	2.5990964289931e-36	c25	ELL2
4.86351567661893e-40	1.16338146929253	0.219	0.108	1.63112588762446e-35	c25	EIF2AK3
5.97565029251185e-40	1.51255294412548	0.028	0.004	2.00411359510262e-35	c25	IGKV2D-28
7.35648223898656e-40	3.94630015571765	0.023	0.003	2.46721701331131e-35	c25	LINC01484
1.87567408105103e-39	0.528499885918913	0.609	0.424	6.29063573302893e-35	c25	TXNIP
2.38233352291444e-39	1.08402734146211	0.183	0.083	7.98987016915045e-35	c25	CREB3L2
2.47441730792381e-39	1.54769352006554	0.114	0.042	8.29870076731488e-35	c25	FCRLA
5.61577748528332e-39	0.517533677039379	0.927	0.853	1.88341945301432e-34	c25	CD74
6.73780198570908e-39	0.497858209990253	0.441	0.269	2.25972402996711e-34	c25	PIM2
1.51430147051389e-38	1.6047900128978	0.119	0.046	5.07866427180949e-34	c25	PLEKHG1
2.09511925983303e-38	2.88796324201688	0.034	0.006	7.02661097362802e-34	c25	IGHV3-66
2.23329730505066e-38	2.55274975384319	0.018	0.002	7.4900325016789e-34	c25	IGKV2-26
2.33533728814907e-38	1.2878667342632	0.148	0.062	7.83225419699434e-34	c25	GAS6
2.61981816403752e-38	3.06965896965593	0.038	0.007	8.78634615854905e-34	c25	THRB
5.47939271416683e-38	1.0609553358705	0.291	0.168	1.83767872847727e-33	c25	IRF8
8.89906375183167e-38	4.01541353481153	0.044	0.009	2.9845680010893e-33	c25	IGLV3-25
9.04390236091026e-38	1.99046064387531	0.068	0.019	3.03314397380208e-33	c25	RASSF6
9.08169575809856e-38	2.46110742038852	0.039	0.008	3.0458191233511e-33	c25	C2orf88
3.12724406410596e-37	2.57065278901939	0.046	0.01	1.04881511421986e-32	c25	IGHV3-30
3.6191744043001e-37	3.44397950732907	0.018	0.002	1.21379871171417e-32	c25	IGKV1D-17
4.98914241652695e-37	3.49267680670113	0.04	0.008	1.67325858365481e-32	c25	IGKV2-30
1.14245399008731e-36	1.86405840813717	0.091	0.031	3.83156219195481e-32	c25	IGHV5-78
1.27071992382167e-36	1.16985101629042	0.208	0.105	4.26174048051313e-32	c25	TCF4
1.98326718001559e-36	2.4644221835565	0.048	0.011	6.65148146833628e-32	c25	HIST1H2BG
4.30662005375178e-35	2.46763598824459	0.041	0.009	1.44435423362727e-30	c25	IGKV1-27
6.86623347624878e-35	1.02628108751627	0.273	0.154	2.30279738326432e-30	c25	TOR3A
9.029126482063e-35	2.72337532170829	0.027	0.004	3.02818843955429e-30	c25	CNR1
2.83042065689462e-34	2.69071163794344	0.02	0.002	9.49266479909317e-30	c25	IGLV7-46
7.67795894389934e-34	3.83733994136882	0.01	0.001	2.57503387060496e-29	c25	IGHV3-69-1
8.19872794018902e-34	1.11041664514217	0.198	0.099	2.74968937658059e-29	c25	SIK1B
8.85249272917324e-34	2.82637793146213	0.025	0.004	2.96894901151012e-29	c25	AC026202.2
9.04811225792647e-34	3.32247307420778	0.037	0.007	3.03455588906338e-29	c25	IGHV3-73
2.32440005909248e-33	0.852064588921954	0.405	0.267	7.79557291818435e-29	c25	TMEM243
4.83875718100221e-33	0.409904989065767	0.797	0.672	1.62282238336452e-28	c25	JUN
7.56461376304118e-33	2.46524583229156	0.037	0.008	2.53702016384875e-28	c25	AL161781.2
1.73022670371381e-32	0.276243786412839	0.838	0.714	5.80283431891538e-28	c25	FOS
1.83429264727555e-32	2.70614894909287	0.029	0.005	6.15185068043273e-28	c25	IGKV2-28
1.92780715423663e-32	1.57993249173211	0.095	0.035	6.46547963387883e-28	c25	HLA-DOB
2.26962592651797e-32	0.638184834206136	0.026	0.004	7.61187143235597e-28	c25	IGKV1D-16
5.33101173603715e-32	0.362155270963057	0.553	0.388	1.78791471603214e-27	c25	HLA-DQB1
1.00654551051749e-31	1.82357546946854	0.079	0.027	3.37575233317354e-27	c25	NEIL1
1.57556821580904e-31	0.283399644755993	0.893	0.778	5.28414068218035e-27	c25	TSC22D3
5.48991939606573e-31	0.93649306060108	0.236	0.129	1.84120916705252e-26	c25	SEL1L3
5.54555475345934e-31	2.10846454597237	0.059	0.018	1.85986815321519e-26	c25	CARMIL1
7.18041973866875e-31	2.5270688234056	0.019	0.003	2.40816917195473e-26	c25	IGKV1D-43
8.74267296029489e-31	0.884854487337614	0.283	0.168	2.9321176574237e-26	c25	FCMR
9.32246045340578e-31	1.56447066466133	0.051	0.014	3.12656678686323e-26	c25	TMEM45A
2.98172087630761e-30	3.71845258080546	0.016	0.002	1.00000954749605e-25	c25	IGHV4-55
3.51341703961056e-30	0.768125399061796	0.375	0.25	1.17832980674459e-25	c25	FKBP2
3.76990159208025e-30	3.17505335935342	0.049	0.013	1.26434959595187e-25	c25	IGHV1-18
4.91009507712111e-30	1.67884203657841	0.095	0.037	1.64674768696488e-25	c25	RASL11A
6.33037062696192e-30	1.21003513153796	0.023	0.004	2.12307970087049e-25	c25	IGKV2-29
7.14588384312304e-30	2.23288894758258	0.02	0.003	2.39658652330661e-25	c25	TMEM56
1.89184093835721e-29	0.90922384463781	0.244	0.14	6.34485613906242e-25	c25	PHACTR1
4.60909489989921e-29	2.00994548089419	0.063	0.02	1.5457982475282e-24	c25	TRAM2
8.65935681483892e-29	2.66070674715255	0.03	0.006	2.90417508856068e-24	c25	DIRAS1
9.22590954051156e-29	1.64212185975127	0.083	0.031	3.09418554169677e-24	c25	PAX5
1.04602310854712e-28	1.67953876449855	0.048	0.013	3.50815230144533e-24	c25	AC104699.1
1.15693187314348e-28	2.146744946371	0.059	0.018	3.8801181161486e-24	c25	AL133467.1
1.90687429657164e-28	0.793307597934997	0.383	0.255	6.39527501584198e-24	c25	RCSD1
2.83558473374708e-28	0.676415248722638	0.383	0.257	9.50998408004097e-24	c25	SEC11C
4.67713038192779e-28	1.51574420272036	0.034	0.007	1.56861598749094e-23	c25	DEPP1
5.88849793270577e-28	2.70261041034277	0.026	0.005	1.97488443667086e-23	c25	AC233755.1
7.66736422885105e-28	1.08189101638849	0.152	0.074	2.57148061507207e-23	c25	SYVN1
7.6798575475043e-28	1.17551839597329	0.061	0.019	2.57567062428199e-23	c25	MEF2B
1.10918582617571e-27	1.13848782458203	0.176	0.092	3.71998742382811e-23	c25	ZNF10
1.64196350666427e-27	0.98005679585112	0.14	0.066	5.50681720865064e-23	c25	PDLIM1
3.30679421268857e-27	1.70668444062242	0.015	0.002	1.10903264305149e-22	c25	IGHV3-13
3.8690299403047e-27	2.86678654787558	0.027	0.005	1.29759526137939e-22	c25	IGKV1-16
5.40949026057473e-27	1.53097812603759	0.097	0.039	1.81423484359155e-22	c25	STAP1
1.04027423044411e-26	1.27692279951345	0.102	0.043	3.48887171406346e-22	c25	AC073111.5
1.82023687123288e-26	2.70585172891894	0.071	0.025	6.10471041874083e-22	c25	IGLV1-51
2.1333339031605e-26	0.870951289793829	0.113	0.049	7.15477524441968e-22	c25	PTP4A3
2.28399574869397e-26	3.14094740988345	0.02	0.003	7.66006494196984e-22	c25	IGLV10-54
2.28495747056179e-26	1.22589967611266	0.14	0.068	7.66329036477012e-22	c25	SIDT1
3.67029425920952e-26	0.812655603973371	0.713	0.649	1.23094328865369e-21	c25	CD37
5.08069673728437e-26	2.15639938857132	0.045	0.012	1.70396407175043e-21	c25	LINC02576
5.16593907630285e-26	4.16435753727591	0.034	0.008	1.73255264741045e-21	c25	IGHV7-4-1
5.66106003228637e-26	0.385044750808038	0.251	0.142	1.8986063136282e-21	c25	SELENOM
7.54084605915309e-26	1.69123263390208	0.083	0.033	2.52904895131876e-21	c25	AC119396.1
8.07086317992833e-26	1.08843618969265	0.026	0.005	2.70680609328436e-21	c25	IGKV1D-8
1.30544224579915e-25	0.913567032289735	0.176	0.093	4.37819220396121e-21	c25	TMEM156
1.49383394766753e-25	2.67233004183802	0.031	0.007	5.01002029368737e-21	c25	JADE3
1.62582002420835e-25	1.42626935484149	0.117	0.054	5.45267519718998e-21	c25	CXCR5
2.22000106310759e-25	3.41666201866886	0.012	0.001	7.44543956545023e-21	c25	IGHJ6
2.61437974385458e-25	4.00126432484708	0.026	0.005	8.76810678493948e-21	c25	IGLV3-10
2.82662198871619e-25	1.39035365939538	0.109	0.049	9.47992482575636e-21	c25	PRDM4
3.06811901322808e-25	0.252137291910117	0.696	0.515	1.02898575465643e-20	c25	ISG20
3.51681104765089e-25	0.312718020316293	0.874	0.796	1.17946808916115e-20	c25	DUSP1
4.52384310643484e-25	0.933473482291934	0.194	0.107	1.51720650103612e-20	c25	AC007384.1
4.8624286727198e-25	2.33426550376729	0.033	0.008	1.63076132825677e-20	c25	PEG10
9.71196207193091e-25	2.17038017771766	0.037	0.01	3.25719783968419e-20	c25	COL19A1
9.98639162455298e-25	0.83037426177269	0.111	0.049	3.34923602304258e-20	c25	CHPF
1.12556585655039e-24	0.949444093222723	0.309	0.208	3.7749227696987e-20	c25	SNX2
1.16893428118066e-24	2.64062315879617	0.038	0.01	3.92037179222371e-20	c25	PKHD1L1
1.17378625144776e-24	1.75554896338791	0.078	0.03	3.9366443301055e-20	c25	CDK14
1.18411373284654e-24	1.12718330330921	0.099	0.043	3.97128063722072e-20	c25	CD24
1.48179204304646e-24	0.841341168159242	0.262	0.162	4.9696341539692e-20	c25	IL16
1.6731021698126e-24	4.04730424767327	0.031	0.007	5.61125005711751e-20	c25	IGHV5-10-1
2.0837359803063e-24	0.505930379386149	0.547	0.409	6.98843373075126e-20	c25	RHOH
2.14180860657344e-24	3.33077923453657	0.019	0.003	7.18319770472599e-20	c25	CLDN14
2.56959727565099e-24	0.374974262650722	0.604	0.467	8.61791534307829e-20	c25	BTG2
3.58142723338366e-24	1.10039609143029	0.173	0.094	1.20113906553221e-19	c25	ORAI2
7.47173826788308e-24	2.7322392025572	0.023	0.004	2.50587158028263e-19	c25	LINC00494
7.64089510097693e-24	1.78555068441241	0.062	0.022	2.56260339896564e-19	c25	NUAK2
1.03060573142252e-23	0.644824023373378	0.244	0.145	3.45644550204485e-19	c25	POU2F2
2.97220243187848e-23	2.78804676752475	0.018	0.003	9.96817251603404e-19	c25	IGLVI-70
3.20433119497903e-23	0.838954745288004	0.139	0.069	1.07466859617207e-18	c25	C11orf24
3.76981362317471e-23	1.4035720686976	0.093	0.04	1.26432009294033e-18	c25	HIP1R
3.85728985075383e-23	0.780434370088434	0.342	0.238	1.29365787014582e-18	c25	LYN
5.23300150521214e-23	1.85950719821512	0.04	0.011	1.75504404481805e-18	c25	IGF1
6.17766034044062e-23	1.68719153208959	0.05	0.016	2.07186372497697e-18	c25	COL9A3
1.02039168056641e-22	0.627202678105702	0.017	0.003	3.42218961828364e-18	c25	CGA
1.26603731298982e-22	1.17683216595265	0.146	0.077	4.24603594030525e-18	c25	SC5D
1.26870898914422e-22	0.888158562869573	0.339	0.236	4.2549962077919e-18	c25	ALG13
1.72058651866171e-22	1.59528303508643	0.057	0.02	5.77050306628764e-18	c25	PYCR1
1.85156949745098e-22	1.04589194255351	0.223	0.136	6.20979378055111e-18	c25	SMIM14
2.09074884406888e-22	0.820915904019873	0.235	0.145	7.01195347323823e-18	c25	NGLY1
2.19504905756438e-22	2.33751855176957	0.034	0.009	7.36175552925942e-18	c25	KHDRBS2
4.27943195369363e-22	3.27148568276963	0.013	0.002	1.43523588862977e-17	c25	IGKV3-7
5.95369326178948e-22	0.778050323100273	0.113	0.053	1.99674964613896e-17	c25	LINC01480
7.50594002297492e-22	0.210336569945983	0.729	0.582	2.51734216490533e-17	c25	CXCR4
1.13815001261283e-21	2.79464556214969	0.04	0.011	3.8171275123009e-17	c25	IGHV1-46
1.17735122796792e-21	3.09573546122162	0.037	0.01	3.94860054835882e-17	c25	IGLV3-21
1.40278730971277e-21	1.50480294273083	0.05	0.016	4.70466807931469e-17	c25	RGPD2
1.6961694550603e-21	1.71873256581198	0.045	0.014	5.68861311838125e-17	c25	MATN1-AS1
2.31006226273895e-21	0.754483143856353	0.305	0.207	7.74748681677389e-17	c25	WDR74
2.79024620744389e-21	2.39024463832424	0.033	0.009	9.35792773052533e-17	c25	ABCB4
2.8104456213915e-21	1.34042751092993	0.099	0.046	9.42567252502281e-17	c25	CD22
3.83578204874921e-21	0.833659165273691	0.023	0.005	1.28644458350951e-16	c25	IGKV1D-13
4.07606101822202e-21	1.47345501927306	0.089	0.04	1.3670293442913e-16	c25	SPIB
6.23845618021202e-21	0.503948787345758	0.672	0.559	2.09225343371951e-16	c25	YPEL5
7.85353508345379e-21	2.91395842849464	0.016	0.003	2.63391859628873e-16	c25	IGKV2D-30
8.57732159589896e-21	1.67034099439665	0.046	0.015	2.87666211683259e-16	c25	AC008014.1
1.64082431903044e-20	0.814678717671279	0.07	0.028	5.50299660116428e-16	c25	AC078883.1
2.52000807224688e-20	0.902333692481089	0.155	0.085	8.4516030727016e-16	c25	PLCG2
6.14148736944989e-20	1.50673506694305	0.05	0.017	2.0597320339661e-15	c25	DENND5B
7.29136615868203e-20	1.67780267781753	0.045	0.015	2.44537838229878e-15	c25	C12orf42
9.09040993489002e-20	1.41476106867007	0.094	0.044	3.04874168396341e-15	c25	ARHGAP24
1.30565632665943e-19	3.22816245549293	0.01	0.001	4.37891018835039e-15	c25	C4A
1.92241322563991e-19	3.84919047141701	0.01	0.001	6.44738947615112e-15	c25	IGLJ3
1.99200076640251e-19	0.466399523216722	0.405	0.292	6.68077217036074e-15	c25	SMAP2
2.20456710924855e-19	0.838096008177376	0.194	0.116	7.39367717099779e-15	c25	HIST1H1C
2.78621199782532e-19	4.71798265307997	0.01	0.001	9.34439779830657e-15	c25	IGLV1-50
3.2160668506026e-19	1.19092881882097	0.014	0.002	1.0786045003551e-14	c25	IGLV5-45
3.68904774299452e-19	3.17411460283074	0.011	0.001	1.2372328320455e-14	c25	IGLV2-5
4.30402665640674e-19	0.332347091424645	0.873	0.812	1.44348446002569e-14	c25	JUNB
4.82092664886753e-19	3.55117393821278	0.025	0.006	1.61684237949719e-14	c25	IGKV2D-29
7.42082463004935e-19	1.67504245121226	0.057	0.022	2.48879616442595e-14	c25	PIP5K1B
8.39053435479887e-19	1.09958979394471	0.05	0.018	2.81401741191244e-14	c25	CHAC1
8.6118569748154e-19	0.47253439119523	0.224	0.137	2.88824459221359e-14	c25	HSH2D
1.23436213117416e-18	0.412056022477455	0.937	0.913	4.1398037155319e-14	c25	RPS5
2.27294515344034e-18	3.01094954746323	0.02	0.004	7.6230034556082e-14	c25	IGHV3-43
2.27943820907411e-18	0.936722145705546	0.195	0.121	7.64477986559276e-14	c25	ARRDC2
3.53884059617646e-18	3.63929094066869	0.011	0.001	1.18685635914566e-13	c25	GNB3
3.56326968545939e-18	1.05229429633574	0.072	0.031	1.19504938710937e-13	c25	P2RX1
5.21860898145731e-18	2.37201311761734	0.016	0.003	1.75021708020115e-13	c25	SCN3A
6.02151904202487e-18	1.01189349375825	0.132	0.072	2.0194970563143e-13	c25	SESN1
7.91698727278368e-18	2.08659418162193	0.04	0.013	2.65519919154619e-13	c25	AC022167.3
8.88450485482126e-18	1.96794108782412	0.026	0.006	2.97968523820995e-13	c25	AC104024.1
8.89019666894474e-18	0.981878694559004	0.245	0.167	2.98159415883069e-13	c25	MANBA
9.90081066576894e-18	0.470270897889987	0.199	0.119	3.32053388108559e-13	c25	KLF13
1.12664251833258e-17	1.96038601822124	0.038	0.012	3.77853367798381e-13	c25	ZNF595
1.15769552730655e-17	1.00075649195933	0.249	0.171	3.88267925948072e-13	c25	YBX3
1.22401582511955e-17	1.63127550328535	0.012	0.002	4.10510427428594e-13	c25	IGLV9-49
1.40054117196569e-17	0.345887274289797	0.017	0.003	4.69713498253852e-13	c25	IGKV1-8
1.69196950210187e-17	1.74678895523628	0.034	0.01	5.67452731614927e-13	c25	B9D1
1.71123906986688e-17	0.445531173079309	0.033	0.01	5.73915359251955e-13	c25	IGKV3OR2-268
1.82886576804659e-17	0.64169373107617	0.25	0.164	6.13365001287467e-13	c25	EIF1AY
1.87427813522112e-17	0.625080215798555	0.031	0.009	6.2859540099046e-13	c25	CAV1
2.14538808500886e-17	0.950546096847152	0.164	0.097	7.19520255950272e-13	c25	IFT57
3.36191863779709e-17	0.781699211864923	0.354	0.265	1.12752027274439e-12	c25	SNX9
4.01024063403819e-17	1.12899115481528	0.078	0.035	1.34495450384373e-12	c25	RHBDD1
9.85389249073334e-17	0.461344669500913	0.217	0.137	3.30479846354215e-12	c25	MBNL2
1.20234078104259e-16	1.43732471771036	0.086	0.042	4.03241051146065e-12	c25	CDCA7L
1.48731119870337e-16	2.29837155321731	0.015	0.003	4.98814429821135e-12	c25	PLEKHG7
1.66521389902582e-16	0.420646077176094	0.552	0.435	5.58479437455281e-12	c25	HSP90B1
1.98478392054847e-16	1.5303813822988	0.049	0.019	6.65656831273546e-12	c25	SSPN
2.11209912933971e-16	0.408313287267587	0.257	0.169	7.08355805997953e-12	c25	ERLEC1
2.43751680925007e-16	2.65093387610097	0.01	0.001	8.17494387486289e-12	c25	IGKV1D-37
2.75963224542645e-16	0.98813605201837	0.083	0.04	9.25525462471122e-12	c25	MIR29B2CHG
3.1039045697944e-16	1.99337223603184	0.04	0.014	1.04098751461765e-11	c25	SNX22
5.30293692494995e-16	0.677642296947459	0.139	0.079	1.77849898588972e-11	c25	HIST1H2AC
5.58479649200215e-16	2.02472692977901	0.026	0.007	1.87302904748768e-11	c25	TRPV3
5.63140872920996e-16	2.62187151614215	0.017	0.004	1.88866185960244e-11	c25	OXT
9.10046632807966e-16	0.953177883902883	0.04	0.014	3.05211439711136e-11	c25	IFNG-AS1
9.7809369470631e-16	0.899132368089232	0.099	0.051	3.28033063330602e-11	c25	PDK1
1.09658697369041e-15	0.93373106423821	0.132	0.075	3.67773339236291e-11	c25	EAF2
1.10676574739735e-15	0.535404324030062	0.28	0.191	3.71187096362124e-11	c25	SNHG9
1.18035808182497e-15	0.68259731703361	0.186	0.119	3.95868493482457e-11	c25	HSPA6
1.26055836782462e-15	0.883872048996229	0.195	0.125	4.22766065401020e-11	c25	RRBP1
1.26548306312047e-15	0.702038699576454	0.023	0.006	4.24417709709342e-11	c25	BRSK1
1.51367072473844e-15	2.05391460652189	0.03	0.009	5.07654887662778e-11	c25	MEF2C-AS1
1.57127576600762e-15	2.3042038417758	0.021	0.005	5.26974466403635e-11	c25	PCDH9
1.7167550611044e-15	0.421540253665931	0.589	0.49	5.75765312393193e-11	c25	NOP53
2.10754225871763e-15	1.88120856984406	0.029	0.009	7.06827522728718e-11	c25	RGMB
2.51666937200856e-15	1.85218397250677	0.029	0.009	8.4404057398423e-11	c25	AMN
2.71705259182811e-15	3.99496271225328	0.02	0.005	9.11245098247311e-11	c25	IGLV4-69
2.99163046260197e-15	0.431010383330091	0.193	0.12	1.00333302454745e-10	c25	ARSA
3.86989648217081e-15	1.99036509510458	0.022	0.006	1.29788588219044e-10	c25	H1FX-AS1
4.52529626269789e-15	1.5486778500849	0.029	0.009	1.51769386058362e-10	c25	FAM27C
4.59855345844108e-15	1.0094665112051	0.126	0.072	1.54226285889197e-10	c25	KDM4B
6.55460969698567e-15	1.54505546044201	0.052	0.021	2.19828500017505e-10	c25	AC120193.1
9.79679874753127e-15	0.758536111017799	0.198	0.13	3.28565036394704e-10	c25	RASGRP2
1.11205532896015e-14	0.918154453654083	0.064	0.029	3.72961116226654e-10	c25	ITGA6
1.19054179945101e-14	1.79608145298284	0.059	0.026	3.99283908699881e-10	c25	BCL7A
1.28130042187779e-14	0.28813136321189	0.539	0.427	4.29722535489372e-10	c25	SNHG8
1.3017697928921e-14	1.70997595494299	0.015	0.003	4.36587553140153e-10	c25	IGKV2-24
1.75844903290676e-14	0.870536130885756	0.012	0.002	5.8974863665627e-10	c25	IGHV3-64D
1.85274345955683e-14	0.229056517996796	0.442	0.335	6.21373101466169e-10	c25	NR4A1
1.92033848168984e-14	1.52005140734765	0.057	0.025	6.44043119989138e-10	c25	EBF1
2.08865038914809e-14	0.381040333155354	0.869	0.796	7.00491567512488e-10	c25	EEF1B2
2.89918525706854e-14	1.11764935296111	0.136	0.082	9.72328751515648e-10	c25	HVCN1
3.86866264424194e-14	0.508552455120486	0.175	0.108	1.29747207762586e-09	c25	ZBP1
4.02376403030287e-14	1.22799847649048	0.031	0.01	1.34948998048298e-09	c25	WFS1
4.67626323074406e-14	1.45484131060331	0.06	0.027	1.56832516232694e-09	c25	BHLHE41
5.09963409239066e-14	0.66374825783318	0.087	0.044	1.71031528190598e-09	c25	CFL2
5.26847014448519e-14	3.55308029831047	0.01	0.001	1.76693951705744e-09	c25	LINC00582
5.59898494837463e-14	2.12718905559077	0.018	0.004	1.87778757198588e-09	c25	AC246787.2
6.22919117100896e-14	2.17646685563106	0.015	0.003	2.08914613493298e-09	c25	SCNN1B
7.3495979885294e-14	0.833708173150413	0.07	0.033	2.46490817339299e-09	c25	C11orf80
8.59429005589376e-14	0.701276391628905	0.145	0.087	2.88235299894565e-09	c25	QTRT1
8.67347743661795e-14	0.360139059111338	0.25	0.168	2.90891086269293e-09	c25	SYTL1
1.98628207744288e-13	1.12752859940066	0.014	0.003	6.66159283132793e-09	c25	IGHV3-20
2.07512466948223e-13	0.620466789162577	0.135	0.08	6.95955311650952e-09	c25	SIL1
2.26485231454142e-13	1.42419965257339	0.05	0.021	7.59586169250901e-09	c25	OSBPL10
2.83171091946982e-13	0.786584509032036	0.105	0.058	9.49699208171787e-09	c25	CERS4
2.85329620458037e-13	2.63844286591333	0.019	0.005	9.56938481092164e-09	c25	IGHV3-15
4.1774745446213e-13	0.510341610444285	0.244	0.168	1.40104141277509e-08	c25	CDK5RAP3
4.80222454450555e-13	1.0734165631699	0.045	0.018	1.61057006773627e-08	c25	CTH
4.81536440380841e-13	1.57048532938776	0.045	0.018	1.61497691374926e-08	c25	CR2
5.38725591041727e-13	0.821722091171803	0.176	0.116	1.80677788723574e-08	c25	TSPAN3
6.33963037499282e-13	2.56350917489492	0.012	0.002	2.12618523516509e-08	c25	CNTNAP2
6.93329951446493e-13	2.52776987914686	0.015	0.003	2.32528999116125e-08	c25	AP001636.3
7.17703617726215e-13	1.72437295855587	0.04	0.015	2.40703439313018e-08	c25	AC022182.1
7.21088781565682e-13	0.309180311243251	0.145	0.087	2.41838755561498e-08	c25	MEI1
8.07457950618004e-13	0.738678938085487	0.108	0.061	2.70805247478266e-08	c25	SPATS2
9.5537905579846e-13	0.219511741238235	0.092	0.049	3.20415027733688e-08	c25	CADM1
1.00187039450972e-12	1.64695716714114	0.069	0.034	3.36007292910669e-08	c25	DNAAF1
1.1525496864678e-12	1.62766561196047	0.02	0.005	3.8654211384757e-08	c25	ZNF215
1.46534386150002e-12	1.4187979219846	0.046	0.019	4.91447024269878e-08	c25	CD200
1.78186656809168e-12	1.34346389161369	0.095	0.053	5.97602409606589e-08	c25	PTCH2
1.8768607377423e-12	4.12105291022328	0.017	0.004	6.29461554224013e-08	c25	IGLV3-9
1.89039367250969e-12	1.29473386482561	0.067	0.033	6.340002298863e-08	c25	MICAL3
1.96807261309614e-12	1.34422294548375	0.022	0.006	6.60052192980182e-08	c25	LMTK3
2.03486599119259e-12	2.45348869613098	0.018	0.005	6.8245335612617e-08	c25	IGKV1-33
2.04727861370498e-12	0.515285540847688	0.068	0.033	6.86616301464377e-08	c25	LINC02384
2.11415876950654e-12	2.97781365472628	0.01	0.002	7.09046568117103e-08	c25	AC019197.1
2.32698157340697e-12	0.935100109934703	0.159	0.103	7.8042308008923e-08	c25	MARCH1
3.17931381469408e-12	0.658934697475371	0.057	0.026	1.0662782671721e-07	c25	CRACR2B
4.08998855249612e-12	2.34700852167909	0.02	0.006	1.37170036073615e-07	c25	AL139020.1
5.8909572178074e-12	0.868680889845704	0.056	0.026	1.97570923170824e-07	c25	CASP10
6.52568769116246e-12	1.02436177108344	0.088	0.048	2.18858513786206e-07	c25	HDAC9
7.57033116903889e-12	2.33633986575518	0.015	0.003	2.53893766747226e-07	c25	CLEC20A
9.39793604378261e-12	2.22720305112537	0.022	0.007	3.15187979036381e-07	c25	TXLNB
9.52322356859417e-12	0.233077473944142	0.816	0.745	3.19389872043511e-07	c25	ZFP36L2
1.25390408883302e-11	2.06397760925352	0.021	0.006	4.20534353312818e-07	c25	KLHL14
1.3828274683052e-11	0.758009703954806	0.126	0.077	4.63772676320197e-07	c25	GNB5
1.38285089587121e-11	0.991459667154874	0.059	0.028	4.63780533457285e-07	c25	AL627171.1
1.39417910321416e-11	0.27399171782471	0.414	0.321	4.67579787635964e-07	c25	RHOB
1.76502304420953e-11	2.40684929660023	0.01	0.002	5.91953428566991e-07	c25	AC087071.1
2.09390997447906e-11	0.833525780553326	0.125	0.078	7.02255527240787e-07	c25	NRROS
2.24716200554123e-11	0.400524344487071	0.506	0.412	7.53653193418418e-07	c25	MT-ND6
2.65494218756831e-11	1.26638499613806	0.042	0.018	8.9041451086666e-07	c25	E2F5
2.8056136863653e-11	1.98510010270825	0.023	0.007	9.40946718133195e-07	c25	LARGE2
4.02592512292678e-11	0.463268094368026	0.231	0.164	1.35021476772718e-06	c25	ANKRD37
4.17722619079366e-11	0.755850223232144	0.142	0.091	1.40095811986838e-06	c25	FCHSD2
4.36901476873309e-11	0.772312441970643	0.209	0.151	1.4652801731377e-06	c25	NFKBID
4.39222168581759e-11	0.616083164058166	0.194	0.134	1.4730633089895e-06	c25	STX5
4.89963838342267e-11	0.605574695437651	0.147	0.094	1.64324072103229e-06	c25	CPEB4
5.16638734940787e-11	1.55353942029024	0.015	0.004	1.73270298924441e-06	c25	ANKRD53
7.43299886881454e-11	1.7301093787345	0.015	0.004	2.49287916062302e-06	c25	ELFN1-AS1
7.79868014079588e-11	2.97382910935929	0.01	0.002	2.61552134562012e-06	c25	AL591518.1
7.86600344817091e-11	0.305993559385326	0.45	0.375	2.63810023644756e-06	c25	HSPA1B
8.21087835477976e-11	1.82811351188045	0.012	0.003	2.75376438262604e-06	c25	AC087280.2
1.1413609987394e-10	2.28582190598488	0.015	0.004	3.82789651757219e-06	c25	ALDH1L2
1.29856623453790e-10	0.495119248311687	0.037	0.015	4.35513143739319e-06	c25	BEX5
1.7955157711409e-10	1.19070912224212	0.094	0.056	6.02180079325234e-06	c25	BCL11A
2.06548387772563e-10	0.411655187758221	0.407	0.327	6.92721982911623e-06	c25	TAF1D
2.11217371130202e-10	0.5659668382972	0.168	0.113	7.08380819296473e-06	c25	RNASE6
2.35100816114399e-10	2.37369264364755	0.015	0.004	7.88481117084473e-06	c25	AP001059.3
2.77880159466907e-10	1.1512148003445	0.05	0.024	9.31954478820114e-06	c25	LINC01215
3.00122168232702e-10	0.806431695778445	0.03	0.011	1.00654972781883e-05	c25	SERPINI1
3.63087951591072e-10	2.41994130757168	0.015	0.004	1.21772437204614e-05	c25	SGCE
3.73899950718937e-10	0.281062770755572	0.298	0.224	1.25398565472117e-05	c25	DDIT3
4.23201895864837e-10	1.8013643021856	0.048	0.023	1.41933451835149e-05	c25	SLC2A5
5.0229788300095e-10	0.334019505784793	0.244	0.176	1.68460664000859e-05	c25	PHF1
5.38794257333745e-10	4.31092941490705	0.012	0.003	1.80700818024591e-05	c25	IGHV2-70
5.53552213960503e-10	0.976952297076312	0.115	0.072	1.85650341518073e-05	c25	LHPP
5.71553760087759e-10	1.03255796624066	0.08	0.045	1.91687700058233e-05	c25	ZNF669
5.82600403047391e-10	3.36604220847333	0.022	0.007	1.95392523174034e-05	c25	IGLV8-61
6.00506598543076e-10	0.632067506829778	0.105	0.063	2.01397903019377e-05	c25	SGSM3
6.3051865072096e-10	0.818569319306093	0.155	0.106	2.11463345078796e-05	c25	SWAP70
6.54388390680125e-10	1.65081448325513	0.037	0.016	2.194687784663e-05	c25	DNMBP
6.72612236926189e-10	1.50909289319181	0.041	0.018	2.25580692020305e-05	c25	PARM1
7.09585209256173e-10	0.604855611889913	0.189	0.134	2.37980687480335e-05	c25	ZCCHC10
7.72744276010995e-10	1.97098160574713	0.027	0.01	2.59162975288567e-05	c25	ACSM3
7.92789933713092e-10	1.66081163190598	0.026	0.01	2.65885887968697e-05	c25	PRCD
8.54974330513957e-10	0.223620860979236	0.184	0.125	2.86741290967771e-05	c25	TXNDC15
8.69078157966812e-10	0.169614306494157	0.29	0.213	2.91471432618909e-05	c25	DNAJB9
9.3276566906139e-10	0.657267948866801	0.167	0.115	3.12830950089809e-05	c25	CD40
1.09707047024229e-09	0.366002156184673	0.267	0.197	3.67935494309858e-05	c25	MANF
1.11503816193342e-09	0.392285237562711	0.554	0.473	3.73961498749231e-05	c25	LSM7
1.20011082241142e-09	0.193103119414445	0.46	0.362	4.02493167620341e-05	c25	HLA-DMA
1.3079404581248e-09	0.350054816745531	0.132	0.084	4.38657070845894e-05	c25	SLAMF7
1.50127045751324e-09	0.520278226085489	0.221	0.161	5.03496086040792e-05	c25	PRDM2
1.52100670225371e-09	0.958013602192577	0.072	0.04	5.10115227801848e-05	c25	AL121944.1
1.66216767285828e-09	3.2938017248816	0.011	0.003	5.57457794123209e-05	c25	IGLV3-27
1.80564240883086e-09	0.49934851626019	0.105	0.064	6.05576351073693e-05	c25	CLPTM1L
2.05251285112796e-09	0.315791754744441	0.325	0.251	6.88371760011297e-05	c25	PER1
2.18667684089159e-09	2.13847297327111	0.02	0.007	7.33367678898221e-05	c25	LAMA5
2.29676154832771e-09	1.06802737889772	0.061	0.033	7.70287888078147e-05	c25	ZBTB16
2.34441419597665e-09	1.18425031721293	0.05	0.025	7.8626963304665e-05	c25	PGM3
2.4039711882255e-09	1.69660681343644	0.014	0.004	8.06243857107067e-05	c25	PRSS16
2.43039211984077e-09	0.259213504991261	0.44	0.356	8.15104909152199e-05	c25	PDE4B
2.45451296932456e-09	0.489616004179828	0.114	0.072	8.2319455965207e-05	c25	ZNF791
2.56908654076132e-09	1.19403309191392	0.061	0.032	8.61620244040532e-05	c25	LRRK1
2.62953335814437e-09	0.1334708809333	0.162	0.109	8.81892897654458e-05	c25	FCGR2B
2.91416558487228e-09	0.487639631080058	0.279	0.212	9.77352853854467e-05	c25	ANKRD28
3.05547164935788e-09	1.47962808824721	0.034	0.015	0.000102474408176164	c25	ST6GALNAC3
3.32585850566635e-09	0.43884183874352	0.143	0.095	0.000111542642563038	c25	EIF2AK4
3.45034486963915e-09	0.253642273390032	0.369	0.294	0.000115717666237958	c25	SSR3
3.4864667534984e-09	1.8124838038385	0.028	0.011	0.000116929121978829	c25	BEND5
3.51408836748886e-09	0.142301054091983	0.464	0.371	0.000117855495668841	c25	TAGAP
3.54399189561131e-09	0.748518676582703	0.026	0.01	0.000118858400195012	c25	KDELR3
4.58901673830186e-09	1.04776213472125	0.051	0.026	0.000153906443369168	c25	Z93930.2
5.41053574634749e-09	0.34599796851239	0.255	0.191	0.000181458547861002	c25	LMBRD1
5.43054962222715e-09	1.61472148208927	0.013	0.004	0.000182129773230254	c25	TMC3-AS1
5.77932553591789e-09	0.322290654012049	0.979	0.974	0.000193827019823614	c25	RPS8
5.86902404726945e-09	0.706947197302541	0.118	0.076	0.000196835328497323	c25	RNGTT
6.16281368118952e-09	1.44772220317724	0.02	0.007	0.000206688445239734	c25	SCAMP5
6.89979592611119e-09	0.139430463088686	0.162	0.109	0.000231405355769917	c25	ICAM2
6.99752766609962e-09	0.955489605655687	0.113	0.074	0.000234683082865649	c25	CMSS1
7.8015176265037e-09	2.17125824665907	0.02	0.007	0.000261647298157681	c25	AC099524.1
8.44361211139865e-09	1.44109139195763	0.032	0.014	0.000283181862992088	c25	RHOBTB2
9.14018103200594e-09	0.448703712667075	0.222	0.164	0.000306543391451415	c25	MKNK2
9.94205719972452e-09	0.230554331114751	0.451	0.372	0.000333436714364361	c25	SPCS2
1.11181507327717e-08	0.399720403068604	0.244	0.183	0.000372880539275699	c25	ATP2A3
1.16759647332502e-08	0.494537977075691	0.576	0.525	0.000391588505223746	c25	EZR
1.22558763766457e-08	2.14683312997351	0.018	0.006	0.000411037581919944	c25	AL359541.1
1.41136549495901e-08	0.548296320100886	0.061	0.033	0.000473343759699352	c25	U62317.5
1.41145635624151e-08	0.240551390264961	0.635	0.564	0.000473374232756278	c25	CD69
1.42793745074008e-08	0.425531538384975	0.304	0.241	0.000478901662229207	c25	SSH2
1.54887040633728e-08	1.08460618162201	0.067	0.038	0.000519460156877396	c25	LINC01857
1.60131488823096e-08	1.37819020288622	0.071	0.041	0.000537048987214901	c25	USP6NL
1.64125440025525e-08	1.90614729936896	0.037	0.017	0.000550443900757607	c25	LINC00309
1.68057783322635e-08	0.665835532099458	0.136	0.092	0.000563632193707453	c25	TMEM131L
2.46654310925846e-08	2.52999367816863	0.012	0.003	0.000827229227983102	c25	AC106882.1
2.66166113124964e-08	1.10837183046534	0.056	0.03	0.000892667910198504	c25	P2RX5
3.25148470807703e-08	0.271319176623947	0.236	0.175	0.00109048294139488	c25	PTK2B
3.99924957074659e-08	0.928497912595702	0.122	0.081	0.00134126832103699	c25	PRPSAP2
4.03479883796544e-08	0.568486493582662	0.206	0.154	0.00135319083427685	c25	GGA2
4.24745176472584e-08	1.80036877760998	0.019	0.007	0.00142451037285375	c25	JAM3
5.04999217393326e-08	0.85897104532699	0.05	0.026	0.00169366637529374	c25	LINC00662
5.10339219096768e-08	0.467403060906198	0.078	0.046	0.00171157567300674	c25	SLC25A4
6.2175959625927e-08	1.05094095229946	0.029	0.013	0.00208525733393434	c25	PDIA5
6.27377313776862e-08	2.05384480982512	0.018	0.006	0.00210409803494484	c25	LINC02413
6.29240880524137e-08	0.250978022078771	0.231	0.172	0.00211034806510185	c25	PIK3IP1
6.63443708645096e-08	0.653219378637053	0.138	0.095	0.00222505751005392	c25	MTSS1
7.021788182424e-08	0.603887673005659	0.109	0.072	0.00235496732062136	c25	PIGB
7.44342321403415e-08	0.744168103924049	0.061	0.035	0.00249637527752277	c25	BTLA
7.50150523256782e-08	0.365787185911886	0.802	0.745	0.0025158548248986	c25	LAPTM5
8.52318341455351e-08	0.359902102858408	0.105	0.067	0.00285850525357296	c25	ST6GALNAC4
9.88106386316041e-08	0.378776594594193	0.099	0.063	0.00331391119842674	c25	GMPPB
1.07594051772506e-07	0.143228511912792	0.492	0.398	0.0036084893083463	c25	CDKN1A
1.08916077697999e-07	1.82850086654556	0.014	0.004	0.00365282741383549	c25	MATN1
1.14834077967493e-07	0.225552755759084	0.167	0.118	0.00385130530687378	c25	CCDC32
1.27756924712377e-07	0.681037438443598	0.185	0.138	0.00428471174100371	c25	TRIB1
1.2878368976588e-07	0.283333293399195	0.07	0.041	0.00431914738736808	c25	SLC38A5
1.34528154652561e-07	1.99793777731193	0.015	0.005	0.00451180525073758	c25	AL354707.1
1.35007315324835e-07	1.43823606278145	0.019	0.007	0.00452787534136432	c25	AC073934.1
1.58865461915617e-07	1.88677017238215	0.014	0.004	0.00532802986172595	c25	IL12A
1.60895476883056e-07	1.07732169998952	0.038	0.019	0.00539611250370392	c25	FKBP14
1.62792546735038e-07	0.219845761849902	0.188	0.138	0.00545973643239971	c25	CALHM6
1.62979823680364e-07	0.27675192334634	0.211	0.155	0.00546601732659203	c25	CRELD2
1.67987855816682e-07	1.02123581343952	0.024	0.01	0.00563397670837988	c25	FBXO10
1.68339388948527e-07	0.585309295865542	0.031	0.014	0.00564576642655569	c25	PI3
1.70682684280653e-07	0.505093334984677	0.186	0.138	0.00572435586540453	c25	RBM38
1.83610595562654e-07	1.75440041364158	0.015	0.005	0.00615793215398028	c25	IGSF22
1.98858517148137e-07	0.453352016447357	0.136	0.095	0.00666931694811422	c25	CCR7
2.04727065078346e-07	0.905336013533154	0.089	0.057	0.00686613630859758	c25	SLC5A6
2.05942450055547e-07	0.132997084588694	0.251	0.189	0.00690689788996295	c25	LMAN1
2.10366327038868e-07	1.61221259915059	0.027	0.012	0.00705526587622955	c25	CLEC17A
2.15008465826657e-07	0.574379783004837	0.085	0.053	0.00721095392689441	c25	METTL7A
2.15466001670123e-07	0.212345609776629	0.01	0.002	0.00722629876401258	c25	IGHV3-49
2.17663024248985e-07	0.294685677087968	0.098	0.063	0.00729998250726245	c25	FAM174A
2.4108909284413e-07	1.28880106102107	0.057	0.032	0.00808564599580643	c25	ZNF395
2.51328856143415e-07	0.31742224976942	0.979	0.979	0.00842906717733787	c25	RPL18A
2.52373880787206e-07	1.0090747386164	0.063	0.037	0.0084641152138413	c25	KAT2A
2.67998734095386e-07	0.688781043724525	0.085	0.054	0.00898814154409104	c25	SHISAL2A
2.88719559942958e-07	0.325268127784544	0.598	0.516	0.00968307660136694	c25	SQSTM1
2.95628575828886e-07	1.32439147783885	0.019	0.007	0.00991479117614917	c25	LCN10
3.30342933205312e-07	3.09962329343841	0.01	0.002	0.0110790412938398	c25	FBXO16
3.34892531403402e-07	2.04418879213108	0.02	0.008	0.0112316257182073	c25	APBB2
3.51257174644635e-07	0.36614837946293	0.215	0.164	0.0117804631232318	c25	SLC44A2
3.54294728786845e-07	0.388102675077466	0.123	0.084	0.0118823366140532	c25	VCPKMT
5.16321219685212e-07	0.516616751429075	0.141	0.101	0.0173163810658026	c25	KLHL24
5.4916266663024e-07	0.394030809801673	0.294	0.241	0.018417817513445	c25	PHF20
5.65295778801848e-07	0.94391257264625	0.061	0.035	0.0189588898294564	c25	AC087623.3
6.39458480222388e-07	0.210329744546821	0.168	0.121	0.0214461585096985	c25	SEL1L
6.45822553947292e-07	1.54664904383978	0.026	0.011	0.0216595968142843	c25	KLK1
6.55553752548648e-07	0.669170026783499	0.033	0.016	0.0219859617529766	c25	TBCEL
6.89980996537708e-07	0.369023664990968	0.129	0.089	0.0231405826618817	c25	FAM214A
6.96618568299202e-07	0.146624688553004	0.729	0.635	0.0233631935436186	c25	SERP1
7.05107623780993e-07	0.499667621247549	0.147	0.106	0.0236478994863669	c25	CCDC6
7.25363090234793e-07	0.968030560352771	0.066	0.04	0.0243272273202945	c25	SIPA1L3
7.37318601353458e-07	0.99924166379081	0.026	0.012	0.0247281912521923	c25	PIK3CD-AS2
7.48289206640655e-07	0.31646784615589	0.184	0.136	0.0250961234123143	c25	TXNDC11
7.90789675792092e-07	0.82690769889206	0.083	0.053	0.0265215041467152	c25	GPR18
9.37006062407093e-07	0.94639181161982	0.105	0.072	0.0314253093210091	c25	RRM2B
9.64422874014957e-07	0.136123646406661	0.535	0.446	0.0323448143487136	c25	RNASET2
9.7728723404406e-07	0.777890719385345	0.1	0.068	0.0327762592553697	c25	MGAT5
9.97392397207355e-07	0.884135944125635	0.04	0.02	0.0334505462175403	c25	ZNF275
1.07868326533439e-06	2.20225282493866	0.014	0.005	0.0361768793527847	c25	TAS1R3
1.14439677332297e-06	0.197240872406196	0.067	0.04	0.0383807789837059	c25	MAGED1
1.21609839765079e-06	0.271403029562533	0.203	0.153	0.0407855080604121	c25	GLO1
1.2364570969389e-06	0.874053058984074	0.107	0.074	0.0414682981171369	c25	BTK
1.32020800060572e-06	0.678069817411748	0.094	0.063	0.0442771359243146	c25	KLHL5
1.35846142089111e-06	1.87639214898708	0.019	0.008	0.045560079133846	c25	CHMP4C
1.37298354628687e-06	0.486030511020213	0.083	0.053	0.0460471221753692	c25	CYSLTR1
1.38286851804009e-06	0.796825163156342	0.061	0.037	0.0463786443580286	c25	CHI3L2
1.41538918962602e-06	0.450844209655332	0.012	0.004	0.0474693226416776	c25	MMP11
1.45006468953471e-06	1.08267716174137	0.02	0.008	0.0486322695576151	c25	CNKSR2
