gene	p_val	avg_log2FC	pct.1	pct.2	p_val_adj	cluster
AL391845.1	0.000244047377288243	0.00242568147090166	0.118623962040332	0.00684904700403115	0.00273083899639093	c29
CA6	0.00385158628334122	0.00117166331232561	0.118623962040332	0.0107627881491918	0.0275425374777608	c29
CELA2A	3.49708855531778e-07	0.00591741362386366	0.355871886120996	0.0313099291612853	9.83937550069192e-06	c29
AL121992.3	0.000243974682451019	0.00276278128963034	0.118623962040332	0.00684904700403115	0.00273083899639093	c29
LINC01783	0.00231672977047434	0.00185191972548361	0.118623962040332	0.00978435286290165	0.0181365869812498	c29
CAMK2N1	0.00542230307610473	0.0140827197206788	1.66073546856465	0.801338499471645	0.0364873997926165	c29
AL359815.1	4.04294751418704e-10	0.00305110468831555	0.118623962040332	0.00195687057258033	2.34557201807464e-08	c29
RAP1GAP	0.00330349729309185	0.00363511124045798	0.237247924080664	0.0371805408790263	0.0243339978510245	c29
C1QB	0.00738783690033048	0.0112838269543806	13.2858837485172	9.99178114359516	0.0469197985628	c29
RUNX3	2.04794496936205e-05	0.160417602459949	34.994068801898	30.8275605651442	0.000330696494086493	c29
AL031432.5	2.22100427917843e-06	0.00862314894167646	0.474495848161329	0.0606629877499902	4.85066411983818e-05	c29
RSRP1	0.00014338016984543	0.160887100309644	35.9430604982206	33.4683574028414	0.00173348382706418	c29
SH3BGRL3	2.57836652519871e-05	0.137360082317584	92.4080664294187	92.4435442839811	0.000401640764152877	c29
CD52	0.00319424112486857	0.120094001308514	69.632265717675	68.4562248052914	0.0236905039464489	c29
NUDC	7.6206336171433e-12	0.241905977131671	28.7069988137604	22.0138155062424	6.29509384856532e-10	c29
LCK	2.24474162470312e-05	0.142296499248047	41.0438908659549	35.0084145434621	0.000356627875932228	c29
MACF1	5.89344628030792e-06	0.166606791480019	27.5207591933571	23.0900943211616	0.000113639901299053	c29
AL451062.1	0.000607300945123537	0.00188031104670342	0.118623962040332	0.00782748229032132	0.00587627601428717	c29
LINC01389	0.00126562407205641	0.00179922089513608	0.118623962040332	0.00880591757661148	0.0109000777296348	c29
ZFYVE9	0.00648052491340241	0.00970578623985846	0.948991696322657	0.372783844076553	0.0421454032471767	c29
SLC1A7	8.11391960468542e-06	0.00711309303272214	0.711743772241993	0.135024069508043	0.000150845141741652	c29
SSBP3-AS1	2.8658393561714e-09	0.00558528590064914	0.355871886120996	0.023482446870964	1.39296406271415e-07	c29
JUN	9.32585489396625e-08	0.286324686239402	68.8018979833926	67.3359164024891	3.11214449187901e-06	c29
FOXD3	0.00126472099428397	0.00227048209316822	0.118623962040332	0.00880591757661148	0.0109000777296348	c29
IL23R	0.000244194231921295	0.0234842101085553	2.25385527876631	0.994090250870807	0.00273083899639093	c29
AC135803.1	2.20336738897871e-08	0.00513681378786471	0.237247924080664	0.011741223435482	8.58264059135517e-07	c29
DNAJB4	5.26675059262515e-21	0.255115142178169	21.3523131672598	11.9809400806231	1.59131785022939e-18	c29
PRKACB	2.15470944990184e-13	0.225232975324587	24.0806642941874	16.418144103949	2.4088215176936e-11	c29
TGFBR3	3.47709981952167e-05	0.0587994563351983	8.30367734282325	5.18570701733787	0.000517369005089253	c29
DPYD-AS1	0.000243974682451019	0.00246650645734343	0.118623962040332	0.00684904700403115	0.00273083899639093	c29
CSF1	0.00228735189183797	0.0723164837702751	12.0996441281139	9.24621345544206	0.0179650461385312	c29
AL365361.1	0.00523282406589537	0.0342739295279698	3.6773428232503	2.27094829947947	0.0355403915597405	c29
KCNA3	0.000545899973544447	0.0553547360239564	6.9988137603796	4.59864584556377	0.00538323825719896	c29
LRIF1	0.00545043482480875	0.081773746024542	9.6085409252669	7.47915932840202	0.0366472901271924	c29
PTPN22	0.000190145025486476	0.139215508339084	29.655990510083	25.8453680873547	0.00221426523082133	c29
TSPAN2	1.42171919405218e-06	0.0498120274141577	5.10083036773428	2.51555712105201	3.32507798675886e-05	c29
CD2	1.2592156517634e-10	0.257554177329448	55.8718861209964	43.5129740518962	8.26449599390235e-09	c29
CD160	0.00304359566353842	0.0187791471139874	2.25385527876631	1.15651050839497	0.0228001142201813	c29
TXNIP	9.06892503219748e-08	0.247425017655239	46.7378410438909	42.6509725646746	3.02941840368365e-06	c29
AC243756.1	0.000244120092444178	0.00182093785154997	0.118623962040332	0.00684904700403115	0.00273083899639093	c29
AC239803.3	0.000644080061686888	0.00402193197699626	0.237247924080664	0.0293530585887049	0.00617882068331088	c29
AC239802.2	7.90109832553731e-08	0.00180772690321153	0.118623962040332	0.00293530585887049	2.68798169154121e-06	c29
LINGO4	0.000496034736606748	0.0026525045259604	0.237247924080664	0.0283746233024148	0.00497042515575653	c29
RORC	0.000618311951757258	0.0189839152897012	1.89798339264531	0.824820946342609	0.00596918429419543	c29
S100A10	1.53154734386567e-07	0.21507926593402	70.8185053380783	64.8017690109976	4.81396764935022e-06	c29
AL450992.1	7.62211399385267e-05	0.00217672439956133	0.118623962040332	0.00587061171774099	0.00100665571787437	c29
S100A6	6.14282884913468e-05	0.190573132107446	83.7485172004745	77.9216077648624	0.000841233948314736	c29
S100A4	1.27849618012927e-18	0.466512791023259	88.2562277580071	76.8052131032053	3.04100743894861e-16	c29
RPS27	5.42258136417201e-23	0.275587788266532	98.932384341637	99.086141442605	2.11468062548373e-20	c29
NUP210L	0.00037462946920622	0.0060603333043575	0.355871886120996	0.0567492466048296	0.0039251243793309	c29
PYHIN1	4.79420113020633e-05	0.0978291943317323	16.0142348754448	11.8654847168408	0.000681593546014667	c29
FCRL6	4.01125032736369e-07	0.042734596995926	4.98220640569395	2.32965441665688	1.10269929081249e-05	c29
HSPA6	4.03036071774178e-164	1.15719307460237	39.7390272835113	11.7324175179054	1.35170237751624e-159	c29
GPA33	0.000363522578871393	0.0112773010121697	1.18623962040332	0.401158467378968	0.00382668557758593	c29
CD247	0.000109119575095604	0.128503259836309	33.214709371293	28.0155375523463	0.00136249155232926	c29
XCL2	4.60289854990065e-07	0.0988698280971162	12.8113879003559	8.04371648859144	1.24997580215844e-05	c29
XCL1	1.80101249550852e-05	0.0650090160159471	9.48991696322657	5.93714531720872	0.000297255694263605	c29
FASLG	3.65333483638407e-07	0.0807321351806923	11.2692763938316	6.87252945090212	1.01849994798544e-05	c29
CACYBP	3.37935006695336e-44	0.620281647013158	51.1269276393832	36.9956166099174	5.66683212727409e-41	c29
FAM163A	4.04939530820329e-10	0.000922390663167692	0.118623962040332	0.00195687057258033	2.34557201807464e-08	c29
AL590422.1	3.39263123542559e-28	0.00188377997049301	0.118623962040332	0	1.96175976506386e-25	c29
COLGALT2	8.9084088486748e-06	0.0194827791133802	1.89798339264531	0.65261633595554	0.000162551804116896	c29
PDC	1.63283144277765e-05	0.00227432598389489	0.118623962040332	0.00489217643145082	0.000273344057276027	c29
CFHR1	0.00126502195408488	0.00223484551072138	0.118623962040332	0.00880591757661148	0.0109000777296348	c29
PTPRC	0.00199444193733921	0.093006249629733	69.1577698695136	70.3847207545693	0.0159984677575896	c29
ATP2B4	0.000785918752813639	0.102480253338795	19.9288256227758	16.4729364799812	0.0073460680345778	c29
CNTN2	1.63283144277765e-05	0.00186068386404276	0.118623962040332	0.00489217643145082	0.000273344057276027	c29
AL451060.1	3.09770475794632e-05	0.0119823494397059	0.711743772241993	0.148722163516105	0.000470094217972867	c29
TRIM17	0.0077306254506362	0.00532686247182482	0.474495848161329	0.134045634221753	0.0487532373755993	c29
AC114810.1	1.91897443222039e-06	0.00242766771047599	0.118623962040332	0.00391374114516066	4.28976080471641e-05	c29
LINC01871	3.14387709555024e-11	0.178469330292198	29.300118623962	19.9424680051661	2.32419087155428e-09	c29
LINC00299	1.5308797124735e-08	0.0322067380606252	3.08422301304864	1.0645375914837	6.17099084097791e-07	c29
U91324.1	4.04294751418704e-10	0.00271497652672488	0.118623962040332	0.00195687057258033	2.34557201807464e-08	c29
ID2	1.46649367231728e-07	0.208216970325287	48.1613285883749	42.686196234981	4.63221138656622e-06	c29
AC080162.1	7.62730973687093e-05	0.00157893097405596	0.118623962040332	0.00587061171774099	0.00100665571787437	c29
AC009242.1	6.68639285293108e-05	0.00400120757484465	0.237247924080664	0.0225040115846738	0.000903958072816838	c29
AC016907.2	0.000496034736606748	0.00308906404785361	0.237247924080664	0.0283746233024148	0.00497042515575653	c29
BIRC6-AS1	0.00385006227932077	0.00157957887473464	0.118623962040332	0.0107627881491918	0.027540495024352	c29
AC006369.1	0.000695982207027004	0.0382575749407148	4.38908659549229	2.56447888536652	0.0066030696631603	c29
CDC42EP3	5.15255488886128e-13	0.246132589890834	28.5883748517201	20.9160111150249	5.35004290596377e-11	c29
SRSF7	2.20386543163767e-11	0.248628594750248	67.7342823250297	64.5307424366952	1.6798463374151e-09	c29
AC016722.2	1.64148839451611e-05	0.00342664793293948	0.237247924080664	0.0195687057258033	0.000274164530753393	c29
RPS27A	0.00604325611203171	0.0743083707712597	98.220640569395	98.2740401549841	0.0397643169482675	c29
CCT4	5.68472145882304e-15	0.297419647791649	43.5349940688019	36.9016868224336	8.62688634778313e-13	c29
AC092567.1	1.00817551129244e-12	0.00425163567807606	0.237247924080664	0.00684904700403115	1.00631518743232e-10	c29
LINC01890	0.00384473257860829	0.00287388869146706	0.118623962040332	0.0107627881491918	0.027540495024352	c29
RAB11FIP5	0.00523871820871507	0.0192907637988998	2.01660735468565	1.04007670932645	0.0355599400010227	c29
GNLY	3.16194390845467e-16	0.474585879790673	41.0438908659549	27.9245430707213	5.95759970796363e-14	c29
CD8A	0.00572315907891334	0.096771387410808	30.8422301304864	25.9715862392861	0.0381521187017681	c29
CD8B	0.000316884438879363	0.105830531349332	25.3855278766311	20.3132949786701	0.00340303244032536	c29
PLGLB2	2.34740245900113e-05	0.00748386507984908	0.474495848161329	0.0724042111854722	0.000369784798825646	c29
FOXI3	1.91805812633822e-06	0.00187723589473962	0.118623962040332	0.00391374114516066	4.28976080471641e-05	c29
AC092683.2	0.000244120092444178	0.00190857229942872	0.118623962040332	0.00684904700403115	0.00273083899639093	c29
ZAP70	2.23804401689312e-05	0.118738831861499	25.9786476868327	20.7281515400571	0.000355732323405504	c29
LYG2	0.00126502195408488	0.00214126677825392	0.118623962040332	0.00880591757661148	0.0109000777296348	c29
IL18RAP	0.000638079618039196	0.0501244849863527	6.76156583629893	4.39806661187429	0.00613078526069233	c29
AC104655.1	0.00385006227932077	0.000847155820997839	0.118623962040332	0.0107627881491918	0.027540495024352	c29
AC012508.1	0.000607461653692337	0.00182463589514938	0.118623962040332	0.00782748229032132	0.00587627601428717	c29
MAP3K19	0.00231622917862686	0.00228622281874576	0.118623962040332	0.00978435286290165	0.0181365869812498	c29
AC009299.3	0.000663411430613932	0.00607604822517172	0.593119810201661	0.142851551798364	0.00634250072974061	c29
SLC4A10	0.00145344885694646	0.00938293361937878	1.06761565836299	0.382568196939454	0.0123002189665078	c29
DPP4	0.000255712470466147	0.0400360992363655	4.27046263345196	2.37466243982623	0.00284070382063387	c29
STAT4	1.70872838447591e-05	0.123890223147362	22.7758007117438	17.9454815858479	0.00028426256229441	c29
AC013264.1	0.00137592114235624	0.0208407187142921	1.89798339264531	0.870807404798247	0.0117359214833021	c29
HSPD1	3.47827120876363e-71	0.961728709903233	60.0237247924081	42.5893311416383	1.06049327090468e-67	c29
HSPE1	5.08326726240256e-91	1.06834978966079	77.8173190984579	63.7264686313647	3.40965234892914e-87	c29
CLK1	0.000673398415916582	0.14287355549468	43.7722419928826	43.3094595123478	0.00642515962247804	c29
NOP58	8.89561005928088e-07	0.18876546625312	33.4519572953737	29.1994442487574	2.21157131332959e-05	c29
AC114803.1	0.00126472099428397	0.00206143749551973	0.118623962040332	0.00880591757661148	0.0109000777296348	c29
UBE2F-SCLY	0.00463703516918864	0.00515347484742104	0.355871886120996	0.0782748229032132	0.0321204569900014	c29
AC012485.3	0.0064152005233886	0.00455543159068377	0.355871886120996	0.0821885640483738	0.0417972874585876	c29
ACVR2B-AS1	0.00126502195408488	0.00151478601387687	0.118623962040332	0.00880591757661148	0.0109000777296348	c29
TMA7	3.82259063954972e-06	0.101709173280575	80.6642941874259	82.4527415756722	7.79817791175296e-05	c29
CDHR4	0.000244192827924081	0.00172599734795705	0.118623962040332	0.00684904700403115	0.00273083899639093	c29
SLC38A3	0.000244411156360188	0.00156945969243529	0.118623962040332	0.00684904700403115	0.00273149828826529	c29
ARHGEF3	0.000224938736995974	0.0883291253060576	14.3534994068802	10.7862705960628	0.00256249842437873	c29
AC098479.1	1.91714224081878e-06	0.00224330799562108	0.118623962040332	0.00391374114516066	4.28976080471641e-05	c29
THOC7-AS1	0.00126562407205641	0.00175463560359161	0.118623962040332	0.00880591757661148	0.0109000777296348	c29
HTR1F	0.000607300945123537	0.00192991681214268	0.118623962040332	0.00782748229032132	0.00587627601428717	c29
CBLB	0.00102142998916704	0.118774130410296	28.4697508896797	24.9735822472702	0.00911325325264274	c29
CD96	1.15800002886999e-05	0.134864491576186	29.0628706998814	23.5127783648389	0.000203761830893188	c29
PLCXD2	0.00548681213677968	0.0375736926712303	4.86358244365362	3.21220304489061	0.036832807334531	c29
LINC02042	0.00384777730049706	0.00181214997545841	0.118623962040332	0.0107627881491918	0.027540495024352	c29
CD200R1	0.000907593299112367	0.0400335088641969	4.38908659549229	2.59872412038668	0.00827367873488191	c29
LINC02044	1.14830961092438e-14	0.00189251543877812	0.118623962040332	0.000978435286290165	1.63381691681048e-12	c29
AC093010.2	0.000973960282943761	0.064329899309813	8.06642941874259	5.6005635787249	0.00876668812919159	c29
GPR171	7.99776382341767e-05	0.0712855995145102	10.6761565836299	7.26683887127705	0.00104754303939011	c29
MBNL1	7.0684830125376e-05	0.143975671094466	55.8718861209964	55.5995851434386	0.000947100422616804	c29
LINC00880	0.00091820174981495	0.00636723727190788	0.593119810201661	0.147743728229815	0.0083522241077553	c29
LRRIQ4	0.00592399708656007	0.00202552592150662	0.118623962040332	0.011741223435482	0.0391694428010362	c29
TRA2B	0.000125103676731599	0.155134145516618	43.6536180308422	44.3994364212751	0.00153802313424647	c29
EIF4A2	0.000509689939116487	0.132265785103524	51.9572953736655	52.9959688466205	0.00508295604462942	c29
NCBP2-AS1	0.00590397443037897	0.00625214317401457	0.474495848161329	0.129153457790302	0.0391396510073236	c29
LMLN-AS1	7.90109832553731e-08	0.0025252214051145	0.118623962040332	0.00293530585887049	2.68798169154121e-06	c29
LYAR	0.00663422966045149	0.0923127565779677	17.4377224199288	14.9651677038081	0.0429451446346694	c29
NSG1	0.00240149455997775	0.0242414550637485	2.60972716488731	1.38839967124574	0.0186957577884248	c29
FGFBP2	7.86828962809568e-12	0.151831314181646	12.0996441281139	6.39016085476107	6.48370264243423e-10	c29
AC104662.2	2.72838021275483e-05	0.0038093017508216	0.237247924080664	0.0205471410120935	0.000421846551544834	c29
ARAP2	0.000660505134579512	0.126093617223653	21.1150652431791	17.9034088685374	0.00631831751384132	c29
DTHD1	5.45677574990895e-12	0.0922955725772343	8.30367734282325	3.80317795780987	4.66860574235832e-10	c29
AC095057.2	0.000278666059887537	0.00284503959039118	0.237247924080664	0.0264177527298344	0.00305821410880505	c29
HOPX	1.24435415272862e-22	0.287730144242839	33.6892052194543	20.4238581660209	4.59454625732968e-20	c29
SPINK2	0.000229399331417427	0.0174969438915384	1.89798339264531	0.775899182028101	0.00260294870920808	c29
AC111000.4	0.000606979646681646	0.00232587781967445	0.118623962040332	0.00782748229032132	0.00587627601428717	c29
SLC4A4	0.000365621902069952	0.0149619249151088	1.42348754448399	0.526398184024109	0.00384275379242308	c29
AC110615.1	0.00384625466583306	0.0017822961132106	0.118623962040332	0.0107627881491918	0.027540495024352	c29
IL2	0.0002894699407733	0.0166357140808849	1.54211150652432	0.582168995342648	0.00315510005643645	c29
INPP4B	1.18399045425761e-08	0.119264945733455	13.6417556346382	8.4957535908575	4.98412158136106e-07	c29
AC096751.2	0.00126472099428397	0.00277106484135375	0.118623962040332	0.00880591757661148	0.0109000777296348	c29
TPPP	0.000450709029406422	0.0172576181270321	1.18623962040332	0.408985949669289	0.00459309614956931	c29
LINC01511	0.000606979646681646	0.00206618648104015	0.118623962040332	0.00782748229032132	0.00587627601428717	c29
AC034229.4	1.91805812633822e-06	0.00228482337941621	0.118623962040332	0.00391374114516066	4.28976080471641e-05	c29
AC093274.1	1.64626806130342e-05	0.00255957692770535	0.237247924080664	0.0195687057258033	0.000274825974315551	c29
AC139792.1	0.00384625466583306	0.00168076229340763	0.118623962040332	0.0107627881491918	0.027540495024352	c29
IL7R	2.39394828625461e-07	0.235443859837001	34.282325029656	28.1251223044108	7.05520541515002e-06	c29
AC026741.1	7.62990886408445e-05	0.00148914864391389	0.118623962040332	0.00587061171774099	0.00100665571787437	c29
LINC00604	1.63283144277765e-05	0.00227388767640044	0.118623962040332	0.00489217643145082	0.000273344057276027	c29
PARP8	6.74225772176718e-11	0.195934510922065	30.2491103202847	22.2574458925287	4.70107774371367e-09	c29
GZMA	3.6212716030249e-24	0.467645841011215	58.4816132858837	37.5063598293609	1.61933609362999e-21	c29
GPBP1	0.00251739796236931	0.148556530075339	39.0272835112693	39.7567609878283	0.0194625386956989	c29
AC092354.1	7.61951737754309e-05	0.00107858818181618	0.118623962040332	0.00587061171774099	0.00100665571787437	c29
GFM2	2.95238763660699e-05	0.0617477281560292	5.69395017793594	3.23764236233416	0.000451103310052507	c29
F2R	0.00132043720956038	0.0545872841287494	8.54092526690392	5.99291612852726	0.011331838058914	c29
CCNH	1.31633985909667e-09	0.23970718569974	36.417556346382	30.8627842354507	6.83396380718023e-08	c29
CAMK4	1.1091661608988e-06	0.134217052218589	18.8612099644128	13.7695197839615	2.68974799018251e-05	c29
CSF2	0.000158383116018373	0.0316219792786108	2.72835112692764	1.26805213103205	0.00188564179802066	c29
HSPA4	1.55306443677544e-07	0.18155445272484	23.3689205219454	18.3906696411099	4.87702950192646e-06	c29
HSPA9	0.00109594088024808	0.1383311005946	30.011862396204	28.4147391491527	0.0096725434846737	c29
TAF7	3.74428504614783e-11	0.236581828686739	34.5195729537367	28.1534969277132	2.71809159908455e-09	c29
PCDHGB3	0.000608104883827945	0.00155605944499175	0.118623962040332	0.00782748229032132	0.00588080207434303	c29
PCDHGA6	0.00279404168555433	0.00405632355739132	0.237247924080664	0.0362021055927361	0.0212197848845383	c29
KCTD16	0.000110229824352607	0.00586432306677141	0.355871886120996	0.0499001996007984	0.00137481883567785	c29
PPP2R2B	2.92496474248562e-05	0.0615076221768408	7.71055753262159	4.72290712692263	0.000447729199148711	c29
ITK	1.79703857557844e-16	0.230480689253993	28.7069988137604	18.7487769558921	3.50401626440406e-14	c29
FAM196B	0.000607300945123537	0.00179932504130749	0.118623962040332	0.00782748229032132	0.00587627601428717	c29
FOXI1	5.30357851597669e-06	0.00975786692017136	0.474495848161329	0.0645767288951509	0.000103896855297212	c29
LINC01187	1.91897443222039e-06	0.0022651315180459	0.118623962040332	0.00391374114516066	4.28976080471641e-05	c29
DUSP1	0.000238929391876739	0.148702266287426	78.7663107947806	79.7561739266565	0.00269505478492526	c29
CBY3	0.00384625466583306	0.00164449599499341	0.118623962040332	0.0107627881491918	0.027540495024352	c29
OR2V1	3.39263123542559e-28	0.00188857267966059	0.118623962040332	0	1.96175976506386e-25	c29
AL136309.4	0.00691037378913597	0.00218926745462994	0.237247924080664	0.0420727173104771	0.0444495811545919	c29
BTN3A3	0.00369105010605657	0.0639966669413473	8.42230130486358	6.21404250322884	0.0266445196850894	c29
AL049543.1	0.00384625466583306	0.00214075987335875	0.118623962040332	0.0107627881491918	0.027540495024352	c29
HLA-B	3.55156513232455e-07	0.145238040232951	98.576512455516	97.7994990411334	9.95090989205519e-06	c29
LY6G6C	0.000435508170555142	0.00594682478353618	0.355871886120996	0.0577276818911197	0.0044639587481902	c29
HSPA1A	2.80957042224795e-98	1.63604970754778	64.7686832740214	42.1666470979609	2.3556843205338e-94	c29
HSPA1B	8.28847563778203e-102	1.44552350895486	62.2775800711744	37.4134084771633	9.26596319799779e-98	c29
TNXB	0.000107337068925299	0.00991852945898216	0.711743772241993	0.163398692810458	0.00134423846811676	c29
NCR2	0.00724717368395836	0.0101114577297081	0.711743772241993	0.247544127431412	0.0461907470567456	c29
AL136304.1	0.00592399708656007	0.00227684571973584	0.118623962040332	0.011741223435482	0.0391694428010362	c29
HSP90AB1	6.10241086027573e-76	0.835593115484719	81.8505338078292	73.0039920159681	2.27402950479919e-72	c29
CGAS	9.63088794249543e-06	0.108739376006723	10.9134045077106	7.35000587061172	0.000174030560245373	c29
AL359715.2	0.00592291609090479	0.00199790040973355	0.118623962040332	0.011741223435482	0.0391694428010362	c29
LINC02526	1.14830961092438e-14	0.00177482685284634	0.118623962040332	0.000978435286290165	1.63381691681048e-12	c29
SCML4	3.11746459531281e-05	0.0879607192367735	13.9976275207592	9.95166529685727	0.000472363579322006	c29
THEMIS	9.73483875948101e-12	0.145650085276028	17.9122182680902	10.8811788188329	7.92444228921054e-10	c29
AL355581.1	0.00134590141675816	0.0103951425816031	0.711743772241993	0.205471410120935	0.0115120738880988	c29
SAMD3	8.72732145183116e-09	0.110780602361142	14.4721233689205	8.95561817541388	3.78650591011014e-07	c29
ALDH8A1	3.76866113661415e-05	0.00814642333742175	0.474495848161329	0.0753395170443427	0.000554356829823532	c29
GRM1	0.00231622917862686	0.00134520299187236	0.118623962040332	0.00978435286290165	0.0181365869812498	c29
ULBP2	0.000826409058616095	0.0467083571151077	4.50771055753262	2.69167547258424	0.00765849875873628	c29
SYNE1	0.0012249045230149	0.0934248800908688	17.0818505338078	13.8135493718445	0.0106316894132696	c29
OPRM1	2.08471285614741e-10	0.00656133363528057	0.355871886120996	0.0205471410120935	1.28998339058066e-08	c29
SYTL3	5.57423306809265e-05	0.127398357359367	32.6215895610913	27.3159563226488	0.000775720450778801	c29
TAGAP	0.00190506128169776	0.150466791270685	37.841043890866	37.1873899260303	0.0154179404598406	c29
TCP1	8.3409582907651e-31	0.427437829724661	38.4341637010676	26.443192047278	7.17279638860718e-28	c29
MRPL18	2.75102079599831e-18	0.319052485094583	32.3843416370107	23.4393957183672	6.36301623835801e-16	c29
AL391361.3	0.00126713052475468	0.000820863147811335	0.118623962040332	0.00880591757661148	0.0109050612109886	c29
AC093627.7	2.61322900834273e-06	0.00396098301160371	0.237247924080664	0.0166333998669328	5.5646015543999e-05	c29
ZFAND2A	7.57849664556047e-42	0.480917213618618	36.8920521945433	21.4923094986498	1.15530736590367e-38	c29
HNRNPA2B1	2.69020560714927e-06	0.130690511040093	69.8695136417556	72.5245587256859	5.70677518359092e-05	c29
HOXA11	0.000271993024940436	0.00506468492400308	0.355871886120996	0.0547923760322492	0.00299674838056911	c29
AC005091.1	9.94569881761939e-05	0.00324134560233404	0.237247924080664	0.023482446870964	0.00125776337460528	c29
AC006960.2	7.62730973687093e-05	0.00159882741279743	0.118623962040332	0.00587061171774099	0.00100665571787437	c29
TRGC2	0.000798416805627083	0.0599353280338293	7.23606168446026	4.85695276114438	0.00743813967420031	c29
TRGC1	0.000738820512251377	0.0430170835341888	5.21945432977461	3.19752651559626	0.00695636225151226	c29
TRGJP1	0.000607461653692337	0.00201136573216773	0.118623962040332	0.00782748229032132	0.00587627601428717	c29
TRGV10	0.00147655676932876	0.0528456633546779	7.71055753262159	5.27767993424915	0.0124549197509426	c29
TRGV7	0.000140221594354936	0.039107090320778	4.03321470937129	2.14473014754804	0.00169958504932268	c29
STK17A	0.00511157102798457	0.115920740793369	42.2301304863582	40.9905678838402	0.0348580457780696	c29
SPDYE1	8.98740299321326e-05	0.00587862259885675	0.355871886120996	0.0489217643145082	0.00115752504449457	c29
HSPB1	5.707599140338e-63	0.806397064600844	58.0071174377224	39.8281867637274	1.47247276898966e-59	c29
ABCB1	0.000890844605281371	0.0388435169229098	5.69395017793594	3.58987906539861	0.00816092498550304	c29
AC005020.2	1.63348106849121e-05	0.00195783198962119	0.118623962040332	0.00489217643145082	0.000273344057276027	c29
MUC12	0.000493236539595648	0.0494305014189478	5.45670225385528	3.35701146726156	0.00494830004934455	c29
AC093668.2	3.39263123542559e-28	0.00233536133467274	0.118623962040332	0	1.96175976506386e-25	c29
ZC3HAV1	3.02500838137885e-12	0.271169067495458	37.3665480427046	30.5809948729991	2.69105387519056e-10	c29
TRBV28	0.000209676719391106	0.0780810593514933	13.2858837485172	9.36851786622833	0.00241156989538371	c29
TRBC1	1.52819962211285e-12	0.246450764380041	38.7900355871886	27.9871629290439	1.4519195163292e-10	c29
TRBC2	3.02267001824498e-06	0.173815972410797	49.5848161328588	43.3525106649446	6.31743723705507e-05	c29
AC073314.1	0.000202331898668965	0.00327732154549098	0.237247924080664	0.0254393174435443	0.00233349629214571	c29
DNAJB6	3.45589950864825e-22	0.377669113543025	55.8718861209964	49.8561700129153	1.19488616207263e-19	c29
CD99	1.1133862456681e-11	0.225296785349795	70.8185053380783	67.2057845094126	8.97614132385019e-10	c29
DDX3X	0.000109703754677573	0.154863785010108	45.7888493475682	45.0941254745411	0.00136876656412814	c29
AC115618.2	3.39263123542559e-28	0.00238314269477843	0.118623962040332	0	1.96175976506386e-25	c29
GAGE10	1.63218206331136e-05	0.00234841611344733	0.118623962040332	0.00489217643145082	0.000273344057276027	c29
DGKK	9.93703810377526e-05	0.0040162783765378	0.237247924080664	0.023482446870964	0.00125714214984691	c29
TSPYL2	2.47183053748063e-14	0.296292816408419	35.70581257414	27.5253414739149	3.32932741229017e-12	c29
GPR174	0.0074496083292679	0.0779304490620513	18.2680901542112	15.3839380063403	0.0472564713726096	c29
PCDH11X	1.91805812633822e-06	0.00134975144043571	0.118623962040332	0.00391374114516066	4.28976080471641e-05	c29
RPL36A	8.65205550549997e-05	0.14033097679562	64.8873072360617	65.9524089076748	0.00112252471003272	c29
MORF4L2	0.00106050135429455	0.134661088325571	21.2336892052195	18.7399710383155	0.0094092842381827	c29
MORC4	0.00103543201502915	0.0199684030444338	1.77935943060498	0.781769793745842	0.00921856090258767	c29
CLDN2	1.14830961092438e-14	0.00270073510148033	0.118623962040332	0.000978435286290165	1.63381691681048e-12	c29
NKRF	1.23628568906781e-05	0.0601755338102838	5.21945432977461	2.79832491878987	0.000215726063683435	c29
RPL39	7.30350808650239e-06	0.10220791280351	99.1696322657177	99.2730225822864	0.000137070539566378	c29
LINC01402	0.000244120092444178	0.00267021733898376	0.118623962040332	0.00684904700403115	0.00273083899639093	c29
CD40LG	6.05078333080781e-05	0.045795305264811	5.69395017793594	3.24155610347932	0.000830323941688349	c29
PRRG3	8.98519704096017e-05	0.00601053842648678	0.355871886120996	0.0489217643145082	0.00115752504449457	c29
FATE1	4.04617015744108e-10	0.00153002396087858	0.118623962040332	0.00195687057258033	2.34557201807464e-08	c29
PDZD4	0.00530089467395171	0.0110148769100016	0.948991696322657	0.364956361786231	0.0358791938597361	c29
AC004908.1	7.62730973687093e-05	0.00121785544222945	0.118623962040332	0.00587061171774099	0.00100665571787437	c29
MYOM2	2.14496223256804e-09	0.0632444724136255	5.10083036773428	2.12418300653595	1.07050213327183e-07	c29
DEFA3	0.00453101927554727	0.00465816488073676	0.237247924080664	0.0391374114516066	0.0315040568547819	c29
AC087269.1	0.00126562407205641	0.00111190536483756	0.118623962040332	0.00880591757661148	0.0109000777296348	c29
AC104964.1	0.00592183527302647	0.00286085861364914	0.118623962040332	0.011741223435482	0.0391694428010362	c29
DOK2	7.1725606569873e-11	0.236479314938207	36.2989323843416	29.7052952917694	4.98040039987661e-09	c29
FGF17	0.0059283228474584	0.00153304403101484	0.118623962040332	0.011741223435482	0.0391694428010362	c29
STMN4	0.000243974682451019	0.00212500221038335	0.118623962040332	0.00684904700403115	0.00273083899639093	c29
SARAF	6.41551761502216e-06	0.116920928272461	79.9525504151839	81.9292786975069	0.000122252062370803	c29
AC103724.4	0.000862306997047367	0.00614715962288611	0.474495848161329	0.101757269774177	0.00793852650754175	c29
AC103843.1	0.00384930048277361	0.00138098682545032	0.118623962040332	0.0107627881491918	0.027540495024352	c29
PRDM14	1.63348106849121e-05	0.00227698376845992	0.118623962040332	0.00489217643145082	0.000273344057276027	c29
AC022730.4	0.00452488519416033	0.0045776193799046	0.237247924080664	0.0391374114516066	0.0314845642410268	c29
AC027018.1	0.00231522829211635	0.00259664180868438	0.118623962040332	0.00978435286290165	0.0181365869812498	c29
AP003696.1	2.12189343242295e-07	0.0041014966974526	0.237247924080664	0.0136980940080623	6.40083835601659e-06	c29
AC108136.1	2.1274237302429e-07	0.00268695968293716	0.237247924080664	0.0136980940080623	6.41056038318837e-06	c29
FBXO32	1.52835456984939e-05	0.0708690471887103	9.01542111506524	5.67394622519667	0.000260060657349613	c29
LINC00861	2.34923444064397e-05	0.100498219474751	13.1672597864769	9.21783883213964	0.000369899646339519	c29
EEF1D	0.000962517856193253	0.0349667689562567	86.2396204033215	89.4671441430864	0.00870809923415411	c29
AC233992.2	0.00126502195408488	0.00190686418504937	0.118623962040332	0.00880591757661148	0.0109000777296348	c29
AL133480.1	2.72946215293783e-05	0.00373071298820465	0.237247924080664	0.0205471410120935	0.000421846551544834	c29
AL354694.1	0.00231572868584669	0.00265277630273929	0.118623962040332	0.00978435286290165	0.0181365869812498	c29
DNAJA1	4.3916150792839e-63	0.75828855581985	70.344009489917	57.1660600367892	1.22738322107519e-59	c29
TRBV20OR9-2	1.91989115864969e-06	0.00116643766501422	0.118623962040332	0.00391374114516066	4.28976080471641e-05	c29
RMRP	0.00505274215224137	0.0354186987874592	3.6773428232503	2.25529333489883	0.0345341076629042	c29
AL133410.1	9.97553065301239e-07	0.0110300994607235	0.948991696322657	0.193730186685453	2.44560926199364e-05	c29
FAM189A2	1.62013058947914e-10	0.00240007838768184	0.237247924080664	0.00880591757661148	1.03300265608273e-08	c29
ANXA1	8.94442451899592e-14	0.339898884437713	54.9228944246738	45.5275723063677	1.08146210351017e-11	c29
RORB	0.000342360134342416	0.0145078561852313	0.948991696322657	0.284724668310438	0.00363955221599407	c29
C9orf153	0.00592291609090479	0.00200039618562564	0.118623962040332	0.011741223435482	0.0391694428010362	c29
SEMA4D	1.79902112844309e-05	0.148452405178383	26.5717674970344	22.3993190090407	0.000297073218147339	c29
AL158071.1	0.000277673010467582	0.00448682594345835	0.237247924080664	0.0264177527298344	0.00305130977230071	c29
MUSK	0.000243974682451019	0.00286450749211391	0.118623962040332	0.00684904700403115	0.00273083899639093	c29
STOM	1.75330472180886e-06	0.160568027371887	22.3013048635824	17.7791475871786	3.99632374250331e-05	c29
WDR38	0.00384473257860829	0.00229778172292085	0.118623962040332	0.0107627881491918	0.027540495024352	c29
PRRT1B	1.91989115864969e-06	0.00132841485124516	0.118623962040332	0.00391374114516066	4.28976080471641e-05	c29
AL592301.1	0.000606979646681646	0.00260335944132226	0.118623962040332	0.00782748229032132	0.00587627601428717	c29
CLIC3	1.79618398923396e-07	0.120512114222298	16.7259786476868	11.2520057923369	5.56025030430564e-06	c29
AC136475.3	1.06369622140699e-07	0.025709145495295	2.13523131672598	0.648702594810379	3.4974748895635e-06	c29
IFITM2	1.02086617161967e-11	0.269142580398464	79.8339264531435	75.9715862392861	8.27000233424648e-10	c29
IFITM1	1.37025409434502e-19	0.49820112307772	83.3926453143535	68.2419474775938	3.45530690346942e-17	c29
ANO9	0.00191715389133064	0.0382682621527671	4.86358244365362	3.05467496379789	0.0154821832909817	c29
OR52H1	1.91805812633822e-06	0.00190008528081173	0.118623962040332	0.00391374114516066	4.28976080471641e-05	c29
LDHC	0.000494888566822309	0.00444645452085573	0.237247924080664	0.0283746233024148	0.00496190515817238	c29
AC100768.2	3.39263123542559e-28	0.00215308517640257	0.118623962040332	0	1.96175976506386e-25	c29
RAG1	0.00523888316372632	0.0043557048809819	0.237247924080664	0.0401158467378968	0.0355599400010227	c29
AC018410.1	0.00159198089244397	0.00520864430149456	0.237247924080664	0.0332667997338656	0.01323218219846	c29
AP000790.2	3.39263123542559e-28	0.00105806741263666	0.118623962040332	0	1.96175976506386e-25	c29
CD6	0.000798303852187804	0.0984481950670102	24.0806642941874	20.0960823451137	0.00743813967420031	c29
AHNAK	1.19920682587671e-07	0.210361023516954	37.2479240806643	32.6327736683496	3.88214271488928e-06	c29
AP002990.1	0.00401416378446923	0.0185016885644647	1.66073546856465	0.785683534891002	0.0284985234977834	c29
RARRES3	3.14623011415601e-11	0.24666292424932	48.1613285883749	39.9250518570702	2.32419087155428e-09	c29
STIP1	3.59519524648065e-16	0.257480458168686	24.3179122182681	16.1295056944934	6.69864767647045e-14	c29
MALAT1	3.92359794519229e-27	0.387103750523306	99.7627520759193	98.6282337286212	2.12241335299773e-24	c29
CTSW	1.58822683786069e-08	0.168309607642502	28.1138790035587	20.1909905678838	6.3741144056528e-07	c29
AP002336.2	1.91805812633822e-06	0.00162722519037274	0.118623962040332	0.00391374114516066	4.28976080471641e-05	c29
SERPINH1	4.39874847660827e-55	0.257937773243715	15.7769869513642	4.66420100974522	8.67795449461695e-52	c29
SYTL2	2.1089078266009e-05	0.0849150427070142	11.7437722419929	7.95174357168017	0.000339388439004515	c29
CCDC83	0.00453668818952947	0.0027519454162827	0.237247924080664	0.0391374114516066	0.0315339789638216	c29
CCDC81	2.88156061215068e-05	0.0102067445629874	0.593119810201661	0.108606316778208	0.000442701694046311	c29
NAALAD2	1.47940256319534e-06	0.0111054381798425	0.711743772241993	0.12132597549998	3.43840631770239e-05	c29
CHORDC1	1.91059119906859e-41	0.474894521751535	36.417556346382	21.3660913467183	2.78597424497227e-38	c29
DYNC2H1	0.00075247822764156	0.0267594816211745	2.37247924080664	1.14183397910062	0.00707106046473596	c29
PDGFD	0.00165243738908345	0.0218168055294019	2.37247924080664	1.193691049274	0.0136635712907004	c29
CD3E	1.43190054454898e-21	0.448750772184272	71.6488730723606	53.1603459747172	4.57362671076986e-19	c29
CD3D	4.13769000494075e-09	0.261285258531969	59.0747330960854	46.6694062854683	1.93542325503072e-07	c29
CD3G	1.25593918607955e-09	0.201007771799762	37.3665480427046	28.8335094516849	6.58151381605252e-08	c29
HSPA8	1.4289142502144e-62	0.691367132273537	84.2230130486358	76.6711674689836	3.42306615169219e-59	c29
FEZ1	0.00536650004042158	0.0173667178412658	2.01660735468565	1.04007670932645	0.0361917712358052	c29
KCNJ1	2.72459663261555e-05	0.00346151259694515	0.237247924080664	0.0205471410120935	0.000421483034431091	c29
ADAMTS15	0.00592291609090479	0.00177380173287123	0.118623962040332	0.011741223435482	0.0391694428010362	c29
LINC02551	0.00194036769944703	0.0041244078085717	0.237247924080664	0.0342452350201558	0.0156245022578762	c29
B3GAT1	0.000504050928394156	0.0207649545611165	1.89798339264531	0.815036593479707	0.00503671255478765	c29
CELF2	0.00717364528426206	0.120397132564912	39.0272835112693	39.2313412390904	0.0458266124844916	c29
ARMC3	0.00126472099428397	0.00289123667744528	0.118623962040332	0.00880591757661148	0.0109000777296348	c29
AL365203.2	0.00320794322469402	0.0140114600124831	1.42348754448399	0.621306406794255	0.0237711002805541	c29
GJD4	7.905819324069e-08	0.00226811300864917	0.118623962040332	0.00293530585887049	2.68798169154121e-06	c29
ZNF365	0.000445524186401949	0.0121541721232565	1.18623962040332	0.407029079096708	0.00455125152415098	c29
PRF1	0.000590813773016169	0.110259206268112	30.723606168446	25.4500802316935	0.0057550718325345	c29
DDIT4	0.000584939357099105	0.159565651396457	48.6358244365362	47.4971625376698	0.00570613617172478	c29
PLCE1	0.00080384572213869	0.00798155333368732	0.593119810201661	0.145786857657235	0.00748455797587101	c29
AL139241.1	0.00126592523025329	0.00149445084761685	0.118623962040332	0.00880591757661148	0.0109000777296348	c29
KCNIP2-AS1	5.12682262052469e-06	0.00380008341107252	0.237247924080664	0.017611835153223	0.000100746718990948	c29
BORCS7-ASMT	4.04294751418704e-10	0.00227069347200776	0.118623962040332	0.00195687057258033	2.34557201807464e-08	c29
SORCS1	1.10684660044084e-17	0.00451743523206973	0.355871886120996	0.0107627881491918	2.44219876878848e-15	c29
BAG3	1.92077497381296e-124	0.753525047104574	39.8576512455516	14.1481742397558	3.22094755358695e-120	c29
AL731566.1	0.000607140276122945	0.0020741379236185	0.118623962040332	0.00782748229032132	0.00587627601428717	c29
AL157832.1	0.00231723046140663	0.00163089562721444	0.118623962040332	0.00978435286290165	0.0181365869812498	c29
SLC6A13	4.69892986710734e-05	0.00627521775193405	0.355871886120996	0.0459864584556377	0.000670892762379932	c29
FBXL14	5.79015648846776e-11	0.0509440548467216	3.6773428232503	1.20836757856835	4.09684110359139e-09	c29
CACNA1C-AS2	5.34302139582553e-06	0.00839475595532204	0.474495848161329	0.0645767288951509	0.000104303988110126	c29
FKBP4	8.58538847661194e-56	0.503191742432814	30.9608540925267	14.5777073304372	1.79960474205382e-52	c29
KLRG1	1.14420430226997e-06	0.0896321354324009	10.4389086595492	6.48017690109976	2.76671405115575e-05	c29
A2M-AS1	0.000395449399428257	0.0149697301119523	1.30486358244365	0.465735196274118	0.00411753553493477	c29
KLRB1	5.58939488284239e-31	0.380376582438431	35.349940688019	19.756565300771	5.06640879948022e-28	c29
CD69	1.01380553467972e-09	0.293767140480753	63.4638196915777	56.4586513248014	5.36293533471427e-08	c29
KLRF1	2.27293234525779e-06	0.0507257005038244	6.76156583629893	3.65249892372118	4.94355415014628e-05	c29
CLEC2B	5.82344045485684e-09	0.226537697129082	46.7378410438909	40.6598567570741	2.6215643755032e-07	c29
KLRD1	2.90538030185105e-07	0.130278680705186	22.1826809015421	15.6471370983523	8.3928203758381e-06	c29
AC022075.3	0.00126502195408488	0.00217993807520041	0.118623962040332	0.00880591757661148	0.0109000777296348	c29
KLRC4-KLRK1	0.000698532249666166	0.0184074081029927	1.66073546856465	0.688818441548276	0.00662538874131897	c29
KLRC4	0.000661826180065465	0.0244312125061054	2.84697508896797	1.44319204727799	0.00632914925207743	c29
KLRC1	5.02193665970283e-06	0.0926531192846788	13.4045077105575	8.90767484638566	9.90739480547726e-05	c29
LINC02446	0.00158120637897912	0.0842826119724422	13.0486358244365	9.94383781456694	0.0131556684540317	c29
REP15	0.00126592523025329	0.000920248226039075	0.118623962040332	0.00880591757661148	0.0109000777296348	c29
KIAA1551	0.000910493790735405	0.139662808861193	32.858837485172	30.1661383116121	0.00829561009336702	c29
KIF21A	0.000343139233440739	0.0696476363722233	8.89679715302491	6.11913428045869	0.00364581089492776	c29
AC079601.1	9.88843535485353e-06	0.00433366496424763	0.355871886120996	0.0401158467378968	0.000178160407735143	c29
SLC38A1	0.000963567101816129	0.122884395393456	29.8932384341637	27.0185119956166	0.00871054271178149	c29
AC074029.3	6.6651764859548e-05	0.00423537105513871	0.237247924080664	0.0225040115846738	0.000901721214142606	c29
CCDC65	1.90281094060834e-05	0.015516443737214	1.42348754448399	0.438339008257994	0.000311956487338283	c29
WNT10B	2.12078666324533e-07	0.0163306773057583	1.06761565836299	0.218191068842707	6.40083835601659e-06	c29
AC025259.1	5.41931255722604e-07	0.0022273762790096	0.237247924080664	0.0146765292943525	1.43225299089241e-05	c29
KRT81	0.0012001133154226	0.0204409234134052	2.84697508896797	1.4823294587296	0.0104571058385667	c29
RPS26	8.47536754084789e-18	0.246542530470748	92.0521945432977	92.9503737622794	1.88417073922407e-15	c29
RPL41	7.08406573012076e-23	0.208072811258149	95.9667852906287	96.6018942507143	2.69983405064534e-20	c29
AC034102.7	1.91989115864969e-06	0.00138895819322914	0.118623962040332	0.00391374114516066	4.28976080471641e-05	c29
PTGES3	1.29074245088101e-15	0.30235589904316	58.6002372479241	54.6955109389065	2.21994463167422e-13	c29
HELB	4.58316348934272e-05	0.0923908229030458	10.2016607354686	6.91166686235372	0.000656600329370253	c29
IFNG	4.34632038860646e-21	0.33526108543893	30.723606168446	18.7262729443075	1.32515357448258e-18	c29
LINC00615	1.91805812633822e-06	0.00290252112774258	0.118623962040332	0.00391374114516066	4.28976080471641e-05	c29
C12orf75	9.21478018038532e-06	0.151175743533738	30.2491103202847	25.1095847520645	0.000167413487372569	c29
CRY1	3.56904428330942e-05	0.0929800532201221	13.5231316725979	9.69335838127666	0.000528937725027094	c29
AC126177.8	1.63283144277765e-05	0.00237091712473861	0.118623962040332	0.00489217643145082	0.000273344057276027	c29
AC083806.3	7.61951737754309e-05	0.00208135037715716	0.118623962040332	0.00587061171774099	0.00100665571787437	c29
TESC-AS1	0.00220333691529598	0.00501532000525713	0.355871886120996	0.0704473406128919	0.0174035594595376	c29
DYNLL1	3.1988098223922e-06	0.170876754229042	51.6014234875445	50.6927321826934	6.6305119791959e-05	c29
LRRC43	0.00655389948506213	0.00767886162110201	0.474495848161329	0.131110328362882	0.0425318655050336	c29
UBC	5.19123835359506e-56	0.677218279657907	89.5610913404508	87.0562795976674	1.16069167935247e-52	c29
LINC00944	0.00602036935100832	0.0357589596870416	4.27046263345196	2.75136002504794	0.0396604099968802	c29
ADGRD1-AS1	0.00231622917862686	0.00183330884809926	0.118623962040332	0.00978435286290165	0.0181365869812498	c29
AC131009.1	0.00231723046140663	0.00090120779591365	0.118623962040332	0.00978435286290165	0.0181365869812498	c29
C1QTNF9	7.61951737754309e-05	0.00306294265841602	0.118623962040332	0.00587061171774099	0.00100665571787437	c29
LINC00427	7.37914630807076e-08	0.00320101897604733	0.237247924080664	0.0127196587217721	2.54349238314571e-06	c29
USPL1	0.000135956689999602	0.0951389880266562	11.1506524317912	8.03295370044225	0.00165446860276003	c29
ALOX5AP	0.0015693276155835	0.135386278671923	55.5160142348754	51.7641188211812	0.0130894493412991	c29
HSPH1	3.93277444747744e-89	1.09084247194061	58.4816132858837	36.2921216390748	2.19828982365831e-85	c29
AL161719.1	7.62990886408445e-05	0.00151969587726753	0.118623962040332	0.00587061171774099	0.00100665571787437	c29
NAA16	0.000414141921204174	0.0758921135055424	8.89679715302491	6.21110719736997	0.00428820369044321	c29
TNFSF11	0.00291501617018322	0.0109698140531474	1.06761565836299	0.408007514382999	0.0219595265758322	c29
CPB2	0.00592183527302647	0.00261815603263395	0.118623962040332	0.011741223435482	0.0391694428010362	c29
LCP1	2.3235461768121e-06	0.168604049834735	57.7698695136418	55.159289264608	5.03730392229634e-05	c29
DCT	0.000606979646681646	0.00213220255661141	0.118623962040332	0.00782748229032132	0.00587627601428717	c29
AL138689.2	1.63218206331136e-05	0.0018530646500425	0.118623962040332	0.00489217643145082	0.000273344057276027	c29
LINC00396	0.00592507826001769	0.00195066747459412	0.118623962040332	0.011741223435482	0.0391694428010362	c29
OR11G2	3.39263123542559e-28	0.00191795824308619	0.118623962040332	0	1.96175976506386e-25	c29
AL163636.1	0.000607461653692337	0.00141474796811005	0.118623962040332	0.00782748229032132	0.00587627601428717	c29
RNASE1	7.70194774128428e-11	0.125277483640339	10.5575326215896	5.45086297992251	5.30406413443927e-09	c29
TRAV9-1	0.000278363475697091	0.00479906417395521	0.237247924080664	0.0264177527298344	0.00305689399080846	c29
TRDC	7.53503019633808e-05	0.053335591603569	8.30367734282325	5.21506007592658	0.00100083106029618	c29
TRAJ37	2.61892742452701e-06	0.00413133955804016	0.237247924080664	0.0166333998669328	5.57319720582404e-05	c29
GZMH	1.44200486627986e-12	0.245415693224888	36.061684460261	25.2035145395484	1.38572949012303e-10	c29
GZMB	4.57414869046013e-13	0.314368681244599	46.7378410438909	33.1161206997769	4.85467717660291e-11	c29
RPS29	2.24094694575329e-21	0.283503000637449	91.3404507710557	89.7420844585339	6.95897024691424e-19	c29
GNG2	9.98304281437871e-07	0.17953777143762	46.0260972716489	40.7254119212555	2.44566318413903e-05	c29
PTGDR	1.27852959507454e-08	0.0475505095573687	5.10083036773428	2.20050095886658	5.31342324158735e-07	c29
SYNE2	8.44270577694969e-14	0.243091355075459	32.6215895610913	23.300457907714	1.02591110995413e-11	c29
LINC02324	4.35098699546848e-05	0.00308225343261596	0.237247924080664	0.0215255762983836	0.000628980180405266	c29
SRSF5	0.00637717664403612	0.0680993401852381	62.9893238434164	67.4591992485617	0.0416023634093918	c29
LINC01269	0.00688571445266801	0.00375742811973736	0.237247924080664	0.0420727173104771	0.0443249695419539	c29
FOS	0.00598337088688507	0.158578608851224	67.6156583629893	71.5529724863998	0.0394787119426228	c29
LINC02289	0.00234162482698404	0.00382280400890888	0.237247924080664	0.0352236703064459	0.0182976266186838	c29
NGB	7.90109832553731e-08	0.0020809586854714	0.118623962040332	0.00293530585887049	2.68798169154121e-06	c29
AHSA1	4.13339812036612e-43	0.439755013754946	33.6892052194543	18.6391922038276	6.60123362670661e-40	c29
AL356805.1	3.39263123542559e-28	0.00209822077548194	0.118623962040332	0	1.96175976506386e-25	c29
CALM1	7.4900394876816e-07	0.135158972015735	78.1731909845789	78.6564126648664	1.90448024516957e-05	c29
CATSPERB	0.00244319806191577	0.00475245449310835	0.355871886120996	0.071425775899182	0.0189890492586033	c29
TC2N	3.81644579726251e-09	0.121230393596961	15.0652431791222	9.39004344252671	1.79769605545773e-07	c29
IFI27	0.000174757377957796	0.10028896988986	11.6251482799526	8.13666784078901	0.00205793993748194	c29
EVL	1.908894299768e-06	0.178409146222078	49.7034400948992	45.5432272709483	4.28976080471641e-05	c29
AL845552.2	3.39263123542559e-28	0.00152310242287558	0.118623962040332	0	1.96175976506386e-25	c29
PPP2R5C	1.75509766978837e-15	0.278781054601686	39.8576512455516	30.5320731086846	2.88541498281188e-13	c29
HSP90AA1	7.68709983234834e-80	1.01935460694229	85.8837485172005	79.1524793550155	3.22262442721623e-76	c29
CRIP1	0.00267963621756657	0.137073810178413	79.0035587188612	76.6075691753747	0.0204994615567399	c29
SNURF	0.000541874957823026	0.0231008224159632	2.01660735468565	0.89428985166921	0.00535478587957723	c29
FSIP1	0.00228624609186782	0.011503620206874	0.948991696322657	0.335603303197527	0.0179611434596071	c29
SRP14	0.00457079662335155	0.0388397598151575	72.5978647686833	76.3707878360925	0.0317250366626582	c29
UBR1	0.00604612813434703	0.0775978169344644	10.7947805456702	8.55739501389378	0.0397752354735936	c29
SERINC4	0.000994163092995651	0.00502589825704199	0.355871886120996	0.0635982936088607	0.00891742225538597	c29
B2M	1.90586854307583e-12	0.182645779627005	99.8813760379597	99.7142968964033	1.79547806735048e-10	c29
AC023906.2	0.00384625466583306	0.00174773383468227	0.118623962040332	0.0107627881491918	0.027540495024352	c29
RORA	6.85570562242301e-07	0.151331696125211	26.3345195729537	20.3250362021056	1.76324122058913e-05	c29
RAB8B	0.00774253312627014	0.107858409265206	24.5551601423488	22.6811083714923	0.0488099766896331	c29
AC079322.1	0.00782636946711111	0.00471463477295448	0.237247924080664	0.0430511525967672	0.0492197124109876	c29
AC091100.1	0.00126622645460842	0.00114567727835302	0.118623962040332	0.00880591757661148	0.0109000777296348	c29
DNAJA4	8.89470374133436e-49	0.310307634731782	18.3867141162515	6.53399084184572	1.57005565303617e-45	c29
CHRNA5	0.00457771166185816	0.0232675474480398	2.13523131672598	1.1144377910845	0.0317664584554933	c29
AC048382.4	3.39263123542559e-28	0.00313231829031653	0.118623962040332	0	1.96175976506386e-25	c29
AC021739.2	0.000149190314913866	0.00734600688611672	0.474495848161329	0.0851238699072443	0.00179274266627776	c29
KLHL25	3.91343565819555e-08	0.0311994342587876	2.37247924080664	0.738718641149074	1.44547142185641e-06	c29
SPATA41	0.00129543998663072	0.00330558143624485	0.237247924080664	0.0322883644475754	0.0111372638481469	c29
IL32	1.84536458559522e-39	0.681693021592691	79.9525504151839	56.0995655747329	2.57874322798718e-36	c29
ZSCAN10	1.14968332150776e-14	0.00223933541816969	0.118623962040332	0.000978435286290165	1.63381691681048e-12	c29
AC006111.1	3.39263123542559e-28	0.00222105858035925	0.118623962040332	0	1.96175976506386e-25	c29
NPIPA2	0.000202006197307663	0.00380215634474542	0.237247924080664	0.0254393174435443	0.00233136067346048	c29
ABCC1	7.95249250544406e-05	0.0824439398347997	11.2692763938316	7.91554146608743	0.00104306098415167	c29
AC092338.1	4.30667981313663e-08	0.00570473437070259	0.355871886120996	0.0273961880161246	1.57855112101613e-06	c29
GTF3C1	4.64375389185504e-07	0.110396272053236	13.4045077105575	8.87636491722438	1.25903167360577e-05	c29
NUPR1	0.000102444572437527	0.0526010225011199	4.62633451957295	2.54588861492701	0.00129067846371516	c29
AC009086.2	0.00126562407205641	0.00180781052597032	0.118623962040332	0.00880591757661148	0.0109000777296348	c29
SEPT1	0.00607098321972319	0.0940873438060892	34.1637010676157	31.0075926578216	0.0398997913429505	c29
AC009088.2	0.00524101197537979	0.00333609925149724	0.237247924080664	0.0401158467378968	0.0355671913456672	c29
COX6A2	0.00231923421633387	0.00103774697128992	0.118623962040332	0.00978435286290165	0.0181480347987413	c29
AC018845.1	3.39263123542559e-28	0.00273248586990189	0.118623962040332	0	1.96175976506386e-25	c29
ADCY7	0.0060591093495731	0.0835005396039369	13.2858837485172	10.9046612657039	0.0398295588722035	c29
AC007493.2	7.62211399385267e-05	0.00196034490141828	0.118623962040332	0.00587061171774099	0.00100665571787437	c29
RBL2	0.00055143413631746	0.119450515702778	22.0640569395018	18.6783296152792	0.00543301940770122	c29
MT2A	1.64468905235134e-15	0.579587940599916	52.4317912218268	45.0549880630895	2.74425778297309e-13	c29
MT1E	4.8532804050179e-37	0.545127633161495	25.6227758007117	12.8634887088568	5.81318993655322e-34	c29
MT1M	0.000534330099212354	0.024198970503528	1.77935943060498	0.747524558725686	0.00529405106865109	c29
MT1F	9.72590627374687e-13	0.248848605698515	21.1150652431791	14.0199992172518	9.76609115595576e-11	c29
MT1G	7.70684692172155e-38	0.215070581746017	10.4389086595492	2.95193925873743	9.94123969464221e-35	c29
MT1X	1.72461283936683e-24	0.633439285647941	40.8066429418743	30.2796368048217	7.92329663105268e-22	c29
ADGRG1	0.00569019973791402	0.0461643064376741	8.18505338078292	5.98313177566436	0.0379550355628799	c29
TAT	0.000243974682451019	0.00173648650785214	0.118623962040332	0.00684904700403115	0.00273083899639093	c29
MLKL	0.00222507185812827	0.0871962966972264	8.06642941874259	5.87746076474502	0.017550437436008	c29
AC138028.1	0.000244047377288243	0.00290293462579914	0.118623962040332	0.00684904700403115	0.00273083899639093	c29
LINC02138	0.000244120092444178	0.00185365128999378	0.118623962040332	0.00684904700403115	0.00273083899639093	c29
AC144836.1	1.91714224081878e-06	0.00244302766410568	0.118623962040332	0.00391374114516066	4.28976080471641e-05	c29
ACAP1	0.000303931760310163	0.130877840780516	35.1126927639383	31.7864271457086	0.00328814947654267	c29
VAMP2	0.00230942514852758	0.105982359915208	26.3345195729537	23.3415521897382	0.0181220169937571	c29
AC129492.4	0.00592399708656007	0.00181558902835175	0.118623962040332	0.011741223435482	0.0391694428010362	c29
UBB	6.54552787517878e-49	0.557312172825341	79.7153024911032	74.9138976948065	1.21957729932081e-45	c29
AC122129.1	1.91714224081878e-06	0.00200758796612189	0.118623962040332	0.00391374114516066	4.28976080471641e-05	c29
AC024267.5	1.01239253449138e-12	0.00318974526066619	0.237247924080664	0.00684904700403115	1.00752584040866e-10	c29
SLFN12L	0.00119297003996702	0.0736608579788748	11.2692763938316	8.42726312081719	0.0104029717109761	c29
CCL5	8.62766954343476e-73	1.13764807430064	81.4946619217082	46.3876169230167	2.89354781147715e-69	c29
C17orf78	0.00384625466583306	0.00162267709631218	0.118623962040332	0.0107627881491918	0.027540495024352	c29
AC009283.1	9.57860791622967e-05	0.012264188505759	0.830367734282325	0.208406715979805	0.00122100856060247	c29
KRTAP4-12	0.000244120092444178	0.0014070186217433	0.118623962040332	0.00684904700403115	0.00273083899639093	c29
AC018521.7	0.000607140276122945	0.00189433349158082	0.118623962040332	0.00782748229032132	0.00587627601428717	c29
SKAP1	0.000240950979043305	0.107332398197581	27.2835112692764	22.794606864702	0.00271174964266925	c29
FLJ45513	0.00307988426050864	0.00608654991057448	0.474495848161329	0.11839066964111	0.0230205389634363	c29
DDX5	5.0903918192461e-06	0.0926961188910598	76.3938315539739	80.1720089233298	0.000100129947703153	c29
PRKCA-AS1	1.39434573092872e-05	0.00653538053140528	0.474495848161329	0.0694689053266017	0.000240306100328301	c29
AC002546.1	3.39263123542559e-28	0.00218640205831229	0.118623962040332	0	1.96175976506386e-25	c29
TSEN54	1.74855463378239e-06	0.133150996421465	20.5219454329775	15.3653477359007	3.99203712102067e-05	c29
JMJD6	0.00118811832969796	0.116805090621434	22.5385527876631	19.6939454424484	0.010367491468539	c29
RNF213	5.10113078737791e-05	0.171067543681996	42.1115065243179	39.4779069312356	0.000719132931261371	c29
CD7	2.36430228480709e-07	0.247112621966681	59.9051008303677	48.3953661304841	6.97928842838198e-06	c29
YES1	8.37279867218428e-06	0.0687895543700348	7.47330960854092	4.41959218817267	0.000155227706947328	c29
MYL12A	5.28149495760293e-14	0.233025863627665	78.7663107947806	76.510704082032	6.68418029766366e-12	c29
AP001099.1	1.63218206331136e-05	0.00239673386653138	0.118623962040332	0.00489217643145082	0.000273344057276027	c29
GNAL	0.00142275771921292	0.0145768702943782	1.30486358244365	0.513678525302336	0.0120709457088194	c29
DSC1	0.00126502195408488	0.00183360093127488	0.118623962040332	0.00880591757661148	0.0109000777296348	c29
RNF125	5.55284280922223e-06	0.115887067262339	17.7935943060498	13.0777660365543	0.00010771037717507	c29
MAPRE2	1.41004274994692e-05	0.151048282344954	29.4187425860024	25.0499001996008	0.00024276187755503	c29
SLC14A1	6.69129737873146e-09	0.0399512123938563	3.44009489916963	1.22793628429416	2.96059012517013e-07	c29
CFAP53	0.00175657577156159	0.00746068015243812	0.593119810201661	0.158506516379007	0.0144004004465003	c29
AC090377.1	0.000606979646681646	0.00228862646643076	0.118623962040332	0.00782748229032132	0.00587627601428717	c29
CD226	0.00669766128918089	0.0598846584028386	9.9644128113879	7.69735039724473	0.0432889119900846	c29
C18orf63	3.39263123542559e-28	0.00177589228250667	0.118623962040332	0	1.96175976506386e-25	c29
AC124254.1	0.000607461653692337	0.00170092695875949	0.118623962040332	0.00782748229032132	0.00587627601428717	c29
PROKR2	7.91054305430011e-08	0.00178501893395857	0.118623962040332	0.00293530585887049	2.68798169154121e-06	c29
DSTN	0.00364226144221867	0.120947640660813	25.2669039145907	23.2476224022543	0.0263376809506532	c29
AL390037.1	0.00126472099428397	0.00171482982954598	0.118623962040332	0.00880591757661148	0.0109000777296348	c29
AL110503.1	7.91054305430011e-08	0.000857812821254426	0.118623962040332	0.00293530585887049	2.68798169154121e-06	c29
CST7	2.68922321203554e-11	0.290719665064852	55.6346381969158	44.8729990998395	2.01658950064514e-09	c29
AL034550.2	0.000134634035812876	0.00373717562839862	0.355871886120996	0.0508786348870886	0.0016401584791472	c29
ITCH-AS1	1.63413094054039e-05	0.00166051585261119	0.118623962040332	0.00489217643145082	0.000273344057276027	c29
MYH7B	0.000670597576326898	0.00541432814392811	0.355871886120996	0.0606629877499902	0.00640390134249758	c29
NFATC2	0.00666831754542174	0.0885892524686054	20.0474495848161	17.3730969433682	0.0431241870108666	c29
AL035541.1	0.00592399708656007	0.00178383696421172	0.118623962040332	0.011741223435482	0.0391694428010362	c29
C20orf197	8.9427370566633e-05	0.0118902732178482	0.830367734282325	0.207428280693515	0.00115310078972078	c29
RPS21	5.82356980451733e-07	0.105434932972475	95.1364175563464	96.0334233493797	1.52945093268522e-05	c29
MIR1-1HG-AS1	0.00604190102059864	0.00285469123707665	0.237247924080664	0.0410942820241869	0.0397632018109963	c29
LIME1	1.82982164804242e-07	0.134108342211778	19.5729537366548	14.0826190755743	5.6353129873321e-06	c29
GZMM	1.18054430221945e-17	0.248262324897839	33.4519572953737	22.1478611404642	2.58778397436837e-15	c29
PRSS57	0.0014971395120862	0.00951888459454698	0.948991696322657	0.321905209189464	0.0125968552324002	c29
PRTN3	0.000607140276122945	0.00190528127375573	0.118623962040332	0.00782748229032132	0.00587627601428717	c29
MUM1	9.98065018468673e-06	0.0827702193567076	8.54092526690392	5.32464482799108	0.000179673132524972	c29
AC005954.2	1.00817551129244e-12	0.00421222338517926	0.237247924080664	0.00684904700403115	1.00631518743232e-10	c29
MATK	5.72939485534081e-12	0.15522114998624	18.0308422301305	11.0709952643732	4.88057825626942e-10	c29
TNFSF14	2.75597126229571e-35	0.223466386087892	16.3701067615658	6.34319596101914	3.18723324809909e-32	c29
S1PR5	4.05152733303119e-05	0.032758173126329	5.45670225385528	2.99009823490274	0.000591297318081811	c29
AC020934.2	7.61951737754309e-05	0.00180229347798994	0.118623962040332	0.00587061171774099	0.00100665571787437	c29
AC008686.1	0.00604728742560242	0.00200400546731759	0.237247924080664	0.0410942820241869	0.0397752354735936	c29
DNAJB1	2.56623000302013e-87	1.3334957235762	75.6820877817319	61.302884427224	1.22951745487556e-83	c29
PBX4	0.00532060419319758	0.0732983687402148	16.3701067615658	13.5063206919494	0.0359690432234349	c29
HCST	8.97456936511727e-23	0.379837675138917	72.5978647686833	62.9818793784979	3.38190008277869e-20	c29
CLIP3	0.000212380469692419	0.0107717156434312	0.711743772241993	0.173183045673359	0.00243765098991936	c29
AC012309.2	1.91989115864969e-06	0.000892975441638857	0.118623962040332	0.00391374114516066	4.28976080471641e-05	c29
LGALS4	0.00692783611151406	0.00671460777052858	0.474495848161329	0.132088763649172	0.0445279043689222	c29
ARHGEF1	0.00420322791357486	0.125202219353169	37.841043890866	37.2040233258972	0.0296400037353813	c29
DEDD2	4.15653683744216e-25	0.293716733599537	28.4697508896797	17.210676685844	1.96340749935402e-22	c29
APOC1	2.05296983838857e-06	0.11637583147229	15.1838671411625	10.1434386129701	4.52561931213703e-05	c29
NUCB1-AS1	0.00384701591472433	0.00181812693696153	0.118623962040332	0.0107627881491918	0.027540495024352	c29
PTH2	1.63348106849121e-05	0.00228096207766494	0.118623962040332	0.00489217643145082	0.000273344057276027	c29
SHANK1	7.62990886408445e-05	0.00112122398271216	0.118623962040332	0.00587061171774099	0.00100665571787437	c29
NKG7	7.97654660772423e-33	0.674012331619315	63.3451957295374	41.6431842197957	8.10658848878349e-30	c29
AC245884.1	1.63283144277765e-05	0.00155448597620211	0.118623962040332	0.00489217643145082	0.000273344057276027	c29
AC010737.1	1.63413094054039e-05	0.00126151088531255	0.118623962040332	0.00489217643145082	0.000273344057276027	c29
POTEH	0.00592724114044147	0.00158359965099466	0.118623962040332	0.011741223435482	0.0391694428010362	c29
AC000093.1	1.91714224081878e-06	0.00173633778758259	0.118623962040332	0.00391374114516066	4.28976080471641e-05	c29
SPECC1L-ADORA2A	1.63413094054039e-05	0.0013191251873228	0.118623962040332	0.00489217643145082	0.000273344057276027	c29
AP000355.1	0.00592291609090479	0.00185240481562835	0.118623962040332	0.011741223435482	0.0391694428010362	c29
AC004832.6	0.000154496233147239	0.0242031360813706	1.89798339264531	0.760244217447458	0.0018472351755052	c29
RFPL2	1.31850796460378e-19	0.0188060872260045	0.948991696322657	0.071425775899182	3.37558168831156e-17	c29
LGALS1	1.67655004834873e-14	0.362610828723966	69.0391459074733	54.987084654221	2.32347667444297e-12	c29
ST13	0.00137373489323954	0.136750738590598	38.1969157769869	38.7626707369575	0.0117220039247063	c29
AL035681.1	1.61015383699476e-10	0.0129039413676151	0.711743772241993	0.077296387616923	1.03055991192997e-08	c29
Z83851.2	1.91805812633822e-06	0.00232489040341643	0.118623962040332	0.00391374114516066	4.28976080471641e-05	c29
AP000229.1	0.0059283228474584	0.000944643616604291	0.118623962040332	0.011741223435482	0.0391694428010362	c29
LINC01695	7.61951737754309e-05	0.00288047967194419	0.118623962040332	0.00587061171774099	0.00100665571787437	c29
SOD1	1.34405671819893e-19	0.340991503064834	62.3962040332147	56.4840906422449	3.41492228901179e-17	c29
SLC5A3	1.30762062912925e-07	0.147723158361527	15.3024911032028	10.4819772220265	4.20038452008298e-06	c29
COL6A2	0.000464325088060643	0.0246071417384883	2.9655990510083	1.49602755273766	0.00470469329407185	c29
