p_val	avg_log2FC	pct.1	pct.2	p_val_adj	cluster	gene
0	2.27512520154619	0.791	0.303	0	c16	BATF
0	2.06085462085213	0.534	0.13	0	c16	TNFRSF4
0	1.51748766983388	0.945	0.552	0	c16	IL32
0	2.75190781543469	0.464	0.079	0	c16	FOXP3
0	1.72379343343484	0.661	0.308	0	c16	LTB
0	1.72005782598113	0.515	0.197	0	c16	CTLA4
0	1.59050725237342	0.497	0.181	0	c16	TNFRSF18
0	1.84596585408051	0.486	0.178	0	c16	ICOS
0	1.54381140447757	0.591	0.286	0	c16	SPOCK2
0	2.64293376935667	0.292	0.077	0	c16	CCR6
0	3.22695217070135	0.164	0.03	0	c16	RTKN2
8.04022975942462e-308	0.493427458930944	1	0.997	2.69653225671583e-303	c16	B2M
8.18752467213569e-302	0.875254668290953	0.897	0.817	2.74593202454087e-297	c16	SARAF
3.56880435151132e-298	2.15720949162943	0.299	0.099	1.19690560340987e-293	c16	TBC1D4
1.46705827507561e-278	0.799664740801762	0.85	0.524	4.92022004294859e-274	c16	CD3E
9.24978064836896e-269	1.58616505821818	0.538	0.301	3.10219143384998e-264	c16	ARID5B
1.74389996503284e-263	2.00999302404291	0.268	0.087	5.84869170272713e-259	c16	CD28
1.28998849824538e-258	1.61485449060768	0.498	0.264	4.32636342541535e-254	c16	PIM2
3.09698911987823e-257	1.69833777914634	0.411	0.186	1.03866821102476e-252	c16	PBXIP1
5.70968098077183e-256	2.92662799313432	0.116	0.021	1.91491280733126e-251	c16	CCR4
3.2523555754404e-250	2.00105872601169	0.257	0.084	1.0907750128912e-245	c16	IL2RA
6.2820267611829e-223	1.01769433648098	0.524	0.275	2.10686613516552e-218	c16	IL7R
9.1265838647321e-210	2.52856257183352	0.145	0.035	3.06087369655385e-205	c16	FBLN7
2.44835479608696e-206	2.37617372608215	0.219	0.073	8.21129231511645e-202	c16	MAGEH1
4.41263143250406e-205	1.59847445387343	0.501	0.307	1.47990832983321e-200	c16	MIR4435-2HG
6.50837308582339e-201	0.529920834101189	0.981	0.948	2.18277816552345e-196	c16	HLA-A
4.37686359767689e-195	1.85030603503341	0.28	0.112	1.46791251338888e-190	c16	LINC01943
2.01655850512219e-192	2.33688858891642	0.152	0.041	6.76313391447882e-188	c16	LEF1
5.07922339400788e-192	1.04757239002094	0.707	0.561	1.70346994188236e-187	c16	SOD1
9.54237621015465e-191	2.55325896894154	0.15	0.04	3.20032213336167e-186	c16	ICA1
1.75357871924182e-186	2.42366127367925	0.134	0.034	5.8811523085932e-182	c16	MAL
4.42385332226759e-186	0.828283067698185	0.677	0.429	1.4836719272221e-181	c16	CD2
9.94409805621354e-185	1.68403646766067	0.383	0.198	3.3350516060929e-180	c16	TTC39C
6.35052703003552e-184	1.22134624250464	0.443	0.23	2.12983975533331e-179	c16	TIGIT
8.71691043732738e-184	1.67319622160237	0.289	0.119	2.92347742247086e-179	c16	LAIR2
9.33489936578137e-183	2.15892592017907	0.189	0.061	3.13073854929576e-178	c16	ZC3H12D
4.11451239222326e-179	1.2793183530383	0.438	0.235	1.37992516610384e-174	c16	CD27
1.08437113816748e-177	1.49640875414224	0.466	0.285	3.63676392318609e-173	c16	CORO1B
5.77768788843419e-174	1.31295771901143	0.486	0.293	1.93772096402306e-169	c16	BIRC3
2.01923260272851e-171	0.744443003261567	0.796	0.72	6.77210230303089e-167	c16	FXYD5
1.24843215594881e-167	1.75766711418664	0.243	0.096	4.18699176462112e-163	c16	TNFRSF25
1.22203052616225e-164	1.27693563350915	0.761	0.61	4.09844597864295e-160	c16	DNAJB1
3.29970702450403e-163	0.541385573583566	0.736	0.46	1.10665574187816e-158	c16	CD3D
3.40270152885638e-163	1.35032770906819	0.383	0.198	1.14119803874785e-158	c16	RORA
1.06344681592768e-158	1.6241826112531	0.29	0.131	3.56658793125825e-154	c16	PBX4
2.23067182113975e-157	0.561662930998	0.945	0.89	7.48122715373851e-153	c16	BTG1
1.8759965455461e-156	2.27928163141683	0.122	0.032	6.29171721445252e-152	c16	FAAH2
1.94851999845142e-151	1.47111214282037	0.404	0.233	6.53494637080636e-147	c16	RHBDD2
7.39609872782401e-151	2.20362198199018	0.173	0.059	2.48050359133762e-146	c16	IKZF2
1.72104398877697e-148	1.76963215884359	0.227	0.091	5.77203732956019e-144	c16	DUSP16
5.10616360243446e-147	1.67846524082692	0.256	0.112	1.71250514898447e-142	c16	TNIK
2.58011879043854e-138	1.72127560735082	0.36	0.207	8.65320239937277e-134	c16	UGP2
7.12847712980674e-136	0.586342132212732	0.906	0.765	2.39074865979458e-131	c16	S100A4
1.09807550569523e-134	0.62555924607231	0.912	0.87	3.68272563100066e-130	c16	UBC
2.22602642714544e-132	0.575726602337544	0.724	0.478	7.46564743136038e-128	c16	CD7
3.77123884546611e-129	0.605760673952169	0.838	0.791	1.26479808399242e-124	c16	ARHGDIB
1.04358177983983e-122	0.919637912211305	0.716	0.573	3.49996457322683e-118	c16	RGS1
7.28700939709326e-122	0.673251787428251	0.856	0.778	2.44391721159714e-117	c16	TSC22D3
1.56653062353731e-120	3.00943957269064	0.064	0.013	5.25383040521943e-116	c16	AC133644.2
1.87228553942346e-120	1.29494088380803	0.506	0.367	6.2792712421184e-116	c16	CACYBP
2.06877808314238e-120	0.706274890005303	0.756	0.696	6.93826793524293e-116	c16	CIRBP
1.24728950480062e-119	1.58643988641349	0.28	0.142	4.18315954120031e-115	c16	TMEM173
3.34394707181914e-119	0.768016985478551	0.828	0.766	1.1214929689467e-114	c16	HSPA8
7.07527972002264e-119	0.888203321030349	0.518	0.346	2.37290731250119e-114	c16	LCK
4.31059494943149e-118	0.932614878686825	0.625	0.507	1.44568733414033e-113	c16	CREM
5.97020696007886e-114	1.74380322729201	0.235	0.112	2.00228801027125e-109	c16	STAM
4.25475309858503e-112	1.52979772998561	0.23	0.107	1.42695909420345e-107	c16	AQP3
2.52259315729602e-110	1.32073758452885	0.259	0.126	8.4602729309394e-106	c16	CD5
1.36191500063586e-105	2.2843221128103	0.094	0.027	4.56759052913254e-101	c16	CCR8
1.79443695576766e-105	1.90527180974844	0.185	0.08	6.01818266225357e-101	c16	THEM4
8.38128383332491e-105	0.948865235913029	0.584	0.473	2.81091497202051e-100	c16	EPC1
2.5998185582643e-104	2.176984180342	0.124	0.042	8.71927148070679e-100	c16	AC017002.3
5.79082035722948e-103	2.65085142583869	0.065	0.015	1.94212533140762e-98	c16	LINC01281
2.9630383984519e-102	2.64377726144036	0.081	0.021	9.93743818072798e-98	c16	FANK1
3.2172271790701e-102	1.4446596513986	0.281	0.152	1.07899365131653e-97	c16	FAS
9.52673422623376e-102	1.38419824909578	0.285	0.154	3.19507612479428e-97	c16	MAF
5.22738992610112e-101	1.00733596063911	0.422	0.271	1.75316203341579e-96	c16	LAT
1.10400300007569e-100	2.01800938300788	0.132	0.048	3.70260526165385e-96	c16	TRBV20-1
1.98580162653669e-99	0.848257763696762	0.57	0.45	6.65998149507874e-95	c16	LEPROTL1
3.56179483005553e-94	1.23771027484441	0.3	0.169	1.19455475010402e-89	c16	PIK3IP1
8.30419144547366e-93	2.51951688828801	0.072	0.019	2.78505972698296e-88	c16	ADTRP
4.13267640597926e-92	1.67094652729799	0.158	0.066	1.38601701303732e-87	c16	TOX2
6.66362325558604e-92	1.36106086641781	0.311	0.184	2.23484596745845e-87	c16	SELL
1.12897775799183e-91	1.2093475144551	0.295	0.166	3.78636560475301e-87	c16	FCMR
1.06849035817019e-90	2.36928738390701	0.117	0.042	3.58350296323119e-86	c16	IL1R1
4.13959130351101e-89	0.888444863320968	0.479	0.336	1.38833613137152e-84	c16	DUSP4
4.20578079676587e-89	0.259807817301247	0.983	0.983	1.41053476361934e-84	c16	RPL11
7.20509138392768e-89	0.290823779698504	0.993	0.991	2.41644354834167e-84	c16	EEF1A1
2.41111360127506e-88	0.931497177398038	0.538	0.424	8.08639279595631e-84	c16	CYTOR
1.94884574999511e-87	1.36014922165158	0.327	0.205	6.53603887633359e-83	c16	IL6ST
1.2145514436e-86	1.78095451929853	0.183	0.086	4.07336263154568e-82	c16	SLAMF1
1.25219578769924e-86	0.246532417596184	0.987	0.987	4.19961423278572e-82	c16	RPL13
2.74090130187422e-85	0.309539201017965	0.94	0.939	9.19243478622576e-81	c16	RPL24
1.10408857326107e-83	2.35327487631943	0.11	0.04	3.70289225700298e-79	c16	ZC2HC1A
3.84492105341377e-83	0.234308018525895	0.988	0.99	1.28950962289391e-78	c16	RPS15A
3.40458021731548e-82	1.11587553632727	0.459	0.351	1.14182811328327e-77	c16	CARD16
3.08018981522538e-81	0.207676695803143	0.995	0.996	1.03303406023029e-76	c16	RPL28
8.67390953329882e-81	2.12009403818374	0.106	0.038	2.90905577927776e-76	c16	IL12RB2
3.55926498649787e-80	1.1937521552026	0.327	0.204	1.19370629117166e-75	c16	GBP5
7.33471038281124e-80	0.980554116009217	0.354	0.225	2.45991516818723e-75	c16	SKAP1
8.41903487986863e-79	3.63575493908198	0.029	0.004	2.82357591801034e-74	c16	PMCH
2.89124931257443e-78	1.14699286133225	0.393	0.28	9.69667194451214e-74	c16	DNPH1
1.87911518928897e-77	0.678142503061746	0.627	0.515	6.30217652183735e-73	c16	ISG20
5.91330228958678e-76	0.752116706170833	0.562	0.43	1.98320332188161e-71	c16	TRBC2
1.84131424508061e-74	2.30141534200559	0.062	0.017	6.17539971515136e-70	c16	TRAV9-2
7.92112005980061e-74	1.02503380119194	0.306	0.185	2.65658524565593e-69	c16	ITK
8.66598454199682e-72	0.762037410583607	0.413	0.277	2.90639789569489e-67	c16	CD247
9.21841038661126e-71	0.212637631834276	0.989	0.987	3.09167047546168e-66	c16	RPL32
1.39083898075529e-70	2.19716950019762	0.082	0.027	4.66459577365711e-66	c16	F5
2.02074689063397e-69	1.15528352442491	0.368	0.257	6.7771809218082e-65	c16	PELI1
5.70925775070539e-69	0.268132677928912	0.985	0.978	1.91477086443157e-64	c16	HLA-B
4.25095997947731e-68	1.27918558643393	0.187	0.097	1.4256869579171e-63	c16	HPGD
4.93376314800033e-68	0.283837965439439	0.981	0.972	1.65468548457635e-63	c16	EIF1
2.82057784076519e-67	0.886081759771897	0.41	0.297	9.45965396235828e-63	c16	OCIAD2
8.17250188347174e-67	0.591282947969514	0.647	0.574	2.74089368167875e-62	c16	C12orf57
3.3549885304378e-66	0.321299903394863	0.947	0.9	1.12519605333823e-61	c16	SRGN
8.15972325151408e-66	0.652604131053373	0.656	0.618	2.73660798409279e-61	c16	YWHAB
1.57881079578142e-65	0.83119473824951	0.405	0.287	5.29501564689171e-61	c16	ETS1
2.55590937161158e-65	1.34660222993774	0.141	0.064	8.57200885051091e-61	c16	ZNF831
2.5726698511077e-65	1.92941549983051	0.086	0.031	8.628220146645e-61	c16	TRAV8-2
3.13353263669313e-65	1.389792613667	0.263	0.164	1.05092417569414e-60	c16	PHTF2
2.22178184174608e-63	0.284478960637068	0.998	0.986	7.45141194084801e-59	c16	MALAT1
3.5591186129652e-63	2.60111032112587	0.049	0.013	1.19365720041627e-58	c16	TRBV3-1
3.70124484676551e-62	0.319547127562911	0.88	0.895	1.24132349670822e-57	c16	EEF1D
4.87299526322849e-62	0.75697749486603	0.509	0.408	1.63430515138157e-57	c16	RHOH
1.50300795040328e-61	2.71137253317505	0.04	0.009	5.04078806406251e-57	c16	IL23R
1.60179376432235e-60	0.830263369884856	0.519	0.46	5.37209592678429e-56	c16	UBE2B
9.13812084065025e-60	0.215438442935655	0.981	0.981	3.06474296753728e-55	c16	RPL19
3.03258740845772e-59	1.99074798505682	0.115	0.051	1.01706916504855e-54	c16	HS3ST3B1
1.4914229284974e-58	0.67868337885548	0.577	0.507	5.00193421759459e-54	c16	CYTIP
3.27315732248632e-58	0.920146996653987	0.461	0.391	1.09775150281546e-53	c16	NDUFV2
3.8293142744471e-58	1.24224413991408	0.426	0.344	1.28427542136407e-53	c16	PMAIP1
8.30091400216949e-58	1.74498622342753	0.174	0.094	2.7839605380476e-53	c16	TIFA
2.06589677136547e-57	1.15152286033816	0.225	0.132	6.9286045918055e-53	c16	FLT3LG
6.50285366152543e-57	0.610121433084232	0.559	0.468	2.1809270610024e-52	c16	FYB1
6.71504213364124e-57	1.51461322968779	0.149	0.074	2.2520908307806e-52	c16	TRIB2
1.01211522555037e-56	1.40340419316729	0.174	0.092	3.39443204345082e-52	c16	IPCEF1
1.48311111729764e-56	0.243403911036118	0.978	0.978	4.97405806519284e-52	c16	TPT1
2.52933847967974e-56	1.03246784152458	0.378	0.279	8.48289539314991e-52	c16	SOCS1
3.89694530933944e-55	0.372591080821828	0.749	0.633	1.30695751784626e-50	c16	PTPRCAP
4.99133669260933e-55	1.08170803774736	0.287	0.19	1.67399449996732e-50	c16	HNRNPLL
5.36178795595057e-55	0.232764717209847	0.955	0.964	1.7982364446667e-50	c16	RPL36
5.44136023892242e-55	2.36796159756624	0.044	0.012	1.8249233969298e-50	c16	TRAV26-1
1.389485746623e-54	0.410640863900355	0.761	0.749	4.66005729702423e-50	c16	HINT1
5.3030031391376e-54	1.91187054166629	0.108	0.048	1.77852119280397e-49	c16	PKIA
1.67252461529744e-52	1.39665557084812	0.159	0.084	5.60931305478456e-48	c16	MAST4
1.77894168545965e-52	1.88438888968485	0.114	0.053	5.96621462469456e-48	c16	CUL9
9.25760010760967e-52	2.22874445012104	0.059	0.02	3.10481392409013e-47	c16	C15orf53
9.99841122431065e-52	0.198567418555244	0.975	0.976	3.3532671564093e-47	c16	RPS3
1.10861229727215e-51	1.61359687764749	0.107	0.048	3.71806392259132e-47	c16	TSHZ2
1.15159517850818e-51	2.34380012643493	0.052	0.016	3.86221990968072e-47	c16	PCBP3
1.88461607306886e-51	0.791371991897521	0.348	0.244	6.32062538585834e-47	c16	TRAC
2.60206502857929e-51	0.847672780666318	0.328	0.224	8.72680569284924e-47	c16	IL2RB
3.3148919086938e-51	0.184543627783547	0.958	0.969	1.11174844833773e-46	c16	RPL18
5.45429974590067e-51	0.181726380570035	0.987	0.989	1.82926304878017e-46	c16	RPL30
8.97958784358035e-51	0.20423776510953	0.957	0.96	3.01157417097998e-46	c16	RPL29
1.01602378915427e-50	0.981197286749156	0.333	0.238	3.40754058406558e-46	c16	TENT5C
4.85779102678512e-50	0.556552778263365	0.632	0.579	1.62920595456319e-45	c16	STK17B
1.56941314187765e-49	2.00071031295604	0.048	0.014	5.26349779522927e-45	c16	LINC00239
2.51850622705126e-49	0.563586665783032	0.823	0.812	8.44656618428452e-45	c16	JUNB
3.09617369995309e-49	1.05234446154851	0.205	0.12	1.03839473549027e-44	c16	SIRPG
1.26374405368855e-47	0.171189496139319	0.98	0.979	4.23834480726064e-43	c16	RPL18A
3.02994981105949e-47	2.01109553868015	0.057	0.02	1.01618456763313e-42	c16	CARD17
2.56930406464808e-46	0.183968795544052	0.984	0.988	8.61693197201674e-42	c16	RPS28
1.27201879111514e-45	0.437547867634113	0.712	0.708	4.26609662164194e-41	c16	UQCRB
1.3726317033633e-45	2.11247571948362	0.054	0.018	4.60353220673982e-41	c16	TRAV3
1.89990892932716e-45	2.32993054425009	0.044	0.013	6.37191456717745e-41	c16	TRBV18
1.9280483418052e-45	0.17554265305106	0.998	0.997	6.46628852874627e-41	c16	RPLP1
2.45689547334611e-45	2.42780355151597	0.044	0.013	8.2399360385082e-41	c16	AC005392.2
2.50382755916806e-45	0.885745929908452	0.425	0.337	8.39733686793783e-41	c16	PHLDA1
3.20250052511885e-45	0.170699967603758	0.98	0.985	1.07405462611436e-40	c16	RPS15
3.20917286413862e-45	0.399821805075006	0.74	0.744	1.07629239517481e-40	c16	COMMD6
3.54020209452718e-45	2.23888619743904	0.069	0.027	1.18731297846252e-40	c16	HACD1
4.53106625712493e-45	1.21590562186836	0.186	0.11	1.51962900131456e-40	c16	P2RY10
2.01830047768352e-44	0.215425226374855	0.916	0.916	6.76897614205498e-40	c16	RPL3
2.24878262923356e-44	1.83938047482579	0.072	0.029	7.54196718192352e-40	c16	TRAV13-1
4.14203160918697e-44	0.745280333384433	0.538	0.473	1.38915456108913e-39	c16	DDIT4
5.06849781903674e-44	1.19150621269431	0.323	0.247	1.69987279854854e-39	c16	BTG3
7.09121639880892e-44	1.65869128552661	0.13	0.069	2.37825215583253e-39	c16	THADA
8.78015007096364e-43	0.236223686078859	0.899	0.896	2.94468673079979e-38	c16	RPL5
1.31510623524536e-42	0.761034094195311	0.528	0.48	4.41060329176588e-38	c16	UCP2
2.77697195014484e-42	1.17555852903214	0.189	0.116	9.31340852639578e-38	c16	RCAN3
5.23770634463253e-42	0.95822417597206	0.205	0.126	1.75662195386286e-37	c16	BCL11B
5.38197827846304e-42	0.178153239146075	0.982	0.983	1.80500787503093e-37	c16	RPL34
7.18444925821475e-42	0.817109657501172	0.592	0.572	2.40952059222006e-37	c16	DNAJA1
1.28884240776465e-41	0.176051196237451	0.995	0.993	4.32251966716109e-37	c16	RPL10
1.62416063231526e-41	1.45757652713015	0.135	0.073	5.44710992865893e-37	c16	ZNRF1
2.05396793716096e-41	0.167283106878568	0.947	0.961	6.88859766765043e-37	c16	RPS25
6.07469923419581e-41	0.245835414719135	0.903	0.893	2.03733262916459e-36	c16	RACK1
8.54136878833484e-41	0.440752601487978	0.828	0.798	2.86460426423174e-36	c16	KLF6
1.28538481678101e-40	0.218779035179015	0.956	0.953	4.31092359852014e-36	c16	RPS4X
1.71790640534524e-40	0.664214902262863	0.479	0.421	5.76151450224687e-36	c16	GYPC
1.0944899924221e-39	1.35857189369757	0.135	0.074	3.67070053658525e-35	c16	LPAR2
1.20999095690761e-39	0.226983301423155	0.931	0.934	4.05806767127674e-35	c16	RPS16
1.70653958404535e-39	1.99500876506399	0.045	0.015	5.72339245697131e-35	c16	TRAV8-3
3.30644818477825e-39	0.623834847143729	0.523	0.473	1.10891659221093e-34	c16	ARL6IP5
3.49407763027412e-39	2.74490893627389	0.021	0.004	1.17184375564134e-34	c16	LINC01229
8.14647438953871e-39	1.98533277810623	0.066	0.027	2.73216458076349e-34	c16	ADAM12
9.16877128483108e-39	2.4116973578921	0.036	0.011	3.07502251350665e-34	c16	HLF
1.53040123007459e-38	2.75730779313843	0.031	0.008	5.13265964542415e-34	c16	AL359834.1
1.09622560832198e-37	0.883299018061022	0.654	0.638	3.67652144519026e-33	c16	HSPE1
5.21271305865482e-37	0.329446895358555	0.76	0.744	1.74823970561165e-32	c16	SUMO2
1.2467029152855e-36	0.210904325760193	0.937	0.939	4.1811922372845e-32	c16	RPL6
1.56336793247584e-36	0.471613299365962	0.675	0.645	5.24322337193746e-32	c16	SRSF7
1.64053027252092e-36	1.16976468971387	0.358	0.3	5.50201042798066e-32	c16	GLRX
3.56793649113188e-36	1.38104502990811	0.184	0.119	1.19661454039581e-31	c16	KDSR
7.26567833586706e-36	0.156718556692503	0.968	0.968	2.4367632002831e-31	c16	RPL8
1.45884393314169e-35	2.05694399924337	0.071	0.031	4.89267078297059e-31	c16	IKZF4
1.54310128390633e-35	0.191859145302338	0.939	0.943	5.17525308596506e-31	c16	RPL14
2.40719616106847e-35	1.84511923765143	0.046	0.016	8.07325448499145e-31	c16	CD177
3.61980087221863e-35	1.33369301550521	0.162	0.1	1.21400881652468e-30	c16	PVT1
4.73791119859898e-35	1.17114924666421	0.246	0.178	1.58900065778612e-30	c16	FAM129A
5.2138014948738e-35	0.828781483769068	0.428	0.378	1.74860474535077e-30	c16	PPP1R2
5.74156631171162e-35	0.71171625529065	0.341	0.255	1.92560650962184e-30	c16	SH2D2A
1.00823093201377e-34	0.567829494283571	0.547	0.52	3.38140489978778e-30	c16	UBE2D2
5.04905198628356e-34	1.16608418173849	0.207	0.14	1.69335105515978e-29	c16	TLK1
6.94831300182343e-34	0.542609261926736	0.56	0.534	2.33032521455154e-29	c16	GMFG
7.02706217311957e-34	1.34390440808045	0.143	0.084	2.35673611162084e-29	c16	GLCCI1
9.40121715209779e-34	0.405371109334088	0.696	0.681	3.15298020847056e-29	c16	RAC2
4.84228496868398e-33	0.334977991447298	0.737	0.74	1.62400553279723e-28	c16	EEF2
6.36157214134879e-33	0.994623875780261	0.29	0.223	2.13354406476556e-28	c16	CDKN1B
8.29005103310975e-33	1.87272127226332	0.03	0.009	2.78031731548435e-28	c16	TTC39C-AS1
1.66466370443453e-32	2.57042095031215	0.025	0.006	5.58294913193253e-28	c16	XXYLT1-AS2
1.91818129517463e-32	1.2266824849839	0.163	0.103	6.43319642775666e-28	c16	FOXO1
3.15096292156417e-32	1.64681411835752	0.071	0.032	1.05676994463419e-27	c16	TRBV5-1
3.46823757990128e-32	2.17276183207772	0.043	0.015	1.16317751954729e-27	c16	PLCL1
3.50089553550671e-32	2.01087395112212	0.049	0.019	1.17413034469824e-27	c16	TRBV6-5
6.5541263904988e-32	1.2581003107156	0.148	0.09	2.19812290884549e-27	c16	CERK
8.56723135467426e-32	2.87822582203782	0.017	0.004	2.87327805173065e-27	c16	MEOX1
1.41822398265216e-31	1.70934069668492	0.046	0.017	4.75643959301883e-27	c16	TRAV8-4
2.33842986972445e-31	1.42001585898346	0.115	0.064	7.84262609708186e-27	c16	AL157402.2
2.55091733669714e-31	1.32664840791551	0.125	0.072	8.55526656381488e-27	c16	LAYN
4.59897735662915e-31	0.175098968536687	0.935	0.934	1.54240502586628e-26	c16	RPS6
1.44943284073038e-30	0.712248326725491	0.48	0.44	4.86110786124154e-26	c16	IRF1
1.61019084942733e-30	0.57463065433433	0.518	0.497	5.40025807080938e-26	c16	GSTK1
3.99127731341062e-30	2.10415745262633	0.039	0.014	1.33859458537165e-25	c16	GNG8
7.66622806804964e-30	0.726763634497363	0.413	0.356	2.57109956946249e-25	c16	TNFRSF1B
1.28391809526979e-29	2.57555016517989	0.029	0.009	4.30600450791583e-25	c16	TRBV5-4
1.37222275622979e-29	1.17075303260618	0.144	0.088	4.60216067984349e-25	c16	TSPAN5
1.51729743174307e-29	0.640611516773951	0.469	0.438	5.08871212657991e-25	c16	CUTA
1.81064876056276e-29	1.87943880977144	0.047	0.018	6.0725538131754e-25	c16	PCSK1N
2.04088842167704e-29	0.679898845524371	0.308	0.232	6.84473158862044e-25	c16	SYNE2
3.44998989173868e-29	1.53899242658036	0.059	0.026	1.15705760989132e-24	c16	CMTM8
3.90597453142998e-29	0.152839966668282	0.979	0.977	1.30998573835099e-24	c16	RPL12
4.91597846643861e-29	2.25101422303628	0.035	0.012	1.64872085807418e-24	c16	TRBV7-2
9.14319920607725e-29	0.608885282658098	0.276	0.199	3.06644614973419e-24	c16	CD6
1.23782572540402e-28	1.23075989345151	0.089	0.046	4.15141991786e-24	c16	PASK
1.55535097577685e-28	0.124389778870311	0.991	0.991	5.21633610256039e-24	c16	RPS27
1.64137285928313e-28	2.19495840171835	0.044	0.017	5.50483629546375e-24	c16	FAM174B
2.20346739048304e-28	0.735174836416337	0.424	0.386	7.38998893420202e-24	c16	RAP1A
2.60737597908099e-28	0.157393954787371	0.968	0.972	8.74461755864182e-24	c16	RPL37
3.13998627622476e-28	0.79556231617471	0.215	0.148	1.05308859732026e-23	c16	SH2D1A
3.56284359346391e-28	0.794423634369776	0.401	0.364	1.19490648437593e-23	c16	ISCU
4.00865539017661e-28	0.183347313387356	0.898	0.911	1.34442284475743e-23	c16	RPL17
4.2994141877758e-28	1.40826232182461	0.105	0.059	1.44193753029625e-23	c16	DLGAP1-AS1
8.31717660421685e-28	0.329760427137337	0.927	0.929	2.78941468952225e-23	c16	RPS26
1.1902439844727e-27	0.910503431971625	0.325	0.266	3.99184027512454e-23	c16	PRDM1
1.87640454672329e-27	0.191535749240438	0.887	0.895	6.29308556880057e-23	c16	RPL22
2.37819375916955e-27	0.277705729866234	0.888	0.88	7.97598622950282e-23	c16	MT-ATP8
2.56443527442585e-27	0.671469945619769	0.419	0.372	8.60060302336941e-23	c16	DDX24
3.13942311942773e-27	1.62391993582445	0.106	0.061	1.05289972579367e-22	c16	CRADD
3.48609207926846e-27	0.293709289613859	0.78	0.802	1.16916556154506e-22	c16	DDX5
4.90942118392004e-27	0.755188624906936	0.47	0.422	1.6465216766631e-22	c16	HSPA1A
5.14114402757934e-27	1.025792884246	0.136	0.083	1.72423688396956e-22	c16	LINC02195
5.68952783045204e-27	0.854601581725319	0.344	0.291	1.90815384377701e-22	c16	NOP58
6.0397780599991e-27	1.85614488904819	0.062	0.029	2.0256207657625e-22	c16	GRPEL2
6.3801883112169e-27	1.18021495704775	0.135	0.083	2.13978755581593e-22	c16	HOXB2
1.49198516018478e-26	0.582381686797416	0.373	0.308	5.00381983022773e-22	c16	SEPT1
1.57636048026668e-26	1.09650429876161	0.155	0.101	5.28679777871839e-22	c16	DGKA
1.62388786292818e-26	1.46933056411249	0.082	0.043	5.44619511468854e-22	c16	CASK
3.38966511472546e-26	0.532573770063641	0.73	0.75	1.13682588617662e-21	c16	UBB
3.70295492211995e-26	0.747373409480981	0.2	0.136	1.24189702178059e-21	c16	CAMK4
4.47835705504236e-26	0.564789156112062	0.482	0.45	1.50195138912011e-21	c16	LDHB
1.07437741410201e-25	1.00000854809519	0.169	0.113	3.60324697141531e-21	c16	RASGRP1
1.27657673134785e-25	0.104973747601682	0.974	0.974	4.28138304159443e-21	c16	RPS8
2.32554457248364e-25	2.0411402033964	0.044	0.018	7.79941138719565e-21	c16	EPHX2
5.1453094539208e-25	1.43118682725489	0.128	0.081	1.72563388465596e-20	c16	MARCH3
5.47409059104025e-25	2.55060942594528	0.02	0.006	1.83590050242308e-20	c16	CDKL2
6.91057602211675e-25	1.91002049501044	0.031	0.011	2.31766898629752e-20	c16	GPR15
8.06597056695069e-25	0.818615705053809	0.363	0.323	2.70516520874392e-20	c16	NDFIP1
8.41129409814149e-25	1.07076498283526	0.265	0.215	2.82097981463469e-20	c16	CMTM7
8.89300746551836e-25	0.508358625779969	0.534	0.525	2.98253684378555e-20	c16	ANAPC16
9.06088799074605e-25	1.26102803075474	0.167	0.114	3.03884061433641e-20	c16	GADD45A
9.51576158091412e-25	0.783747132167444	0.319	0.265	3.19139611900698e-20	c16	SNX9
1.01574110246664e-24	2.14183540611197	0.029	0.01	3.40659250945262e-20	c16	TRBV30
1.12501829833427e-24	0.235807408558515	0.816	0.821	3.77308636895348e-20	c16	HNRNPA1
1.136542250293e-24	0.821020517672949	0.315	0.261	3.81173539903267e-20	c16	PRDX2
1.38164069449293e-24	1.47239371219978	0.092	0.051	4.63374656119038e-20	c16	ETV7
1.55259724363891e-24	0.760083797058461	0.145	0.091	5.20710063571619e-20	c16	LINC00861
2.04772340360635e-24	1.00929475725534	0.194	0.138	6.86765475101497e-20	c16	RSBN1
2.21101129630016e-24	0.362448462354799	0.511	0.454	7.41528968553148e-20	c16	EVL
4.52946731877527e-24	2.14520325240063	0.028	0.009	1.51909274937085e-19	c16	ANKS1B
4.88448744658229e-24	0.775118724091177	0.333	0.274	1.63815939983477e-19	c16	TSPYL2
5.10205416912576e-24	2.09252881531027	0.036	0.014	1.7111269272414e-19	c16	FAM184A
6.11900766620777e-24	0.247308872452274	0.771	0.809	2.05219279109276e-19	c16	RPL36AL
1.01591331670394e-23	1.06373672826355	0.238	0.186	3.40717008156167e-19	c16	ASXL1
1.15408772765784e-23	0.6122653272534	0.413	0.369	3.87057942101888e-19	c16	G3BP2
1.44985210190963e-23	1.95211940809879	0.053	0.024	4.8625139793845e-19	c16	LINC02099
2.14619469495899e-23	1.56771497235802	0.043	0.018	7.19790776795346e-19	c16	TRAV17
5.88512996748982e-23	0.532404282327941	0.273	0.206	1.97375488849674e-18	c16	ZAP70
1.18774619982308e-22	0.128163690975552	0.944	0.955	3.98346320496664e-18	c16	RPS3A
1.61104880610561e-22	1.77847668957241	0.036	0.014	5.403135485917e-18	c16	TRBV6-1
1.85827439946917e-22	1.7077395427644	0.074	0.04	6.2322806809397e-18	c16	GPHN
2.00995574338667e-22	0.521176630043197	0.349	0.279	6.74098957217023e-18	c16	TRBC1
2.19073721913945e-22	1.04770557242664	0.234	0.183	7.34729448554988e-18	c16	ZBTB38
2.42367736283461e-22	0.899138588900061	0.25	0.196	8.12852913947471e-18	c16	GBP2
2.54247593997575e-22	0.629721027461074	0.401	0.346	8.52695580749068e-18	c16	LMNA
3.03125630155752e-22	0.173382351297071	0.967	0.968	1.01662273841636e-17	c16	H3F3B
4.41024420930856e-22	1.56508133314469	0.045	0.02	1.4791077029179e-17	c16	OLFM2
4.66413905591667e-22	0.409655091920057	0.621	0.63	1.56425895657333e-17	c16	SKP1
5.00673650287459e-22	0.410232439192544	0.521	0.464	1.67915928833408e-17	c16	RGCC
7.65134774730456e-22	1.21552912749982	0.156	0.108	2.566109007491e-17	c16	ICAM2
7.93243464626914e-22	1.46753620540638	0.064	0.032	2.66037993166574e-17	c16	TCAF2
1.2581367431173e-21	1.57351791003224	0.041	0.018	4.21953900906678e-17	c16	TRAV8-6
1.3320563722315e-21	0.653201582234486	0.485	0.47	4.46745066119002e-17	c16	RPS27L
1.39011074676934e-21	1.09453113276021	0.136	0.089	4.662153422515e-17	c16	GOLGA8B
1.45596429952262e-21	0.325452203796417	0.704	0.704	4.88301306773898e-17	c16	PTPRC
4.65084957771149e-21	1.32588970808897	0.149	0.103	1.55980193137288e-16	c16	PHACTR2
6.62108763846145e-21	0.738891806170751	0.358	0.317	2.2205803721872e-16	c16	ARID5A
6.91548441087479e-21	1.10390052991944	0.199	0.151	2.31931516171919e-16	c16	CD4
8.70341201799332e-21	0.137689456802177	0.985	0.987	2.9189503225946e-16	c16	RPS19
1.12975956023374e-20	1.03734824140613	0.205	0.155	3.78898761311192e-16	c16	SATB1
1.54205944268747e-20	1.49988638613167	0.036	0.015	5.17175895888524e-16	c16	TRAV12-3
1.92642999443435e-20	2.04080874463455	0.031	0.012	6.46086091533393e-16	c16	LACTB2-AS1
2.14568424218364e-20	0.568546000513083	0.714	0.731	7.1961958114355e-16	c16	HSP90AB1
2.22576302907342e-20	0.268337296371924	0.686	0.688	7.46476404690643e-16	c16	EEF1G
2.98348549234764e-20	2.04628490954719	0.024	0.008	1.00060136442355e-15	c16	TRBV12-3
3.27735975974148e-20	1.23647492187509	0.149	0.103	1.0991609162221e-15	c16	FURIN
3.51160145076447e-20	0.12373215212557	0.991	0.987	1.17772089455739e-15	c16	TMSB10
4.4318216635291e-20	0.681223031957821	0.22	0.165	1.48634434951439e-15	c16	GATA3
5.38235632659827e-20	1.39589309586255	0.091	0.054	1.80513466481453e-15	c16	LTA
5.7306462533086e-20	0.343962775016243	0.644	0.663	1.92194414043464e-15	c16	DAZAP2
6.14327641125395e-20	1.26638342148434	0.191	0.146	2.06033204280635e-15	c16	HTATIP2
7.31080803672124e-20	0.66342447771948	0.238	0.182	2.45189879935557e-15	c16	SIT1
1.16630438853905e-19	0.621551521850541	0.403	0.373	3.91155165828226e-15	c16	STAT3
1.65944492909906e-19	0.244413546341487	0.737	0.727	5.56544640321244e-15	c16	PNRC1
1.67055172826634e-19	1.71970912378553	0.095	0.059	5.60269638625964e-15	c16	CCNG2
1.7547956181014e-19	0.101228246350668	0.965	0.968	5.88523354398846e-15	c16	RPL35A
1.88854933380301e-19	1.0972243444446	0.104	0.064	6.33381675570853e-15	c16	TTN
3.43977329856445e-19	0.231606653862086	0.761	0.795	1.15363116887254e-14	c16	COX7C
3.75541972218036e-19	0.128404912560837	0.939	0.943	1.25949266642485e-14	c16	RPL15
4.51091257346844e-19	1.37252491684122	0.094	0.058	1.51286985888985e-14	c16	METTL8
5.68452655604426e-19	2.68763715422535	0.014	0.004	1.90647651636612e-14	c16	LINC00519
6.13293529733037e-19	0.544242194737514	0.473	0.458	2.05686384001866e-14	c16	JAK1
9.76257037760944e-19	0.371249675677583	0.784	0.792	3.27417085324265e-14	c16	HSP90AA1
2.60592797588048e-18	0.933878987992017	0.25	0.207	8.73976124550797e-14	c16	R3HDM4
2.84344810483427e-18	1.00870725422818	0.13	0.088	9.53635625399316e-14	c16	SESN3
3.43223641994566e-18	1.29750707610951	0.133	0.093	1.15110345052138e-13	c16	UXS1
3.82226480424418e-18	1.37243098497163	0.057	0.03	1.28191117004741e-13	c16	ACP6
5.49719925166803e-18	0.872126406059796	0.163	0.117	1.84365068502442e-13	c16	EPB41
6.02624262913463e-18	0.494761479893741	0.501	0.5	2.02108125295917e-13	c16	C9orf16
6.30720204639379e-18	1.75907192407311	0.026	0.01	2.11530942231955e-13	c16	UBXN10-AS1
6.38171970712638e-18	1.25563496711288	0.059	0.031	2.14030115537605e-13	c16	LINC01550
7.07269365771637e-18	0.201288423342574	0.829	0.85	2.37203999892492e-13	c16	HLA-E
7.34356267226589e-18	0.997218874993519	0.181	0.135	2.46288404902453e-13	c16	CNST
1.34249142628984e-17	0.741361224793201	0.141	0.097	4.50244774549085e-13	c16	CXCR6
2.1949207614467e-17	0.615788173631737	0.446	0.433	7.36132524973995e-13	c16	CLK1
2.24001621036062e-17	1.41381120822268	0.044	0.022	7.51256636630743e-13	c16	CYB561D2.1
2.82549876903994e-17	1.33056949370615	0.054	0.028	9.47615777160617e-13	c16	ATP8B2
3.00343240957953e-17	0.120269013427373	0.983	0.978	1.00729116152478e-12	c16	PTMA
3.41424621498102e-17	0.150635046830221	0.863	0.87	1.14506989558033e-12	c16	RPS2
4.80330982653092e-17	1.47152113701006	0.039	0.018	1.61093404962194e-12	c16	TRAV29DV5
5.09805968288041e-17	1.03919059863255	0.191	0.148	1.70978725644443e-12	c16	REXO2
6.38108222950959e-17	0.41412819377758	0.311	0.251	2.14008735813293e-12	c16	ITM2A
6.4044791922015e-17	0.281577319769597	0.704	0.732	2.14793423148054e-12	c16	CCNI
6.98364359052721e-17	2.22896939181143	0.012	0.003	2.34217438739102e-12	c16	COL5A3
1.05453731819584e-16	1.51987301467002	0.042	0.02	3.5367072577652e-12	c16	TRBV19
1.07479961453215e-16	0.381304180877537	0.56	0.578	3.60466294721791e-12	c16	CNBP
1.22902080280734e-16	2.24436544498898	0.018	0.006	4.12188996845525e-12	c16	LRRC32
1.39771409430592e-16	1.18728665027855	0.162	0.122	4.6876535294832e-12	c16	ZC3H7A
1.49625836786214e-16	1.66501017473056	0.041	0.02	5.01815131413606e-12	c16	TRAV13-2
1.6317770334628e-16	2.0243422382667	0.028	0.012	5.47265381482753e-12	c16	PPP1R3F
1.78055627798173e-16	0.610563869066903	0.369	0.339	5.97162964509513e-12	c16	ANKRD12
1.82149809040846e-16	1.30142278320132	0.131	0.093	6.10894029561189e-12	c16	FRMD4B
1.83812428147632e-16	1.82271470128055	0.024	0.009	6.16470121521527e-12	c16	LOXL1-AS1
1.91526457023177e-16	0.405545130380275	0.5	0.491	6.4234143156433e-12	c16	NOP53
2.28580300383352e-16	0.611914642284551	0.413	0.375	7.66612611425685e-12	c16	HSPA1B
2.66197333629303e-16	1.15648838631564	0.086	0.053	8.92772617525955e-12	c16	LINC00649
2.69380508356903e-16	0.682428582298474	0.387	0.363	9.03448348927382e-12	c16	NR3C1
2.96003987220227e-16	0.417273976947923	0.36	0.307	9.92738172339197e-12	c16	FYN
3.09470441714852e-16	0.363787534989442	0.583	0.598	1.03790196742327e-11	c16	RPS4Y1
3.1402305035699e-16	1.52236550061766	0.054	0.029	1.05317050628727e-11	c16	EPHB6
3.94589401489199e-16	0.138700272899947	0.889	0.905	1.32337393471447e-11	c16	RPL9
6.6267153653657e-16	1.33847196558143	0.061	0.034	2.22246779923635e-11	c16	CCDC141
9.62224227788384e-16	1.28362186352252	0.055	0.029	3.22710761515668e-11	c16	AC008555.5
1.46149830750614e-15	2.34930000468896	0.016	0.005	4.9015730237141e-11	c16	DLGAP1
1.48385598224021e-15	1.07819720704839	0.04	0.019	4.97655619323723e-11	c16	TRAV12-2
1.75517783028484e-15	0.168495318710166	0.868	0.898	5.8865154072093e-11	c16	RPS29
1.8781784600404e-15	0.60350954357261	0.333	0.3	6.29903491928349e-11	c16	ELOVL5
2.36752620015385e-15	1.19285705125143	0.088	0.055	7.94020937007599e-11	c16	AC093010.2
2.43088634483148e-15	2.29003118748027	0.011	0.003	8.15270662329582e-11	c16	CPLX1
2.77984044999641e-15	1.74384910357497	0.033	0.015	9.32302890119796e-11	c16	SGPP2
2.78063047443317e-15	0.294911254311075	0.653	0.675	9.32567848515397e-11	c16	SRSF5
2.98501022248681e-15	1.04341464804553	0.096	0.062	1.00111272841763e-10	c16	TNFSF8
3.04969586143762e-15	0.141747159905028	0.107	0.171	1.02280699800895e-10	c16	GLA
3.3664039203754e-15	1.5708639994815	0.031	0.014	1.1290245468155e-10	c16	TRAV2
4.00792060140366e-15	0.12871787768419	0.855	0.876	1.34417641129876e-10	c16	RPL10A
4.37906509421699e-15	0.83191785063558	0.15	0.109	1.46865085129849e-10	c16	NDFIP2
4.39827928624866e-15	0.587975440179638	0.397	0.378	1.47509490702208e-10	c16	EML4
4.74020333066776e-15	0.525482064842211	0.458	0.452	1.58976939303935e-10	c16	SCAND1
4.85989542475783e-15	0.936016718752988	0.135	0.096	1.62991172755528e-10	c16	CRY1
5.03553769445024e-15	0.390256640115776	0.545	0.547	1.68881863196472e-10	c16	PTGES3
5.30422000637389e-15	1.26057147447651	0.075	0.046	1.77892930573768e-10	c16	ZNF101
5.53920721178291e-15	1.56510380461489	0.069	0.041	1.85773931468775e-10	c16	RRS1
5.93492735776876e-15	0.870209627197127	0.164	0.124	1.99045593724849e-10	c16	SUSD3
6.68281612162304e-15	1.63324733852813	0.024	0.009	2.24128287086994e-10	c16	TRBV5-6
6.71545267576046e-15	1.33083147281935	0.089	0.058	2.25222851839654e-10	c16	HAPLN3
6.90592405670696e-15	0.193815180538021	0.776	0.787	2.31610881013838e-10	c16	CALM1
7.34986021793051e-15	1.35048852058223	0.082	0.051	2.46499611988954e-10	c16	RAB33A
7.62909202193293e-15	1.19195641972461	0.152	0.115	2.55864488231587e-10	c16	TRAF3
7.70364528631762e-15	0.657717333393747	0.333	0.302	2.5836485561252e-10	c16	SEPT6
1.21011482817525e-14	0.137620407803241	0.112	0.178	4.05848311073417e-10	c16	FAM173A
1.34082969077873e-14	0.23956387521207	0.735	0.764	4.49687461693371e-10	c16	SRP14
1.4176331222976e-14	0.632123675570162	0.123	0.084	4.75445796556169e-10	c16	INPP4B
1.91633318311973e-14	0.601630604476883	0.369	0.342	6.42699822954696e-10	c16	AES
2.06045155056664e-14	0.542160916595269	0.283	0.235	6.91034241029041e-10	c16	LBH
2.25257700897991e-14	0.561948789978385	0.443	0.439	7.55469277271683e-10	c16	RHOG
2.80548207015059e-14	0.787343765461535	0.278	0.245	9.40902576687106e-10	c16	MRFAP1
3.09797082785633e-14	0.860126051461941	0.172	0.132	1.03899745624646e-09	c16	CASP8
5.22180683927113e-14	2.37976777166634	0.018	0.006	1.75128957775475e-09	c16	CYP7B1
5.41666227905799e-14	0.822583439364882	0.176	0.136	1.81664019515047e-09	c16	ODF2L
5.72785036906769e-14	1.03024207453219	0.108	0.074	1.92100645677792e-09	c16	ECHDC2
6.6922418472155e-14	0.616463755406031	0.332	0.302	2.24444407071913e-09	c16	NSD3
7.47610203119924e-14	1.19561568657403	0.091	0.06	2.5073350992236e-09	c16	CCDC66
8.36507161646368e-14	1.18777967286073	0.127	0.093	2.80547771872959e-09	c16	STN1
9.5191325961418e-14	1.21631620469746	0.128	0.094	3.19252669009404e-09	c16	MAP1LC3A
9.65759993365057e-14	0.818858739937815	0.183	0.142	3.23896586574773e-09	c16	AC243960.1
1.26794527200574e-13	1.48736397958171	0.043	0.022	4.25243485325284e-09	c16	NR1D1
1.46765644725111e-13	0.120450462233078	0.102	0.162	4.92222619279078e-09	c16	TXNL4A
1.73896140474972e-13	0.435359561448353	0.516	0.521	5.8321287592496e-09	c16	ELF1
1.74679201107546e-13	0.283187655886298	0.637	0.637	5.85839104674487e-09	c16	ARPC1B
1.74865353929828e-13	2.01820090646794	0.03	0.014	5.86463424009856e-09	c16	AC017002.1
1.87492302579235e-13	1.62386653371384	0.025	0.01	6.28811684390237e-09	c16	TRAV38-2DV8
2.26996295756031e-13	0.745565478557207	0.247	0.209	7.61300176706577e-09	c16	SNRPN
2.91617464300263e-13	1.50244314708706	0.029	0.013	9.78026651770222e-09	c16	LINC02361
3.57036454699614e-13	1.06275193866527	0.085	0.055	1.19742886177156e-08	c16	RIC3
3.7405871782411e-13	0.794876137119222	0.265	0.234	1.2545181278385e-08	c16	NME3
3.92518422866066e-13	2.09184477554736	0.012	0.004	1.31642828660821e-08	c16	LINC01891
5.03448680342833e-13	0.460401934207477	0.424	0.399	1.68846618413379e-08	c16	HSPB1
5.4845244135374e-13	0.123757851363217	0.891	0.906	1.83939979781217e-08	c16	NACA
5.74591911098016e-13	2.67253717900478	0.01	0.003	1.92706635144052e-08	c16	CHRNA6
5.76913804597992e-13	0.747798611787078	0.326	0.309	1.93485351786074e-08	c16	SDF4
5.98118179409647e-13	1.84577103973874	0.017	0.006	2.00596875010407e-08	c16	COL5A1
6.95827314986181e-13	1.5205648044155	0.037	0.019	2.33366564900065e-08	c16	MBOAT1
7.53585607242489e-13	0.836926614413457	0.167	0.13	2.52737540956986e-08	c16	JAK3
7.81014698237259e-13	1.74980469275793	0.051	0.029	2.61936709494812e-08	c16	CHST7
8.17308256169055e-13	0.729017698284942	0.172	0.133	2.74108842953978e-08	c16	OXNAD1
8.26340989842545e-13	1.34922250106883	0.056	0.033	2.77138241173393e-08	c16	AC012645.3
1.04064539734393e-12	1.0224279411037	0.098	0.067	3.49011653361208e-08	c16	IL18R1
1.10946445606915e-12	1.60141630470673	0.024	0.01	3.72092189276471e-08	c16	TRBV24-1
1.15112347781535e-12	0.458052643398211	0.27	0.226	3.86063791989713e-08	c16	PRKCH
1.16101758682829e-12	0.942046715775402	0.207	0.172	3.89382078270474e-08	c16	DEDD2
1.30290301196938e-12	0.326835895463081	0.629	0.636	4.36967612154289e-08	c16	TAGLN2
1.33505981457261e-12	0.633105725977203	0.281	0.247	4.47752360611363e-08	c16	DEF6
1.46396173397733e-12	2.35221194781866	0.014	0.005	4.90983486341317e-08	c16	PDE9A
1.52124894107342e-12	0.731292001736752	0.322	0.297	5.10196469857205e-08	c16	DOK2
1.7601808079415e-12	1.78989890518563	0.012	0.004	5.9032943936742e-08	c16	AP003716.1
1.84340934069701e-12	0.190444133985573	0.737	0.755	6.18242624682965e-08	c16	NPM1
2.05403706894084e-12	1.46509990596793	0.031	0.015	6.88882952181378e-08	c16	TRBV7-6
2.23860513030285e-12	0.60176366223175	0.343	0.321	7.50783388600969e-08	c16	MZT2A
2.24884057440597e-12	0.108464149929629	0.106	0.163	7.54216151844273e-08	c16	ECHS1
2.57569770796398e-12	0.440526205834869	0.515	0.53	8.6383749729696e-08	c16	EIF4A2
2.81054750752202e-12	0.609419446710484	0.25	0.211	9.42601423072735e-08	c16	GPRIN3
3.05940642420244e-12	1.85280195700062	0.014	0.005	1.02606372654901e-07	c16	TRBJ1-1
3.21219792077742e-12	1.50214253669759	0.018	0.007	1.07730693867033e-07	c16	CDHR3
3.36900052920227e-12	0.3342053063622	0.598	0.584	1.12989539748386e-07	c16	CXCR4
3.40721260529713e-12	0.546290155855689	0.349	0.324	1.14271096356455e-07	c16	CDC42SE2
3.67473435357441e-12	0.11618318542614	0.101	0.156	1.23243240750179e-07	c16	ORMDL2
3.77893239551398e-12	1.1676564420059	0.072	0.046	1.26737834680748e-07	c16	ACTA2
3.986015084076e-12	1.08391722024767	0.106	0.076	1.33682973889741e-07	c16	BEX3
4.38666935963587e-12	0.163414467587253	0.109	0.167	1.47120116983468e-07	c16	TMEM126A
4.66032130666747e-12	1.4971357846534	0.022	0.009	1.56297855983014e-07	c16	TRBV4-1
4.70509604556431e-12	0.10689105618261	0.097	0.151	1.57799511176136e-07	c16	CSRP1
6.89751267976728e-12	0.146101769318423	0.099	0.154	2.31328780254035e-07	c16	SUCLG1
6.94095190411133e-12	0.689817189764987	0.29	0.261	2.32785644960086e-07	c16	FOXP1
7.3141409253737e-12	0.15327171726432	0.106	0.162	2.45301658355183e-07	c16	DPH3
7.45294178566881e-12	2.51944169019554	0.015	0.006	2.49956761607761e-07	c16	TSHR
7.55623320222792e-12	1.81878833135132	0.021	0.009	2.5342094913632e-07	c16	TRBV29-1
8.1355613205844e-12	0.182784873109212	0.106	0.162	2.72850455569759e-07	c16	HADHB
8.39981800235669e-12	0.117661501420095	0.073	0.119	2.81713096163039e-07	c16	SLC39A1
8.98508226892321e-12	1.78509279490757	0.033	0.017	3.01341689135147e-07	c16	AL606807.1
9.52335371890493e-12	1.27991791151954	0.017	0.007	3.19394237024633e-07	c16	ANKRD55
1.08788089729711e-11	1.65407946720682	0.057	0.034	3.64853495335503e-07	c16	CPNE2
1.09149615563623e-11	1.06973161170566	0.07	0.044	3.66065980677279e-07	c16	LDLRAP1
1.14877784285729e-11	1.01633016195769	0.158	0.126	3.85277112937479e-07	c16	JAZF1
1.29302805464313e-11	0.188915744974632	0.08	0.127	4.33655748966214e-07	c16	MRPL40
1.60691695405069e-11	0.116373686217961	0.12	0.178	5.38927808049521e-07	c16	NUDT22
1.62063722629535e-11	1.92443514608998	0.022	0.009	5.43529312954934e-07	c16	TRBV10-3
1.6590031296181e-11	0.900263301889321	0.101	0.071	5.56396469611317e-07	c16	MLLT3
1.68994122461291e-11	0.469470131566486	0.364	0.341	5.66772487910678e-07	c16	ICAM3
1.7078604457793e-11	2.21162234803131	0.01	0.003	5.72782236305461e-07	c16	DIRAS3
1.8707382674419e-11	2.10516701961537	0.014	0.005	6.27408200134665e-07	c16	TRBV11-3
1.89302951968651e-11	1.63140829511427	0.028	0.014	6.34884240312462e-07	c16	TRBV11-2
1.93621526933174e-11	0.681210787150537	0.303	0.281	6.4936787702848e-07	c16	TECR
1.96850414349364e-11	1.66447976709197	0.018	0.007	6.60196919644895e-07	c16	AL109914.1
1.96889015403981e-11	0.538022353189433	0.307	0.274	6.6032637986187e-07	c16	RNF19A
2.07998109481603e-11	1.10490878293435	0.071	0.046	6.97584059579401e-07	c16	LINC00426
2.40919265861459e-11	0.618635697321873	0.316	0.297	8.07995033846161e-07	c16	TNFRSF14
2.60258951593152e-11	0.100995907496047	0.139	0.204	8.72856471853115e-07	c16	NAXE
2.71101169026402e-11	0.288528520457549	0.246	0.197	9.09219100680748e-07	c16	KLRB1
2.81266591105569e-11	1.80261912762058	0.011	0.004	9.43311893249858e-07	c16	AL121748.1
2.87200094652194e-11	0.107265907062757	0.076	0.121	9.63211677444529e-07	c16	TSG101
3.10773749961554e-11	0.149698641551181	0.077	0.123	1.04227300262106e-06	c16	RPL26L1
3.24011065316384e-11	0.45118207507577	0.476	0.484	1.08666831085809e-06	c16	SF1
3.51165066922918e-11	0.57700306252414	0.13	0.096	1.17773740144608e-06	c16	RGL4
3.5167685768394e-11	1.35072336310145	0.019	0.008	1.1794538453004e-06	c16	RORC
4.16697776736331e-11	0.827756417706246	0.28	0.258	1.39752100361831e-06	c16	GLUD1
4.87713672092429e-11	0.653438610660693	0.278	0.25	1.63569411346359e-06	c16	RHOF
5.24462754786623e-11	0.319830681872161	0.585	0.619	1.75894318700338e-06	c16	EDF1
5.35844957558499e-11	0.940973335915134	0.139	0.107	1.7971168186597e-06	c16	PLSCR3
6.10472192591119e-11	1.17287474589767	0.034	0.018	2.04740163951209e-06	c16	ATXN7.1
6.19411180181223e-11	0.6573963821776	0.292	0.265	2.07738121609179e-06	c16	BCAS2
6.5132099381421e-11	0.125776275109224	0.182	0.254	2.1844003490541e-06	c16	EIF4E
6.90901679862387e-11	0.103705818865914	0.065	0.106	2.31714605392247e-06	c16	DBNDD2
6.99796312532871e-11	0.148749161875153	0.078	0.123	2.34697687297274e-06	c16	AL365205.1
7.27327024501478e-11	1.5018653970271	0.02	0.008	2.43930937477306e-06	c16	TRAV10
7.91649194711766e-11	0.107722975777236	0.065	0.106	2.65503306922432e-06	c16	TIMM50
8.63719353578826e-11	1.30926407462715	0.061	0.039	2.89674196803267e-06	c16	DGKE
8.653556484702e-11	0.16817903399041	0.101	0.153	2.90222977383936e-06	c16	COA4
8.79350038466909e-11	0.126863823369843	0.083	0.128	2.94916415901032e-06	c16	LEPROT
9.17072693824026e-11	1.53721339069835	0.032	0.016	3.07567840054702e-06	c16	RGPD2
1.02231717376348e-10	2.3208082941647	0.014	0.005	3.42864733736796e-06	c16	LINC00891
1.04095293651404e-10	0.464746808452273	0.022	0.048	3.49114795848079e-06	c16	IL10
1.05511664827312e-10	0.132950581104721	0.063	0.103	3.53865021497839e-06	c16	MRPS14
1.13390526997252e-10	1.13812460623642	0.086	0.059	3.80289149443385e-06	c16	NCK2
1.4078218096255e-10	0.37049264511541	0.438	0.423	4.72155278512201e-06	c16	RGS10
1.40950580775846e-10	2.32293313421316	0.01	0.003	4.72720057806032e-06	c16	TRBV13
1.55103944866554e-10	0.496259523839723	0.453	0.439	5.20187610293448e-06	c16	CTSC
1.59322914371619e-10	0.902107252654241	0.172	0.141	5.34337190219537e-06	c16	BCL2
1.65301106661776e-10	0.134880145460874	0.136	0.195	5.54386851522264e-06	c16	BACH1
1.69487393732775e-10	0.162896470591537	0.783	0.812	5.68426821100982e-06	c16	ATP5MC2
1.76448657362984e-10	0.108767274280192	0.17	0.239	5.91773507063975e-06	c16	SNX17
1.79734992274977e-10	0.114678825519035	0.95	0.944	6.02795217091817e-06	c16	PFN1
1.81830614386087e-10	1.72230705275547	0.014	0.005	6.09823514528059e-06	c16	TRAV35
1.86651575698824e-10	0.10795021351557	0.146	0.208	6.25992054578717e-06	c16	TXN2
2.02513178061951e-10	0.105773952526102	0.2	0.274	6.79188696584172e-06	c16	XRCC5
2.08506364912402e-10	0.223255597574318	0.084	0.13	6.99288646643215e-06	c16	PSMB5
2.14028534897112e-10	1.26199098403185	0.055	0.034	7.17808900337933e-06	c16	BTLA
2.16633541587608e-10	0.131381463113142	0.082	0.126	7.26545571776521e-06	c16	DESI1
2.23314676371962e-10	0.185564300704604	0.061	0.099	7.48952761616287e-06	c16	AC100810.1
2.2873118888845e-10	2.01046223505379	0.018	0.007	7.67118661294084e-06	c16	CEACAM1
2.37925781334201e-10	0.122317345071564	0.129	0.187	7.97955485438642e-06	c16	MRPL4
2.45789237628628e-10	0.123001938404426	0.066	0.106	8.24327945158893e-06	c16	SGTA
2.52665434254581e-10	0.199711854710371	0.078	0.121	8.47389333403015e-06	c16	RTCB
2.54590826230283e-10	1.20083977215662	0.076	0.051	8.53846713011123e-06	c16	SETD1B
2.558168505001e-10	1.19486939603158	0.087	0.061	8.57958553207236e-06	c16	TIAM1
2.988343777761e-10	2.51403969392618	0.013	0.005	1.00223073618549e-05	c16	IL21
3.0299941367324e-10	0.105187861787458	0.082	0.126	1.01619943357731e-05	c16	CLPTM1
3.39854468485875e-10	0.596876806903158	0.248	0.214	1.13980391640793e-05	c16	OPTN
3.56015453202845e-10	1.14643258341258	0.03	0.016	1.1940046269517e-05	c16	LINC02273
3.68049238100961e-10	1.2118220977586	0.05	0.03	1.234363534743e-05	c16	ZDBF2
3.75883013084136e-10	0.790239252656605	0.18	0.148	1.26063644928157e-05	c16	GCHFR
3.78623668833456e-10	2.13659462992927	0.011	0.004	1.26982806053364e-05	c16	B3GALT2
3.85163054516199e-10	1.74131108753238	0.018	0.008	1.29175985223643e-05	c16	TRBV14
3.96015691751498e-10	0.723439908601819	0.285	0.265	1.32815742699618e-05	c16	MAT2B
4.15370798427684e-10	0.162838946992071	0.094	0.142	1.39307058376677e-05	c16	TMED3
4.47733593813776e-10	0.18374441153035	0.722	0.748	1.50160892693264e-05	c16	SUB1
4.54805815940448e-10	1.90108995102237	0.014	0.005	1.52532774550108e-05	c16	BFSP2-AS1
4.57766238073693e-10	0.178841832844868	0.11	0.161	1.53525640925155e-05	c16	GTF2H5
4.95953451127226e-10	0.104063708261166	0.068	0.108	1.66332868439049e-05	c16	NDUFA7
5.09694919559394e-10	0.434389556776505	0.326	0.296	1.7094148212183e-05	c16	TBC1D10C
5.40684576340116e-10	0.110938107129503	0.114	0.165	1.81334793212948e-05	c16	PSMC6
5.51680166328625e-10	0.276508963982306	0.621	0.66	1.85022494183294e-05	c16	UBE2D3
5.664628994134e-10	1.26512449291368	0.064	0.041	1.89980327205266e-05	c16	AC058791.1
6.39321416048043e-10	1.30239778364868	0.104	0.077	2.14415616514193e-05	c16	GADD45G
6.69813311773142e-10	0.792176455447283	0.213	0.184	2.24641988502476e-05	c16	PDCL3
7.08596888405851e-10	0.174566916566384	0.033	0.061	2.37649224433554e-05	c16	IRF5
7.44229644270105e-10	0.109050652165428	0.113	0.163	2.49599738095308e-05	c16	MED28
7.48546420871885e-10	0.15839397026881	0.068	0.108	2.51047498632013e-05	c16	AP1S1
7.60463703544884e-10	1.08795562123032	0.157	0.129	2.55044316894883e-05	c16	CCM2
7.65964371549708e-10	1.43905980022419	0.018	0.007	2.56889130930341e-05	c16	TRAV26-2
7.67056928622746e-10	1.5672310769597	0.02	0.009	2.57255552721496e-05	c16	TRAV8-1
8.36586206958175e-10	0.561135755912975	0.288	0.257	2.80574282089633e-05	c16	CNOT6L
9.36622259386848e-10	0.10533399268276	0.078	0.12	3.14124373353161e-05	c16	NTMT1
9.63688213005014e-10	0.114543025360694	0.068	0.107	3.23201752877622e-05	c16	NOLC1
9.84892704276192e-10	0.138636538375856	0.107	0.157	3.30313315160149e-05	c16	ATXN10
9.98473711652134e-10	0.121850122533369	0.087	0.131	3.34868113413893e-05	c16	PTOV1
1.0357579786261e-09	0.118947296728424	0.05	0.084	3.4737251087162e-05	c16	CMAS
1.04280514610054e-09	0.206434597188199	0.106	0.156	3.49735989899199e-05	c16	MOB3A
1.14134682592627e-09	0.167205793544849	0.224	0.308	3.82784898479153e-05	c16	DNAJC15
1.15430612970413e-09	0.117479379207425	0.041	0.072	3.87131189780171e-05	c16	COPG1
1.16831519200839e-09	1.0854434395625	0.029	0.015	3.91829549095773e-05	c16	TRAV21
1.19566725101073e-09	0.14669232256823	0.09	0.134	4.01002882643978e-05	c16	RNF5
1.2125963197587e-09	0.152106203945689	0.093	0.138	4.06680553720671e-05	c16	TPRKB
1.2374628626985e-09	0.10577935578947	0.109	0.158	4.15020294891822e-05	c16	RBM6
1.26111714668184e-09	0.156265931105658	0.106	0.155	4.22953468654156e-05	c16	DDRGK1
1.290930340659e-09	0.923074392137545	0.066	0.044	4.32952217650214e-05	c16	UBASH3A
1.31725755710906e-09	0.118155769849763	0.123	0.176	4.41781839503237e-05	c16	TMEM70
1.34423985145218e-09	0.102101404227657	0.139	0.197	4.50831161380032e-05	c16	LSM10
1.36124550920691e-09	1.3078768377438	0.081	0.057	4.56534518877814e-05	c16	SLC16A1
1.37814255661237e-09	0.13341810789423	0.045	0.077	4.62201450636657e-05	c16	NUBP1
1.50880638455258e-09	0.109071231148937	0.077	0.118	5.06023485251243e-05	c16	COMMD5
1.57915313401572e-09	0.142463805138302	0.078	0.12	5.29616378086193e-05	c16	ANAPC13
1.61154280736646e-09	2.16089603335505	0.016	0.007	5.40479226734563e-05	c16	MYO5C
1.6157575038231e-09	1.15893958172813	0.045	0.027	5.41892751632193e-05	c16	FXYD1
1.67869027589938e-09	1.1072861289302	0.116	0.089	5.62999144731133e-05	c16	LIMA1
1.94384774187729e-09	0.886456442981435	0.095	0.069	6.51927655670804e-05	c16	AP002387.2
1.95694896915224e-09	0.467807360789525	0.342	0.317	6.56321545274278e-05	c16	ACAP1
2.02260602425483e-09	0.11430613761073	0.06	0.096	6.78341608414586e-05	c16	DNAJB2
2.03228669069331e-09	0.843502163047009	0.02	0.009	6.81588310324723e-05	c16	LINC00402
2.03847805414282e-09	0.284072263159161	0.067	0.105	6.83664769798419e-05	c16	UCHL3
2.05076853051756e-09	0.180473296377814	0.396	0.359	6.87786749764978e-05	c16	GPR183
2.09172820995468e-09	0.13906898858632	0.11	0.159	7.015238070546e-05	c16	MRPL27
2.18529972900857e-09	0.564515136850509	0.401	0.408	7.32905823114895e-05	c16	PAIP2
2.22143899303666e-09	0.504278242764167	0.783	0.798	7.45026209484636e-05	c16	DUSP1
2.23839796687814e-09	0.169324972849225	0.338	0.288	7.5071391013159e-05	c16	CD3G
2.36289438071332e-09	0.103428085163921	0.214	0.29	7.92467517403633e-05	c16	ADRM1
2.39591835995228e-09	0.111485962754695	0.069	0.107	8.03543099560794e-05	c16	DYNC1LI1
2.42506640166241e-09	0.526410965615744	0.308	0.285	8.1331876978954e-05	c16	IKZF1
2.46545966880745e-09	1.06808255439178	0.019	0.008	8.26865863724642e-05	c16	AC013264.1
2.53174697828806e-09	0.128346310047454	0.161	0.223	8.49097301578249e-05	c16	SPPL2A
2.57618770936322e-09	0.176250670946013	0.089	0.132	8.64001833966238e-05	c16	RPL7L1
2.7360116506079e-09	0.147031048480897	0.096	0.141	9.17603587380878e-05	c16	KCTD20
2.79195748295644e-09	1.97331083567107	0.016	0.007	9.36366700633931e-05	c16	AC084018.2
2.84725097071113e-09	1.462654116887	0.066	0.045	9.54911030557098e-05	c16	SETD7
2.9570006946431e-09	1.23456996350359	0.076	0.053	9.91718892969403e-05	c16	MFHAS1
2.97096422993563e-09	0.133044936604526	0.137	0.193	9.96401983435812e-05	c16	VDAC3
3.36200196086361e-09	0.118793615923245	0.202	0.276	0.000112754821763444	c16	MRPS24
3.46618396546194e-09	0.102160287239259	0.036	0.064	0.000116248877833663	c16	FAM174A
3.6669570251622e-09	0.196156283503567	0.681	0.726	0.00012298240470989	c16	OST4
3.82999637996064e-09	0.433017929149651	0.384	0.372	0.00012845041859112	c16	ARHGEF1
3.86742454716063e-09	0.105976725525273	0.14	0.197	0.000129705684462673	c16	MMP24OS
4.00693920738756e-09	0.142771569785314	0.186	0.255	0.000134384727137364	c16	SH3GLB1
4.0996654018719e-09	0.106506833221059	0.2	0.269	0.00013749457824798	c16	YME1L1
4.4300764503962e-09	0.119097455817382	0.085	0.126	0.000148575903993388	c16	MTHFS
4.45755892851822e-09	0.229980125301369	0.085	0.127	0.000149497611344644	c16	TXNDC15
4.48056182996698e-09	0.101402198179114	0.061	0.096	0.000150269082653433	c16	MGAT2
4.54366472471105e-09	0.148620558620768	0.113	0.161	0.000152385427537359	c16	ITPA
4.5483251707451e-09	0.103434480417661	0.115	0.163	0.000152541729576449	c16	C22orf39
4.7210493444077e-09	0.168094958330201	0.17	0.234	0.000158334552912745	c16	CHMP5
4.75551064444433e-09	0.130404782810831	0.08	0.12	0.000159490315993374	c16	ACTR10
4.8113119471758e-09	1.00576428525421	0.13	0.103	0.000161361780084382	c16	CFAP20
4.92499863799431e-09	1.13970937226268	0.08	0.056	0.000165174604321053	c16	PGM2L1
5.07333483736482e-09	0.30463656004864	0.079	0.119	0.000170149503775541	c16	IL10RB
5.11496626557505e-09	0.70407451395118	0.236	0.209	0.000171545738614856	c16	SELPLG
5.2460499226107e-09	1.31745560232603	0.026	0.014	0.000175942022304518	c16	AF165147.1
5.52196076043608e-09	0.54776544727996	0.467	0.476	0.000185195519983505	c16	ZFAND5
5.56768266386268e-09	1.03276702298507	0.064	0.043	0.000186728941180627	c16	KIAA0391
5.57521268965064e-09	0.173639201331354	0.149	0.206	0.000186981483185503	c16	NEU1
5.70068896243308e-09	0.147422441656585	0.07	0.108	0.000191189706422081	c16	TOR1A
5.8387614313766e-09	0.691327521853212	0.193	0.163	0.000195820380885508	c16	SLC44A2
5.84642384746749e-09	0.106965669594629	0.151	0.208	0.000196077362996365	c16	SZRD1
5.98481548968586e-09	0.184569482327441	0.092	0.135	0.000200718741893084	c16	SHMT2
6.15468472383501e-09	0.134587949084713	0.143	0.198	0.000206415816267979	c16	SF3B4
6.51683760247849e-09	0.136709979889806	0.106	0.153	0.000218561699511924	c16	PFDN1
6.60158927678881e-09	0.119406729941516	0.054	0.087	0.000221404101164943	c16	CREB3
6.62351592763908e-09	0.142601609509597	0.211	0.288	0.00022213947718116	c16	ERGIC3
6.69749331822374e-09	0.176253320797084	0.172	0.238	0.000224620530906588	c16	NDUFB5
7.76538915186154e-09	0.118706377194646	0.071	0.109	0.000260435621375132	c16	PSME4
7.97017841754173e-09	0.163909351870194	0.051	0.082	0.000267303843767515	c16	UTP11
8.06265310197653e-09	0.335679018629433	0.525	0.549	0.000270405259734089	c16	HIGD2A
8.4191655539248e-09	0.303164057124474	0.543	0.574	0.00028236197434753	c16	TRIR
8.716236617737e-09	0.16619534468297	0.115	0.164	0.000292325143685663	c16	ZCRB1
9.02381274186257e-09	0.212979078105629	0.114	0.163	0.000302640631736587	c16	STIP1
9.46152326153829e-09	0.11729277419818	0.064	0.099	0.000317320567145471	c16	HTRA2
9.81137348910344e-09	0.113554875087991	0.166	0.227	0.000329053844077551	c16	FUNDC2
1.04529742565583e-08	0.590722697452412	0.289	0.27	0.000350571850616452	c16	TSTD1
1.06001689220962e-08	0.173765366211565	0.025	0.048	0.000355508465309263	c16	AC007388.1
1.06499704147747e-08	0.106676040353035	0.133	0.186	0.000357178707770714	c16	MRPS18C
1.07930077744938e-08	0.100361643380239	0.153	0.211	0.000361975894740972	c16	EMC4
1.09877624465782e-08	0.187049295970911	0.163	0.225	0.000368507576933338	c16	BTF3L4
1.13857622285955e-08	0.318875131943043	0.515	0.541	0.000381855693622635	c16	EIF3F
1.14655176435612e-08	0.101386321539231	0.103	0.147	0.000384530530729757	c16	SHARPIN
1.17834619728532e-08	1.26038361236351	0.034	0.019	0.00039519374764555	c16	TRBV9
1.22567805868552e-08	0.101026683458957	0.12	0.168	0.000411067907321949	c16	FAM204A
1.25234274674759e-08	0.129294331133007	0.089	0.13	0.000420010710404207	c16	INTS11
1.2921599092473e-08	0.112769324403709	0.129	0.18	0.000433364590363361	c16	NDUFA10
1.40492898343611e-08	0.244025207025578	0.14	0.195	0.000471185082464801	c16	SNX5
1.41837914591589e-08	1.51214281535771	0.015	0.007	0.000475695997957269	c16	MORN3
1.43050684965207e-08	0.112433003675233	0.093	0.135	0.00047976338723631	c16	GPR108
1.4667979332576e-08	0.113239214153828	0.126	0.177	0.000491934690855935	c16	DCTN2
1.50738209906448e-08	0.724864525986967	0.222	0.198	0.000505545808384246	c16	ZNF292
1.54452255617406e-08	1.56940166571835	0.03	0.017	0.000518001974889658	c16	MCF2L2
1.55170802561215e-08	0.117145466275479	0.215	0.29	0.000520411837629802	c16	ZNHIT1
1.57660433453492e-08	0.123876916554017	0.092	0.133	0.00052876156171632	c16	MRPS26
1.57869113106775e-08	0.12387311211058	0.218	0.29	0.000529461431537501	c16	EIF4A3
1.66444675138713e-08	0.116249671287062	0.126	0.177	0.000558222151480216	c16	BUD23
1.74245639743303e-08	0.312374053075528	0.503	0.509	0.000584385026571091	c16	LIMD2
1.76054115994766e-08	0.161542996822101	0.746	0.779	0.000590450294223246	c16	RPL4
1.79842155473649e-08	0.290633297556078	0.58	0.615	0.000603154621027524	c16	ATP6V1G1
1.81876049593223e-08	0.175847957861359	0.206	0.28	0.000609975895125753	c16	COX16
1.86581599546587e-08	0.124953191278657	0.071	0.107	0.000625757368559344	c16	ABCE1
1.87352470163895e-08	0.21514822343301	0.056	0.089	0.000628342714435672	c16	DUSP22
1.94419305207588e-08	0.698987449974587	0.196	0.168	0.000652043465805208	c16	CRYBG1
2.01195085305634e-08	0.114903308493614	0.237	0.315	0.000674768077098034	c16	CSNK1A1
2.03992079462038e-08	0.123076726281307	0.071	0.107	0.000684148636099784	c16	BABAM1
2.04585974706803e-08	0.155427531582497	0.083	0.122	0.000686140441971676	c16	ARSA
2.1896602431249e-08	0.103204170784249	0.065	0.099	0.000734368252339228	c16	SIKE1
2.26516167896298e-08	1.42536175710747	0.027	0.014	0.000759689923890603	c16	TRBV7-3
2.2838258578775e-08	0.184770195221109	0.093	0.135	0.000765949516214956	c16	MRPS5
2.45941151839124e-08	0.328177836955344	0.549	0.578	0.000824837435038055	c16	SAP18
2.49948302706259e-08	0.16715423838067	0.042	0.071	0.00083827661761625	c16	TRAP1
2.52879143010707e-08	0.131237297908998	0.167	0.226	0.000848106069829308	c16	GNG10
2.55215969690264e-08	0.969990995493234	0.129	0.104	0.000855943319147209	c16	UHRF2
2.56743179182599e-08	0.525469764223123	0.37	0.373	0.000861065274342602	c16	CHURC1
2.62605477030024e-08	0.104670279888124	0.088	0.128	0.000880726248863293	c16	TSTA3
2.65431026110568e-08	0.163744066439061	0.081	0.12	0.000890202575369623	c16	POLR2H
2.72780676634595e-08	0.250768895713547	0.037	0.063	0.000914851833297106	c16	TSR3
2.75896264566517e-08	0.256311667471277	0.61	0.646	0.000925300892103185	c16	EIF3K
2.8012226813043e-08	0.170733074516929	0.101	0.145	0.000939474062855837	c16	VPS26A
2.80790791201327e-08	0.108792432788717	0.176	0.235	0.000941716155531009	c16	SASH3
2.9766955003664e-08	0.102150668493452	0.076	0.113	0.000998324136912884	c16	FBXO9
3.03846475803352e-08	0.100057229353394	0.201	0.268	0.00101904031054928	c16	RAB11A
3.099934506317e-08	0.106247712670515	0.099	0.142	0.0010396560347286	c16	MRPL13
3.11528636052411e-08	0.107651962439832	0.169	0.229	0.00104480473959258	c16	PCGF5
3.25226032492009e-08	0.212571948235102	0.161	0.22	0.0010907430677717	c16	SEC14L1
3.30409045912742e-08	0.954775865630911	0.026	0.014	0.00110812585818215	c16	TRAV12-1
3.45970055489495e-08	0.154131379448539	0.137	0.19	0.00116031437210067	c16	CDC26
3.53473363114488e-08	0.152653066009039	0.081	0.119	0.00118547896521337	c16	JKAMP
3.56081575440385e-08	1.05136295937843	0.092	0.069	0.00119422638771196	c16	STAMBPL1
3.56850366642886e-08	0.17356673815177	0.147	0.203	0.00119680475964691	c16	COPZ1
3.60488889481863e-08	0.154926398926309	0.142	0.195	0.00120900763754427	c16	CHCHD5
3.6132616061243e-08	0.835132163334835	0.256	0.241	0.00121181567746197	c16	ANKRD10
3.66779934587341e-08	0.172487993043541	0.076	0.113	0.00123010654461902	c16	HTATSF1
3.82744214921293e-08	1.04179072316401	0.095	0.072	0.00128364754800303	c16	SESN1
3.83871038706837e-08	0.188998843953261	0.096	0.138	0.00128742668961499	c16	GARS
3.86893680643609e-08	0.107932424149626	0.162	0.218	0.00129756402614253	c16	SNHG7
3.87908966460157e-08	0.581690771689583	0.222	0.195	0.00130096909171408	c16	TRAF3IP3
3.90620802305605e-08	0.106935622535488	0.054	0.085	0.00131006404677254	c16	GTF2F2
3.92146619769987e-08	1.64813230162173	0.021	0.01	0.00131518133338458	c16	MCAM
4.16671268450328e-08	0.22301396814495	0.107	0.152	0.00139743210012871	c16	ZFAND3
4.16854395913918e-08	0.966593111220457	0.113	0.088	0.0013980462730161	c16	ZNF281
4.24680065865507e-08	0.168845356306996	0.169	0.231	0.00142429200489974	c16	CHMP2A
4.34111726618873e-08	0.948700197782546	0.133	0.108	0.00145592390873438	c16	SLC25A38
4.37902683783306e-08	0.842852472665835	0.27	0.26	0.00146863802087245	c16	CNIH1
4.38291955476785e-08	0.111754056526411	0.056	0.087	0.00146994356027804	c16	LZIC
4.41042213172804e-08	0.172705066239757	0.038	0.065	0.00147916737453895	c16	CDK5
4.46673389230527e-08	0.196994126123297	0.139	0.192	0.00149805321280134	c16	LMAN1
4.47392301125961e-08	0.100284099491605	0.087	0.126	0.00150046429951625	c16	USP10
4.48399287805263e-08	0.937706781032602	0.083	0.06	0.00150384153144129	c16	NPDC1
4.4871056023273e-08	0.200203631920535	0.091	0.132	0.00150488547690853	c16	GPS1
4.80611073251262e-08	0.10702980671776	0.048	0.077	0.00161187341747008	c16	ETFRF1
4.80938022836955e-08	0.180706195457234	0.098	0.14	0.00161296994099058	c16	WIPI2
4.86996227121549e-08	0.11760632283535	0.143	0.195	0.00163328794652025	c16	RAB14
4.98020304364547e-08	0.187426829709758	0.059	0.091	0.00167026049677782	c16	SRPRB
5.13322269786005e-08	0.135595424107623	0.131	0.18	0.0017215802284083	c16	PCMT1
5.14721200771615e-08	0.120592448454883	0.073	0.108	0.00172627196314784	c16	C12orf10
5.15820788920741e-08	0.11971122545557	0.069	0.103	0.00172995976188238	c16	SAMM50
5.17997709485432e-08	0.189900739144809	0.129	0.178	0.00173726071807224	c16	GNPTG
5.23933966390468e-08	0.116034229255028	0.082	0.12	0.00175716973648035	c16	EEF1E1
5.28138550713439e-08	1.48351607256506	0.027	0.015	0.00177127107138273	c16	FAM241B
5.35464511380015e-08	0.144450695326276	0.097	0.138	0.00179584087826629	c16	ZNFX1
5.56968252789388e-08	0.132143135927615	0.092	0.131	0.00186796012620505	c16	FAM200B
5.64662017387287e-08	0.1150085446132	0.184	0.246	0.00189376347391348	c16	NUTF2
5.64695472872697e-08	0.101310407073829	0.106	0.15	0.00189387567692045	c16	PPP2R5E
5.85311053032254e-08	1.19698608149178	0.048	0.031	0.00196301620965957	c16	FCRL3
5.97945138278378e-08	0.604139081392304	0.335	0.326	0.00200538840475802	c16	MRPS6
6.03111690532131e-08	0.157585667442936	0.149	0.203	0.00202271598770666	c16	COX20
6.09551143155863e-08	0.274995972694361	0.029	0.052	0.00204431262391613	c16	MSRB2
6.13938595593957e-08	0.172011540260268	0.06	0.092	0.00205902726190301	c16	TIGAR
6.27625641761633e-08	0.134578747127741	0.048	0.077	0.00210493087734017	c16	SETDB2
6.30170416155942e-08	0.41342662842045	0.415	0.415	0.0021134655417038	c16	CALM3
6.40799118307959e-08	2.28713210179503	0.01	0.004	0.00214911208298123	c16	RGS6
6.55930226030219e-08	0.101221147996651	0.163	0.221	0.00219985879206015	c16	SDHC
6.80795182332891e-08	0.162739242207855	0.057	0.088	0.00228325088250805	c16	RSRC1
6.8351878980922e-08	0.137947402976264	0.098	0.139	0.00229238531726216	c16	GTF2E2
6.94134571852837e-08	0.238343833599667	0.038	0.064	0.00232798852708005	c16	CCDC43
7.12843606787058e-08	0.169683111942248	0.06	0.091	0.00239073488844244	c16	ZCCHC17
7.28362516259268e-08	0.109681743775678	0.036	0.062	0.00244278220703033	c16	NFKBIL1
7.90330989378006e-08	0.12271826349888	0.046	0.075	0.00265061207217596	c16	CGAS
8.11085549466338e-08	0.123857264982962	0.045	0.073	0.0027202187158002	c16	HDDC3
8.12661428319404e-08	0.982706411025183	0.088	0.065	0.00272550389829762	c16	MAP3K5
8.12994735486375e-08	0.12140355762798	0.057	0.088	0.0027266217438742	c16	TAPBPL
8.26592052796951e-08	0.138026366435056	0.111	0.155	0.00277222442667041	c16	GOLT1B
8.42807340077225e-08	0.117866069266312	0.144	0.195	0.002826607257151	c16	YTHDF2
8.49938073094353e-08	0.104494278633855	0.103	0.145	0.00285052230954384	c16	ERBIN
8.56579336266966e-08	0.124310492500725	0.159	0.214	0.00287279577797215	c16	RCN2
8.68041310044527e-08	0.121451523576055	0.11	0.153	0.00291123694562733	c16	FNTA
8.77129343973653e-08	0.193821079491909	0.122	0.169	0.00294171639381884	c16	U2AF1
8.86069771829819e-08	0.127971728189725	0.192	0.257	0.00297170080076285	c16	PSMD7
8.87379131412574e-08	0.185075277662299	0.071	0.106	0.00297609213093149	c16	RFXANK
8.89973205985401e-08	0.170365828934271	0.11	0.154	0.00298479213823384	c16	NDUFS2
8.90257554806303e-08	0.87315198503552	0.147	0.121	0.00298574578730938	c16	IL21R
8.97233219458993e-08	0.439127317213532	0.36	0.346	0.00300914077142157	c16	AC016831.7
9.11231602024991e-08	0.127438545311412	0.027	0.049	0.00305608854687142	c16	APOO
9.14901190327478e-08	0.218957818602854	0.086	0.124	0.00306839561212029	c16	PSMC2
9.20042408145407e-08	0.156244243698721	0.122	0.168	0.00308563822843807	c16	ZBTB8OS
9.25951554211029e-08	0.111874741678754	0.077	0.112	0.00310545632251295	c16	PDE6D
1.00461608415358e-07	0.952106620507461	0.131	0.106	0.00336928142303428	c16	C21orf91
1.01493213127777e-07	0.129642476330432	0.21	0.278	0.00340387938187938	c16	TMED9
1.03521782582922e-07	0.127606371934195	0.011	0.027	0.00347191354426602	c16	RAPH1
1.07083957437716e-07	0.161719283136287	0.102	0.144	0.00359138176454613	c16	ZFR
1.07612934538565e-07	0.84273691712085	0.02	0.01	0.00360912259855438	c16	IGKV3OR2-268
1.09172091781323e-07	0.196152244533831	0.16	0.218	0.00366141361416201	c16	PSMF1
1.1091908544915e-07	0.308968266021373	0.094	0.134	0.0037200042877936	c16	MRPS33
1.11131878465609e-07	0.157129690637423	0.142	0.194	0.00372714093997958	c16	UFD1
1.11183748836617e-07	1.39335482899218	0.066	0.047	0.00372888056848247	c16	NMB
1.11752921523478e-07	0.564700119444377	0.218	0.191	0.00374796948205442	c16	AAK1
1.20631478249975e-07	1.34826114880765	0.026	0.014	0.00404573851754766	c16	TRAV27
1.21347958691763e-07	0.148994289503853	0.098	0.138	0.00406976783860436	c16	IDH3B
1.28203602352637e-07	0.206089115756086	0.064	0.096	0.00429969241570276	c16	GLMP
1.2852336744394e-07	0.215077777629645	0.119	0.165	0.00431041669733486	c16	CHCHD1
1.30680610595066e-07	2.11991110255609	0.01	0.004	0.00438276631813732	c16	TRAV34
1.36399744449479e-07	0.204348164108373	0.114	0.159	0.00457457462934662	c16	SUGT1
1.45853904989365e-07	0.173557150831817	0.115	0.159	0.00489164826553331	c16	YIPF3
1.49761565079242e-07	0.186690482942519	0.675	0.713	0.00502270336962763	c16	HNRNPDL
1.53143901917664e-07	0.141081775240062	0.052	0.081	0.00513614018251461	c16	SPATA20
1.70415279646376e-07	0.11243448154446	0.12	0.165	0.00571538764878015	c16	PSMD6
1.72103380775578e-07	1.19875272777292	0.058	0.04	0.00577200318445133	c16	LSR
1.76645402809764e-07	0.113785287920256	0.212	0.276	0.00592433351943386	c16	ARL4A
1.76716093042436e-07	0.788782112634295	0.168	0.143	0.00592670432845722	c16	BAG3
1.78247794680055e-07	1.09405724342856	0.246	0.235	0.00597807453797969	c16	MRPL18
1.87332333485605e-07	1.24523120375608	0.019	0.01	0.00628275180044022	c16	TRBV21-1
1.89626949345319e-07	0.52457262633825	0.302	0.285	0.0063597086271433	c16	TRIM22
1.90508216972352e-07	0.155275164004681	0.116	0.16	0.00638926458081875	c16	LRRFIP2
1.92843723201068e-07	1.87418486007545	0.013	0.006	0.00646759278871741	c16	ANK1
1.94040312001534e-07	1.15050436221129	0.079	0.058	0.00650772398390745	c16	YPEL2
1.98164191737864e-07	0.186482542145061	0.111	0.154	0.00664603066250449	c16	UBQLN1
2.0030610570514e-07	0.202283002823345	0.148	0.201	0.00671786617313898	c16	ELAVL1
2.00966420929592e-07	0.233605394235194	0.07	0.104	0.00674001182513666	c16	PAM16
2.01966693694468e-07	0.538120055805814	0.104	0.08	0.00677355897312508	c16	IL1R2
2.04411753963186e-07	0.13516051217541	0.075	0.11	0.00685556140441735	c16	YY1AP1
2.06277970443383e-07	0.828287813475591	0.115	0.091	0.00691815057273018	c16	ARNTL
2.18576653223859e-07	0.128401571011643	0.087	0.123	0.00733062379582179	c16	CSGALNACT2
2.22302600105873e-07	0.167630319902015	0.114	0.157	0.00745558460235077	c16	CPSF6
2.25294440453451e-07	0.191925982242925	0.084	0.12	0.00755592494392783	c16	TIMM23
2.26668018543682e-07	0.199243715955875	0.089	0.127	0.00760199200591801	c16	COQ4
2.26808121905443e-07	0.132150216456083	0.153	0.205	0.00760669079246473	c16	GLS
2.30452117121278e-07	0.999408782061559	0.102	0.079	0.00772890310401343	c16	NAB1
2.41609670063149e-07	0.547228465719104	0.418	0.428	0.00810310511457791	c16	HSPD1
2.48176437014034e-07	0.135813081074239	0.106	0.147	0.00832334134457666	c16	RBM33
2.48986981839687e-07	0.114515135281283	0.034	0.057	0.00835052539693941	c16	GTF3C2
2.49992413054664e-07	0.184798355177183	0.113	0.155	0.00838424554902733	c16	C17orf49
2.52625529263926e-07	0.114425526293995	0.251	0.33	0.00847255500045356	c16	C1orf43
2.59956010843375e-07	0.142552281439925	0.049	0.076	0.00871840469166512	c16	GGCX
2.72983674045074e-07	0.664312327197834	0.288	0.277	0.00915532646012368	c16	TANK
2.74722194363786e-07	0.273299164143235	0.017	0.035	0.00921363295457265	c16	ECI1
2.76178021006982e-07	0.125847495834768	0.078	0.112	0.00926245846853217	c16	CTBP1
2.7719122363885e-07	0.217388846621779	0.098	0.138	0.00929643925839973	c16	MRPL16
2.78117311502346e-07	1.77224280674622	0.01	0.004	0.00932749839316569	c16	IL17RB
2.81609102440351e-07	0.211577518835819	0.064	0.095	0.0094446060776445	c16	KLHDC3
2.91590592497116e-07	0.835423187392239	0.083	0.062	0.00977936529116827	c16	MIAT
2.97466556338683e-07	0.148844209257269	0.134	0.181	0.00997643336648676	c16	SAP30BP
2.97586455544378e-07	0.200080298998446	0.216	0.287	0.00998045454604735	c16	RAB2A
2.98218451570543e-07	0.158596275258777	0.088	0.125	0.0100016504287729	c16	SF3A3
2.99411755523316e-07	0.116683662355627	0.116	0.159	0.010041671456741	c16	URM1
3.01247579157301e-07	0.119962427924586	0.043	0.069	0.0101032413097776	c16	CEP63
3.04178510358692e-07	0.111160773641006	0.079	0.113	0.0102015388804098	c16	UBN1
3.09632671456089e-07	0.496944400808295	0.32	0.306	0.0103844605352943	c16	ZC3HAV1
3.10383884262026e-07	0.161364754614291	0.021	0.04	0.0104096547103798	c16	ADPRH
3.16751477049922e-07	0.155356077619715	0.201	0.266	0.0106232110373003	c16	NAA10
3.17261545380054e-07	1.44931986300108	0.012	0.005	0.0106403177089562	c16	TRAV22
3.172727949156e-07	0.929758886743856	0.206	0.187	0.0106406949958794	c16	AHSA1
3.22699245938286e-07	1.39379909688114	0.049	0.032	0.0108226873102782	c16	ADAT2
3.26758541274843e-07	0.128339615180544	0.201	0.266	0.0109588279572757	c16	MMADHC
3.34814195623804e-07	0.156643227268555	0.036	0.06	0.0112289984928311	c16	NAGPA
3.47169086392316e-07	0.12378005096599	0.044	0.07	0.0116433568194255	c16	STYXL1
3.56421073770503e-07	0.128495601610404	0.127	0.172	0.0119536499721151	c16	HPCAL1
3.57367933496761e-07	0.140324665886764	0.129	0.175	0.0119854057536144	c16	TMEM183A
3.67523263133713e-07	0.185164504312815	0.061	0.091	0.0123259951989785	c16	NAPRT
3.68566868697248e-07	0.121882311050656	0.133	0.179	0.0123609956423683	c16	DNAJC19
3.69393977669091e-07	0.12187892518237	0.046	0.072	0.012388735223066	c16	UBE2Q1
3.72361275702702e-07	0.261474096135455	0.056	0.085	0.0124882524645172	c16	ERI3
3.73740516532258e-07	0.947299170424813	0.046	0.03	0.0125345094434589	c16	ANO9
3.93590412335734e-07	0.201248289405204	0.145	0.196	0.0132002352489158	c16	PSMB4
3.98560850630544e-07	0.218124728699334	0.095	0.133	0.0133669338084472	c16	UBL7
4.02847460797869e-07	1.14413683554666	0.082	0.061	0.0135106981402389	c16	SGTB
4.0655915984112e-07	0.15279327154154	0.119	0.162	0.0136351811027515	c16	METTL5
4.13590740286155e-07	0.110667435437502	0.028	0.049	0.0138710062477171	c16	TTC9C
4.13911802430838e-07	0.67323726046259	0.167	0.143	0.0138817740299255	c16	SELENOM
4.16580999897678e-07	0.112458249000546	0.055	0.083	0.0139712935745683	c16	WDR18
4.32132441952467e-07	0.750796402941056	0.152	0.128	0.0144928578382018	c16	PCED1B
4.36239739248459e-07	0.159738209520149	0.229	0.301	0.0146306083749148	c16	PFDN2
4.38007097970808e-07	0.988125169962057	0.111	0.089	0.014689882051745	c16	ELK3
4.42671392307995e-07	0.425127689130109	0.401	0.395	0.0148463131552255	c16	RNF213
4.45217089327834e-07	0.172116710563824	0.149	0.199	0.0149316907418769	c16	G3BP1
4.46109140753888e-07	2.27300799236188	0.012	0.005	0.0149616083626039	c16	CHDH
4.50514338175611e-07	0.293849730880637	0.022	0.041	0.0151093498737337	c16	FAH
4.60974684024464e-07	0.195862741409731	0.119	0.163	0.0154601689528125	c16	EMC3
4.79281371858389e-07	1.10650658873508	0.083	0.063	0.0160741386493866	c16	TULP4
4.88209484451409e-07	0.162357726029424	0.062	0.092	0.0163735696895314	c16	MRPS28
4.98015124944706e-07	0.124813716073477	0.05	0.077	0.0167024312603956	c16	TMEM199
5.1355351760133e-07	0.180084076514451	0.16	0.214	0.0172235578733134	c16	ORMDL1
5.20830713170478e-07	0.118689650800129	0.141	0.188	0.0174676204583115	c16	DGCR6L
5.21749958227819e-07	0.115914362862028	0.18	0.234	0.0174984500990446	c16	STX11
5.22947629183934e-07	0.213947322013549	0.085	0.121	0.0175386175875708	c16	IMMT
5.24405192245117e-07	0.141233659494431	0.108	0.148	0.0175875013375167	c16	SP3
5.32450779571536e-07	0.141235374734352	0.091	0.127	0.0178573342452702	c16	STX8
5.57534468720683e-07	0.156295436407823	0.025	0.044	0.0186985910119543	c16	AARS
5.60874966600121e-07	0.303663396070534	0.538	0.57	0.0188106246298349	c16	SELENOK
5.69875551260704e-07	0.174818222859972	0.071	0.103	0.0191124862381815	c16	CCDC25
5.78331088549535e-07	0.187650897820223	0.059	0.088	0.0193960680477743	c16	MRPL2
5.85443689233641e-07	0.293153777383234	0.068	0.099	0.0196346104495179	c16	MKNK1
6.14139792826589e-07	0.215552698836425	0.127	0.173	0.0205970203718181	c16	PSMC4
6.14728258163049e-07	0.162606373460298	0.139	0.187	0.0206167563222723	c16	TMED4
6.15837071769118e-07	0.197066693182673	0.123	0.167	0.0206539437129927	c16	STX10
6.56567157962717e-07	1.62547467452868	0.011	0.005	0.0220199493437536	c16	AP000311.1
6.57517906616915e-07	1.50635913391477	0.014	0.006	0.0220518355521181	c16	NAP1L2
6.63765393122853e-07	0.31060581465566	0.035	0.058	0.0222613637545542	c16	TOMM34
6.6590743530569e-07	0.806510778307	0.172	0.15	0.0223332035652822	c16	SRSF8
6.66394297511794e-07	1.8130160897962	0.011	0.004	0.0223495319499505	c16	TRBV7-4
6.68764444985015e-07	1.44841972909099	0.022	0.012	0.0224290219559074	c16	FAM19A2
6.9358974457952e-07	0.107198502491678	0.067	0.097	0.0232616128537079	c16	STK25
6.99888041303579e-07	0.374401327878019	0.452	0.462	0.0234728451292394	c16	IDS
7.05061886424632e-07	0.115598253720828	0.285	0.368	0.0236463655469093	c16	SELENOF
7.11927753300408e-07	0.116480487308459	0.084	0.118	0.0238766329901891	c16	UBA3
7.15065754495727e-07	0.635294696272681	0.304	0.298	0.0239818752742777	c16	USP15
7.21992485972173e-07	0.11529838342072	0.039	0.062	0.0242141839945347	c16	STX18
7.22600741263146e-07	0.112285145254105	0.088	0.123	0.0242345836604834	c16	SLC6A6
7.23700105877323e-07	0.127963297276457	0.064	0.094	0.0242714541509137	c16	OAS3
7.25706739226945e-07	0.333638860955209	0.073	0.106	0.0243387526201933	c16	UQCC3
7.29889902766282e-07	0.116417902827103	0.06	0.088	0.0244790475589756	c16	ASPSCR1
7.37220456198101e-07	0.192636763591702	0.107	0.147	0.0247248996599719	c16	YIPF4
7.39482559262717e-07	0.239286491438319	0.125	0.169	0.024800766072553	c16	CLINT1
7.63334835086782e-07	0.16642868063856	0.044	0.069	0.0256007236991405	c16	SNAPC2
7.66575963570679e-07	0.115863800680689	0.107	0.146	0.0257094246662334	c16	LMF2
7.91037230225714e-07	1.57279452159363	0.013	0.006	0.02652980662731	c16	ZNF483
7.93420742004284e-07	0.811438701266317	0.224	0.21	0.0266097448453397	c16	CLPP
7.96385305567972e-07	0.663304195683897	0.079	0.058	0.0267091703781386	c16	AP3M2
8.0703791687275e-07	0.113760427412331	0.038	0.061	0.0270664376560783	c16	PTRH1
8.13427556906363e-07	0.108763573059285	0.064	0.094	0.0272807334035256	c16	ACAT2
8.20091370283401e-07	0.167770017265942	0.156	0.208	0.0275042243765647	c16	MDH1
8.53043720735413e-07	0.153509499525744	0.07	0.101	0.0286093803060243	c16	SMARCA4
8.54079235959407e-07	1.47925466771804	0.031	0.019	0.0286441094156066	c16	IL7
8.73244528810528e-07	1.28776187187081	0.059	0.042	0.0292868750072475	c16	AC008105.3
8.89803674062928e-07	0.12327203734621	0.102	0.14	0.0298422356207225	c16	COPS5
8.93326402747828e-07	0.131399620921666	0.195	0.254	0.0299603808953567	c16	H2AFJ
9.02660667804192e-07	0.239703213491899	0.096	0.133	0.030273433476817	c16	BCL10
9.05249335779421e-07	0.118454873637575	0.028	0.048	0.0303602522233702	c16	MGME1
9.17926647451302e-07	1.6144535226215	0.011	0.005	0.0307854239022218	c16	LRRC2
9.34596323729202e-07	0.198675586115612	0.073	0.105	0.03134449150523	c16	IBTK
9.43195031538041e-07	0.391928415690896	0.437	0.446	0.0316328749677228	c16	STK4
9.48842853609712e-07	0.142015475498873	0.071	0.103	0.0318222916243625	c16	BEX4
9.51556556054751e-07	0.879781773899801	0.177	0.156	0.0319133037769642	c16	GNA15
9.61027851783929e-07	1.38861738196204	0.044	0.03	0.0322309520931294	c16	PCYOX1L
9.61583833418146e-07	0.105129564166513	0.13	0.174	0.0322495986051778	c16	IRF2
9.70679677932687e-07	0.105688801692396	0.072	0.103	0.0325546550385064	c16	VHL
9.78172647389733e-07	0.550399671448912	0.278	0.263	0.0328059542481569	c16	CLDND1
9.79732795828253e-07	0.169326374109721	0.031	0.052	0.0328582785064879	c16	PDK1
9.97526724518972e-07	1.02805977484956	0.077	0.058	0.0334550512869173	c16	SLC9A9
1.00136953027252e-06	0.135250296676459	0.208	0.273	0.0335839313062799	c16	ATRAID
1.02923698731886e-06	0.189629670076011	0.118	0.16	0.0345185500806999	c16	SMIM12
1.05143156470982e-06	0.137658500727188	0.157	0.207	0.0352629118172381	c16	PPP4R2
1.0981313133288e-06	0.195161187402311	0.026	0.046	0.0368291279864212	c16	LACTB2
1.11805634860674e-06	0.174457563445472	0.111	0.151	0.0374973738195729	c16	TBL1XR1
1.14192548910456e-06	0.656112332900387	0.108	0.085	0.0382978970535887	c16	AC026979.2
1.15550005661212e-06	0.176662903248274	0.118	0.16	0.0387531608986574	c16	CHMP4A
1.16020844861756e-06	1.13786685007677	0.066	0.048	0.0389110709497356	c16	NDUFV2-AS1
1.17651506596653e-06	0.148875918699814	0.069	0.099	0.0394579622823856	c16	BLCAP
1.24091172191106e-06	0.169729576508928	0.152	0.201	0.0416176973294531	c16	PDCD10
1.24222871384748e-06	0.243594417740486	0.092	0.128	0.0416618666050167	c16	SNAPIN
1.24997099066962e-06	0.109514617746189	0.088	0.123	0.0419215270850776	c16	CEBPG
1.2583933996649e-06	0.208430288943513	0.008	0.022	0.0422039978379613	c16	RPP25
1.26458426945728e-06	0.259502219449057	0.032	0.053	0.0424116272290582	c16	HYI
1.2877723357578e-06	0.166042121219273	0.09	0.126	0.0431893085966451	c16	NCBP2
1.28873071519702e-06	0.740438159297148	0.087	0.066	0.0432214507262775	c16	TESPA1
1.30277109383265e-06	0.169862156818714	0.132	0.177	0.0436923369449593	c16	PRELID3B
1.31199844166847e-06	0.187304724572937	0.06	0.088	0.0440018037366772	c16	TIMM9
1.32303041780924e-06	0.178523772357282	0.014	0.03	0.0443717941524864	c16	ACY1
1.33511922036653e-06	1.57802346703734	0.011	0.005	0.0447772284126527	c16	ZNF80
1.34487652221152e-06	0.225388090111078	0.157	0.208	0.0451044688019299	c16	IGFLR1
1.3872212226223e-06	0.545147287804589	0.318	0.309	0.0465246253643068	c16	CCNH
1.40663174503118e-06	0.153931736123796	0.069	0.1	0.0471756154648559	c16	BET1L
1.41358988893124e-06	0.196126550032304	0.123	0.165	0.047408977694976	c16	TMEM259
1.43028729000507e-06	0.152894232485701	0.151	0.198	0.0479689751321901	c16	COPB1
1.45606695951558e-06	0.225203103567104	0.088	0.122	0.0488335736882334	c16	CBFB
1.48041288192014e-06	0.219207757967282	0.06	0.089	0.0496500872338378	c16	INO80C
