gene	p_val	avg_log2FC	pct.1	pct.2	p_val_adj	cluster
RPL22	2.9325958786843e-15	0.079890173218816	86.2247540134645	89.5733612880256	8.92499097815918e-14	c23
DNAJC11	0.0101045305650151	1.48750311853574e-05	2.69290523045054	3.88266940939119	0.0385667174336492	c23
SLC2A7	1.27321356677255e-16	0.00197176102064546	0.103573278094252	0.000988963171011512	4.49958236063412e-15	c23
RPL11	2.59512681916036e-31	0.153208415864659	97.3588814085966	98.280193045611	2.74559505555206e-29	c23
MAN1C1	0.0119026347347585	0.0154742454413939	2.17503883997929	1.48344475651727	0.0445873521427824	c23
CD52	7.03179106817218e-07	0.131337818221664	69.963749352667	68.4372403971676	6.3259712672843e-06	c23
SFN	1.7959854491873e-28	0.0530846859634368	4.03935784567582	1.20653506863404	1.61918709663558e-26	c23
KPNA6	0.0121083741945032	0.000367314386785098	5.85189021232522	7.54480003164682	0.0452821870802016	c23
AL049795.1	0.00347329107797277	0.00135462605984745	0.155359917141378	0.0316468214723684	0.0148070720952143	c23
LCK	4.41746461176382e-07	0.12523921881106	39.1506991196271	34.9796273586772	4.14182074781478e-06	c23
CSMD2	0.00262950071408782	0.00118922627259925	0.103573278094252	0.0148344475651727	0.0115293757287328	c23
HPCAL4	0.00778852552753904	0.00443799136396414	0.466079751424133	0.193836781518256	0.0304726515565334	c23
MPL	1.40632322894074e-06	0.00195094703246537	0.103573278094252	0.00593377902606907	1.18924025345977e-05	c23
ERI3	0.00297935753345575	0.00184829676843591	6.26618332470223	8.41310969579493	0.0128533178488602	c23
RPS8	1.46822230145631e-24	0.162951790453947	96.4785085447954	97.4445191661063	1.01528328961323e-22	c23
MAST2	0.00562213324702127	3.46441599470455e-05	1.29466597617815	2.25681395624827	0.0227806095008577	c23
AK4	0.0102637633533023	0.000890950434116114	0.725012946659762	1.43004074528265	0.0390971608420761	c23
CTH	0.00404144481173139	0.0188542093065498	2.69290523045054	1.8216701610032	0.0169258211907901	c23
AK5	0.000601576414083115	0.00853804346304335	0.725012946659762	0.293722061790419	0.00303987792308566	c23
SYDE2	0.00837403874287692	0.00304169004421314	0.258933195235629	0.0820839431939555	0.0325848139411308	c23
TGFBR3	3.60699145407066e-05	0.039415007589104	7.25012946659762	5.17227738439021	0.00023421351284922	c23
AC104836.1	0.00279824296408481	0.00108303609636307	0.0517866390471258	0.00395585268404605	0.0121457700889262	c23
RPL5	1.20439315769576e-26	0.17471197843272	87.9854997410668	89.6485224890225	9.64031926558486e-25	c23
CNN3	2.61544755323504e-07	0.0188120412736049	1.91610564474366	0.832706989991693	2.53736997513441e-06	c23
S1PR1	5.02780587980868e-06	0.0454450462079829	7.92335577421025	5.5668736896238	3.84193560257515e-05	c23
LINC01307	0.00753677121506884	0.000698048727302847	0.0517866390471258	0.00494481585505756	0.0295807537068464	c23
AMY1C	5.85917160298192e-05	0.000442044181670108	0.0517866390471258	0.00197792634202302	0.000364018415730435	c23
GSTM3	9.94310494453603e-09	0.0516623014914549	5.80010357327809	3.45642628268523	1.22870985125221e-07	c23
EPS8L3	0.00279824296408481	0.00100703428469219	0.0517866390471258	0.00395585268404605	0.0121457700889262	c23
AL360270.1	0.00934619378986586	0.00586044710624972	0.517866390471258	0.229439455674671	0.0359422826882836	c23
LRIF1	0.00789690238128764	0.000133763547683588	5.74831693423097	7.52996558408165	0.0308570793503	c23
AL603832.1	0.000157307360777429	0.00123929647788208	0.103573278094252	0.00988963171011512	0.000893290596978229	c23
SLC16A1	0.0109619130305231	3.52341221320496e-05	4.29829104091144	5.76565528699711	0.0414056356816852	c23
HIPK1	0.0089776545749755	0.000510851839568505	10.719834282755	13.22837137545	0.0346791816874906	c23
CD2	4.07511580311802e-06	0.131804650923928	47.5919212843086	43.5381146406108	3.16735188424038e-05	c23
VTCN1	6.72337001293719e-06	0.00291623485418552	0.103573278094252	0.00692274219708058	5.02425096911514e-05	c23
CD160	0.00085227740378323	0.0158653550753586	1.96789228379078	1.15016416788639	0.00416065204775575	c23
RBM8A	0.000177450662659836	0.0825135777678452	54.8938373899534	58.1431227501088	0.000997877317955326	c23
RPTN	0.00735268306622619	0.00188696710084561	0.103573278094252	0.0178013370782072	0.0290042677811214	c23
FLG	1.89844796534781e-07	0.00136691365990913	0.103573278094252	0.00494481585505756	1.88652289960992e-06	c23
CRNN	5.85917160298192e-05	0.00100372115110853	0.0517866390471258	0.00197792634202302	0.000364018415730435	c23
KPRP	0.000647584365354187	0.000745153801612912	0.0517866390471258	0.00296688951303453	0.00324196171684453	c23
SPRR1A	4.55834174629864e-11	0.0152005530796001	0.880372863801139	0.193836781518256	8.09733397708494e-10	c23
SPRR3	3.05009950705558e-21	0.029886410408737	1.65717244950803	0.343170220340995	1.67421010257987e-19	c23
SPRR1B	4.09978004008725e-06	0.013557780802134	1.08751941998964	0.40547490011472	3.1835708030666e-05	c23
SPRR2D	3.48124647795632e-17	0.0223552562932607	1.13930605903677	0.212627081767475	1.32224285818459e-15	c23
SPRR2A	2.26696490694634e-36	0.0491461379846794	2.64111859140342	0.508327069899917	3.26306734116594e-34	c23
SPRR2E	2.432518900687e-12	0.016774632183774	0.880372863801139	0.178013370782072	5.17322884535451e-11	c23
S100A2	5.75519678529232e-167	0.300534093098619	14.9145520455722	3.3595078919261	9.6508894892567e-163	c23
S100A16	1.73368170223398e-19	0.0433378490069849	3.46970481615743	1.18873373155584	8.07558568465598e-18	c23
S100A14	1.63366516703959e-32	0.0544082332931119	3.93578456758156	1.06610229835041	1.86360076095829e-30	c23
S100A13	0.00257684710813353	0.00030361385008338	2.22682547902641	3.55235571027335	0.0113207097606212	c23
RPS27	6.11934301224726e-152	0.482509289303418	99.4821336095287	99.0772973614463	6.84101753149162e-148	c23
UBAP2L	0.00169300252033498	0.000279146459761931	7.405489383739	9.8540290359587	0.00771990734561447	c23
UBE2Q1	0.00949636781102905	0.0023947258899483	5.48938373899534	7.1996518849638	0.0364696191052665	c23
RUSC1	0.00285776374175369	9.00661125312341e-05	4.76437079233558	6.62605324577713	0.0123733127253983	c23
RAB25	6.2942790383618e-16	0.0315341156754771	2.27861211807354	0.702163851418173	2.08182968825028e-14	c23
FCRL6	0.000294534366382711	0.0249912025396959	3.57327809425168	2.3280193045611	0.00158378925440811	c23
CD247	0.00015064646485382	0.0925389686004021	30.864836872087	28.004470113533	0.00086056568527805	c23
PKP1	0.00162577310237823	0.0157154209006894	1.08751941998964	0.550852486253412	0.0074406629786519	c23
SNRPE	0.00532380093810041	0.0236176246622588	21.1807353702745	26.119506309585	0.0217028851175412	c23
AC092810.3	0.00171731238762077	0.00144391439055402	0.103573278094252	0.0138454843941612	0.00782437479364564	c23
IRF6	0.000569767107471893	0.0127429307073833	1.13930605903677	0.550852486253412	0.00289046275153416	c23
ENAH	5.83835669083257e-05	0.0155161950181888	0.932159502848265	0.367894299616282	0.00036388553558287	c23
AL139161.1	0.00515216567875838	0.00254335894691483	0.155359917141378	0.0336247478143914	0.0210697881397633	c23
CHRM3	7.21568262009827e-06	0.00531067714278399	0.414293112377007	0.0919735749040706	5.35160468184112e-05	c23
CHRM3-AS2	0.0055766408684834	0.0308852063304189	5.48938373899534	4.25946437754658	0.022617777454171	c23
GREM2	0.012942873569119	0.0045815541157025	0.517866390471258	0.237351161042763	0.0480706637609206	c23
OR2T33	4.61207140733421e-13	0.000745717307814566	0.0517866390471258	0	1.07341881234681e-11	c23
RPS7	6.98529050996417e-51	0.239270681486542	97.3070947695495	96.8392737054472	2.11056462273134e-48	c23
LINC01871	3.23097098942978e-09	0.134688032335937	24.7540134645262	19.928596859053	4.30171913630393e-08	c23
LINC00299	0.0128291461063257	0.0116761975658106	1.65717244950803	1.07005815103446	0.0477010977953384	c23
ODC1	0.00155862355862035	0.0992910454986093	32.2630761263594	31.2245341983465	0.00716364491010132	c23
ASXL2	0.0113235544237893	0.00320068312811286	8.64836872087002	10.8004667906167	0.0426515463011058	c23
KRTCAP3	7.3644502700094e-09	0.0233591266285047	1.96789228379078	0.786225720954152	9.27135634968376e-08	c23
YPEL5	3.01257382566915e-08	0.161683458317299	54.4795442775764	56.0356422326833	3.42493901577261e-07	c23
SRSF7	5.34256389207826e-06	0.1082790262457	63.4386328327292	64.5783061038807	4.06209267314715e-05	c23
ZFP36L2	4.44516323140206e-26	0.30649099289207	76.126359399275	74.6004588789113	3.42716975758075e-24	c23
LINC01833	0.0075328346962959	0.000822665572065208	0.0517866390471258	0.00494481585505756	0.0295807537068464	c23
SIX2	9.77701915682392e-05	0.00531116898930111	0.258933195235629	0.0504371217215871	0.000579536352918983	c23
EPCAM	2.39759257896858e-20	0.0427407249372219	2.69290523045054	0.786225720954152	1.21100090231097e-18	c23
RPS27A	8.24804291277708e-64	0.21275171488913	96.5820818228897	98.3059060880573	4.53480103620849e-61	c23
GNLY	4.33184784291408e-27	0.459738595446674	38.0631796996375	27.8403022271451	3.55211523118955e-25	c23
IGKV1OR2-1	5.86122640752158e-05	0.000426673149019072	0.0517866390471258	0.00197792634202302	0.000364018415730435	c23
ARID5A	0.0084834446375696	0.0938889206514272	31.7452097358881	31.8307686221765	0.0329722756118681	c23
ANKRD39	0.00195434347042701	7.10954029636834e-05	6.52511651993786	8.77507021638514	0.00879677510551348	c23
ZAP70	9.76719532512741e-06	0.0935812132666384	24.1325737959606	20.706910874639	7.05132610263307e-05	c23
RPL31	1.91960548648702e-14	0.120718586562567	71.8280683583635	75.1295541754025	5.4374770950846e-13	c23
DPP10	5.86122640752158e-05	0.000276192084147207	0.0517866390471258	0.00197792634202302	0.000364018415730435	c23
AC010976.2	0.00064724451609055	0.000739515163761899	0.0517866390471258	0.00296688951303453	0.00324196171684453	c23
POTEF	7.92935815068457e-17	0.00672149837760323	0.414293112377007	0.0326357846433799	2.87186623820366e-15	c23
IMP4	0.00213999062720162	0.00233036653961183	13.6198860693941	17.2257605126785	0.00956054424604875	c23
POTEE	0.00106205399887086	0.0021345141371544	0.103573278094252	0.0128565212231497	0.00507178798435583	c23
CXCR4	3.28817833655305e-10	0.191415187350621	60.6421543241844	58.3913525060327	5.1628710230017e-09	c23
GTDC1	0.010295105022157	0.00171073958921657	5.12687726566546	6.76253016337672	0.0391915133068218	c23
DAPL1	6.14134883690798e-26	0.0423872026797917	3.0036250647333	0.79809327900629	4.7132392973048e-24	c23
AC013264.1	0.0128902739227014	0.0119287235361737	1.3982392542724	0.869298627319119	0.0479018290104777	c23
HSPE1	2.01905068016678e-05	0.123094383101029	63.1279129984464	63.8553740258713	0.000137324927421281	c23
C2CD6	0.00064724451609055	0.000881015195687079	0.0517866390471258	0.00296688951303453	0.00324196171684453	c23
EEF1B2	9.91814414947036e-09	0.0476967724003761	73.1227343345417	79.8459195379564	1.22607710462564e-07	c23
RPL37A	3.84624517287693e-52	0.247936729610496	89.4873122734334	89.7375291744135	1.20556421128922e-49	c23
IGFBP2	9.29903347822971e-12	0.0448862075407055	3.52149145520456	1.57047351556628	1.83367755368034e-10	c23
IGFBP5	3.91619997355930e-11	0.0147778400242326	1.24287933713102	0.339214367656948	6.99741687337411e-10	c23
TUBA4A	1.99684025392695e-08	0.141795517165684	35.3184878301398	31.3234305154476	2.33915572602871e-07	c23
GMPPA	0.000535061374506173	5.25192812455277e-05	4.55722423614707	6.71011511531311	0.0027288455562938	c23
CHPF	0.00232868846049074	0.000198978754918172	3.41791817711031	5.03184461410657	0.0103088111916498	c23
AC012507.2	4.61207140733421e-13	0.000718070655691816	0.0517866390471258	0	1.07341881234681e-11	c23
NMUR1	0.00680994979765814	0.00978710966926934	1.29466597617815	0.754578899481783	0.0270478560295901	c23
PTMA	2.22769369904388e-14	0.110793005747796	97.5660279647851	97.8045017603544	6.23642665096273e-13	c23
NGEF	0.00384365396278904	0.00155805208554972	0.103573278094252	0.0158234107361842	0.0161803020715475	c23
UGT1A7	0.0018083180480111	0.00717430883118942	0.466079751424133	0.168123739071957	0.00819337620834858	c23
GBX2	5.85917160298192e-05	0.00111231792882966	0.0517866390471258	0.00197792634202302	0.000364018415730435	c23
AC022382.1	0.0125356564733199	0.00127011400308707	0.103573278094252	0.0197792634202302	0.0467393937523292	c23
RPL32	7.25834210388743e-45	0.196745530542275	98.0838943552563	98.6925906879228	1.59104756522991e-42	c23
AC090948.3	0.0129136319597412	0.00412782370607353	0.362506473329881	0.143399659796669	0.0479726837246122	c23
RPL15	7.15735577717971e-16	0.103386359950792	92.3873640600725	94.3638988884054	2.34417380913138e-14	c23
LINC02084	0.00933874572809782	0.018881966883751	2.7964785085448	1.97693737885201	0.035921877993915	c23
RPSA	1.1006198562741e-24	0.149251451308875	86.5354738477473	88.491435578939	7.67413487312282e-23	c23
RPL14	3.66225779911078e-37	0.133685118019782	91.1444847229415	94.3203845088809	5.45888009184788e-35	c23
KIAA1143	0.0117192755516069	0.00381882768704243	6.47332988089073	8.29740100478658	0.0439840044147037	c23
MAP4	0.00481025831398522	0.000673871463206299	9.58052822371828	12.1365560346533	0.019777668669172	c23
TMA7	7.04862496540379e-05	0.0103525776625264	76.7477990678405	82.5467779579889	0.000430595235136088	c23
PRKAR2A	0.00658458527853877	0.00057996617442696	10.4091144484723	13.0088215514854	0.0262397601083214	c23
RBM5	0.0121372202482763	0.00358030163671919	12.1698601760746	14.8858736500653	0.0453799434433322	c23
IFRD2	0.000776751828610457	0.00135945754745753	5.02330398757121	7.22635389058112	0.00382817087846253	c23
ABHD14B	0.0126658392003638	0.000601271468868902	15.8984981874676	19.0602871949049	0.0471445842959798	c23
RPL29	2.07931050663811e-33	0.126154587780875	93.6820300362507	95.9946991574034	2.54510641502295e-31	c23
FAM3D	3.59685345918624e-06	0.00864192617737641	0.517866390471258	0.127576249060485	2.8217841243085e-05	c23
C3orf49	4.61207140733421e-13	0.000556862198965804	0.0517866390471258	0	1.07341881234681e-11	c23
AC110491.3	0.00279882926164911	0.000688513062723051	0.0517866390471258	0.00395585268404605	0.0121457700889262	c23
TRMT10C	0.0131357067009203	0.00515602857574526	9.2180217503884	11.4551604098263	0.0487275004242302	c23
RPL24	1.0952653118653e-30	0.130799459174298	92.0248575867426	93.9426005775545	1.12333357887885e-28	c23
TRAT1	0.00392347148148515	0.04212581129458	9.73588814085966	8.05411606471775	0.0164790715774639	c23
DRD3	0.000647754352214658	0.000738692834980032	0.0517866390471258	0.00296688951303453	0.00324196171684453	c23
FBXO40	0.00753414666433071	0.000934216791554639	0.0517866390471258	0.00494481585505756	0.0295807537068464	c23
RUVBL1	0.00038868274680856	0.000717163846409366	4.35007767995857	6.52320107599193	0.00203873036635369	c23
LINC02004	0.00064724451609055	0.000292057225549849	0.0517866390471258	0.00296688951303453	0.00324196171684453	c23
TM4SF1	5.42838237401772e-07	0.0279281331275747	2.53754531330917	1.24906048498754	4.98240525615234e-06	c23
PFN2	5.45438343619445e-35	0.0638634104880978	4.50543759709995	1.27081767474979	7.28801241765297e-33	c23
AC079943.2	1.27233074482911e-16	0.00221570427881452	0.103573278094252	0.000988963171011512	4.49958236063412e-15	c23
PRKCI	0.0107735137569828	0.00433815956152424	3.10719834282755	4.3731951422129	0.0407904836737061	c23
KCNMB2	0.00753414666433071	0.000717732438704956	0.0517866390471258	0.00494481585505756	0.0295807537068464	c23
MRPL47	0.00379579963600602	0.0031181860443977	14.6038322112895	18.1365955931801	0.0160130224141346	c23
FXR1	0.00296493556769518	0.000886954727699507	16.4163645779389	20.3320938328257	0.0127960377132108	c23
SOX2	1.41937006501581e-05	0.0162925248062569	1.13930605903677	0.458878911349341	9.9566687388622e-05	c23
DCUN1D1	0.00219685612430615	0.00139730095152989	5.38581046090109	7.41821274575735	0.0097807195933864	c23
ABCC5	0.00740073730415564	0.000999267749286513	2.01967892283791	3.12512362039638	0.0291663839843445	c23
AC131235.4	0.00279765677868762	0.00143350311820407	0.0517866390471258	0.00395585268404605	0.0121457700889262	c23
AHSG	0.00753414666433071	0.000710441432670468	0.0517866390471258	0.00494481585505756	0.0295807537068464	c23
TPRG1	0.00293436112955748	0.0334348542808669	3.57327809425168	2.5347126073025	0.0126787688177143	c23
TP63	1.7948749351092e-06	0.0263059861300497	1.8125323666494	0.820839431939555	1.48927549662772e-05	c23
CLDN1	0.00218750564150026	0.0353273498092423	2.64111859140342	1.74453103366431	0.00974515115665118	c23
RPL35A	3.5114054254993e-63	0.229382894355115	95.5981356809943	96.7690573203054	1.84008617438118e-60	c23
LMLN-AS1	0.000647754352214658	0.000372547964508048	0.0517866390471258	0.00296688951303453	0.00324196171684453	c23
SPON2	2.50981158389318e-06	0.0826658887693538	12.1698601760746	9.28438624945607	2.03466427122576e-05	c23
MFSD10	0.00175121185490116	0.000143851077691493	17.0378042465044	21.4061078365442	0.00796368043249832	c23
NSG1	0.000802928128917936	0.0170815487746283	2.27861211807354	1.38158154990308	0.00394905463963187	c23
S100P	4.3732335667362e-11	0.034266893975016	2.69290523045054	1.09873808299379	7.77675012519612e-10	c23
FGFBP2	2.17882096219674e-26	0.166312551900493	12.1698601760746	6.32738636813165	1.70732003341482e-24	c23
LINC02261	1.2804621764503e-15	0.00310011505866986	0.155359917141378	0.00395585268404605	4.0501824270893e-14	c23
RPL9	3.53524426145842e-19	0.0861983891845552	86.3801139306059	90.5415562324459	1.61753099646374e-17	c23
THEGL	0.00540978923707723	0.00110783019064372	0.103573278094252	0.0168123739071957	0.0220079465590849	c23
HOPX	4.27480275740961e-13	0.177196091182809	25.9968928016572	20.4280232604138	1.01106018954868e-11	c23
UGT2B15	2.36259572388807e-05	0.00216656408244249	0.103573278094252	0.00791170536809209	0.000159077967050307	c23
UGT2A3	0.000607927899562747	0.00650583985414768	0.414293112377007	0.127576249060485	0.00307012285733104	c23
FDCSP	0.00864485918619362	0.0088782366988064	0.155359917141378	0.0365916373274259	0.0335646315566753	c23
CXCL13	9.73895186478904e-05	0.101626846749883	17.2449508026929	14.1659084615689	0.000577586149675145	c23
CNOT6L	0.0103319493607391	0.0796203344193729	26.7219057483169	25.8040270580324	0.0393094631492306	c23
HNRNPDL	1.28570426226569e-06	0.0789400895803127	67.7887105126877	71.2132600181969	1.09552717347222e-05	c23
SPARCL1	0.000123298804020211	0.0118544674388414	0.932159502848265	0.381739784010443	0.000717168797993382	c23
EMCN	0.00424394823624577	0.00277098313266045	0.155359917141378	0.0326357846433799	0.0176614388816492	c23
PPP3CA	0.00526082596687804	0.00109616700136309	10.1501812532367	12.7793820958108	0.0214618150197246	c23
LEF1	0.00218535586261408	0.0270454779787527	5.80010357327809	4.37517306855493	0.00974115695379466	c23
RPL34	3.96939917723117e-64	0.280852199281211	97.928534438115	98.2762371929269	2.25636795942337e-61	c23
AC139718.1	0.00753414666433071	0.000836528483748955	0.0517866390471258	0.00494481585505756	0.0295807537068464	c23
AC093752.3	0.0075328346962959	0.00146188003497923	0.0517866390471258	0.00494481585505756	0.0295807537068464	c23
AC110813.1	5.18948231088867e-07	0.000748772377788381	0.0517866390471258	0.000988963171011512	4.78134450450596e-06	c23
RPS3A	1.64897883072443e-24	0.140641886899247	93.6820300362507	95.5120851299498	1.1355944974299e-22	c23
LINC02273	0.00610625441321731	0.016319175574857	2.38218539616779	1.59618655801258	0.024543571489751	c23
FGG	0.00279941567139959	0.000608150791543534	0.0517866390471258	0.00395585268404605	0.0121457700889262	c23
GRIA2	5.85917160298192e-05	0.000568366803877356	0.0517866390471258	0.00197792634202302	0.000364018415730435	c23
PPID	0.00217842655172579	0.00525583095992063	8.95908855515277	11.679655049646	0.00971156050668346	c23
PALLD	0.0123192293068882	0.00107228190762656	1.96789228379078	2.98172396059971	0.0459938007897602	c23
AADAT	0.00734520930145424	0.0019250753863248	0.155359917141378	0.0356026741564144	0.0289847890154552	c23
F11	5.86328189449523e-05	0.00062004404200732	0.0517866390471258	0.00197792634202302	0.000364018415730435	c23
IL7R	0.000369118029489237	0.132320846555569	30.1398239254272	28.1379801416195	0.001945235775143	c23
NIPBL	0.0102517753479549	0.0032879889205425	17.0895908855515	20.6050476680248	0.0390664744483252	c23
GDNF-AS1	0.00064741441998257	0.000701127494694617	0.0517866390471258	0.00296688951303453	0.00324196171684453	c23
EGFLAM	5.85917160298192e-05	0.000731116960267681	0.0517866390471258	0.00197792634202302	0.000364018415730435	c23
RPL37	3.17093572376122e-66	0.285603350210416	97.6178146038322	97.2022231892084	2.08523220202949e-63	c23
AC008945.1	0.00218649090991732	0.00418835834083065	0.258933195235629	0.0692274219708058	0.00974362638012317	c23
ISL1	0.00064724451609055	0.00149785169297859	0.0517866390471258	0.00296688951303453	0.00324196171684453	c23
GZMA	3.17410520951014e-16	0.296222912024732	45.9865354738477	37.5192847818347	1.08514924073956e-14	c23
DIMT1	0.00888056684572748	0.000192898802935076	6.99119627136199	8.93627121326002	0.0343406492415552	c23
SREK1IP1	0.00403774279761177	0.00517012418504514	10.2537545313309	13.0157442936825	0.0169124288680284	c23
AC010280.1	0.0014762415822892	0.00694263500108004	0.517866390471258	0.192847818347245	0.00681395405819092	c23
LINC02198	0.00064724451609055	0.00064346750078409	0.0517866390471258	0.00296688951303453	0.00324196171684453	c23
FAM169A	0.00434122797186968	0.0137257175417824	1.91610564474366	1.20356817912101	0.018023781099352	c23
RPS23	4.56613646615677e-29	0.142827122981896	95.6499223200414	97.423750939515	4.26571266857843e-27	c23
AC108174.1	0.000647584365354187	0.000549114071554706	0.0517866390471258	0.00296688951303453	0.00324196171684453	c23
CAMK4	0.00541120070724643	0.0513286931845611	15.6913516312791	13.7752680090193	0.0220095601273179	c23
AC119150.1	0.000187621759931795	0.00226265933041167	0.155359917141378	0.0217571897622533	0.00104979289032241	c23
FSTL4	0.000365327477408478	0.00396798920645589	0.362506473329881	0.0988963171011512	0.00192677353944418	c23
C5orf24	0.0130544864159274	0.00588974918776693	6.57690315898498	8.4022311009138	0.0484422842904818	c23
PITX1	1.33712324148947e-09	0.0207860636322149	1.65717244950803	0.58249930772578	1.90341423060585e-08	c23
CXCL14	1.01737927006961e-06	0.0170564793207809	1.19109269808389	0.439099647929111	8.88564217697777e-06	c23
KDM3B	0.00967987643160806	0.000419034947286706	4.66079751424133	6.21761145614937	0.0371275955813439	c23
PCDHGB5	0.00417479768859517	0.00192191335455284	0.207146556188503	0.0524150480636101	0.0174227318203094	c23
SPINK5	0.00524479976110082	0.00377822896957147	0.258933195235629	0.0771391273388979	0.0214068509660216	c23
HMGXB3	0.00215795939147383	0.00209458185213708	6.05903676851372	8.22421773013173	0.00963183950908297	c23
RPS14	4.92091119974545e-51	0.201500362869731	97.2035214914552	97.7570315281459	1.51410568639507e-48	c23
ITK	0.000105802005285737	0.0800743416722373	21.6986017607457	18.7754658016535	0.000622633383623976	c23
CYFIP2	0.00342466739975017	0.0718752356628933	21.2843086483687	19.5527908540686	0.014610926759041	c23
LINC01947	4.61207140733421e-13	0.000880593091752131	0.0517866390471258	0	1.07341881234681e-11	c23
NPM1	0.000888497812877695	0.0270232049559747	70.792335577421	75.5389849282013	0.00431986657702119	c23
CPLX2	4.61207140733421e-13	0.000717139426980253	0.0517866390471258	0	1.07341881234681e-11	c23
AC139491.7	0.000766510304464367	0.00186852232857511	0.155359917141378	0.0257130424462993	0.00378436958503252	c23
PROP1	4.61207140733421e-13	0.000410954730388665	0.0517866390471258	0	1.07341881234681e-11	c23
AC008443.2	6.72487993937453e-06	0.00162719635020014	0.103573278094252	0.00692274219708058	5.0242598219368e-05	c23
RACK1	1.85490301831283e-06	0.018250893416988	85.2925945106163	89.4101823648087	1.53604289946113e-05	c23
DSP	1.18202613207305e-39	0.0561854911500454	4.14293112377007	1.0225879188259	2.04344290811679e-37	c23
HIST1H2BE	3.50140975790682e-16	0.034626257758238	1.65717244950803	0.419320384508881	1.18976981216493e-14	c23
DDR1	0.00671720003372527	0.0161231063804061	1.50181253236665	0.913801970014637	0.0267174400772151	c23
PRRC2A	0.00388516671843646	0.00673918499573475	11.1341273951321	14.1016258554531	0.0163345520124009	c23
EHMT2-AS1	0.00735690308026112	0.000998009463083379	0.103573278094252	0.0178013370782072	0.0290106778960373	c23
RPS18	5.91583879267679e-56	0.295914791590341	97.1517348524081	96.5801653546422	2.18027913658016e-53	c23
RPL10A	2.08986451773844e-37	0.23739069917952	86.6390471258415	87.5825784247795	3.21513193559229e-35	c23
GLP1R	0.00064724451609055	0.00119512602432435	0.0517866390471258	0.00296688951303453	0.00324196171684453	c23
CCND3	0.000736309975897231	0.101754435293116	37.6488865872605	37.6419162150401	0.00364546264712745	c23
TCTE1	0.000327163764167854	0.00162580998195485	0.103573278094252	0.0108785948811266	0.00174331400105839	c23
GSTA1	7.29967859027273e-32	0.0418805517953076	2.74469186949767	0.597333755290953	8.05317830791339e-30	c23
GSTA4	0.00137459972446327	0.020639117599182	1.91610564474366	1.1422524625183	0.00638074353487457	c23
AL136164.2	5.18948231088867e-07	0.000926196303262412	0.0517866390471258	0.000988963171011512	4.78134450450596e-06	c23
EEF1A1	1.49245865762377e-34	0.183669892912359	98.4464008285862	99.0703746192492	1.94762951203837e-32	c23
PHIP	0.010579627719878	0.00811027189113261	17.5556706369757	21.3685272360457	0.0401561288444171	c23
ELOVL4	0.00900341748912153	0.00599678519259561	0.517866390471258	0.228450492503659	0.0347555816053435	c23
BACH2	0.000104286144731423	0.0514128992718911	10.0983946141895	7.83258831441117	0.000614467449403101	c23
CD24	0.000630452671046335	0.033660355833321	5.90367685137235	4.34649313659559	0.00317241135507157	c23
SCML4	0.00190912718822955	0.0529361650016332	11.8591403417918	9.94896950037581	0.00861058467440059	c23
ARMC2-AS1	0.00753808379782719	0.000423128425305004	0.0517866390471258	0.00494481585505756	0.0295807537068464	c23
AL390208.1	0.00263130360143467	0.00158031299845313	0.103573278094252	0.0148344475651727	0.0115342648261555	c23
FYN	0.00154156342676232	0.0841251202375846	32.6773692387364	30.8546619723881	0.00708912028064646	c23
RPS12	2.67593094980053e-71	0.255045475368142	98.6017607457276	99.1297124095099	2.08710167893977e-68	c23
PERP	2.72197811970149e-19	0.131777508779955	14.6556188503366	9.08857154159579	1.25054386545957e-17	c23
AL078581.3	0.00279765677868762	0.000910712924644499	0.0517866390471258	0.00395585268404605	0.0121457700889262	c23
TMEM242	0.00877290252178268	0.000644614661745549	5.28223718280684	6.96328968709205	0.0339830913346671	c23
EZR	0.000160479041376614	0.110849460598913	50.6991196271362	52.575260097314	0.00090929989688949	c23
GET4	0.00106846678892641	0.00121992405716348	8.70015535991714	11.5510898374145	0.00509805650405663	c23
MIOS	0.00731173478547128	0.000577345133868548	5.80010357327809	7.6199612326437	0.0288665051483385	c23
AGR2	7.36902369813095e-08	0.0204336384877634	1.29466597617815	0.452945132323272	7.87077441999732e-07	c23
TOMM7	5.02380268833129e-17	0.13672577349537	70.792335577421	73.3988686261324	1.86380856815547e-15	c23
HIBADH	0.00441153656969644	0.000986110718403613	4.03935784567582	5.66478104355394	0.0182749646090019	c23
AC018647.1	1.32258335921579e-08	0.00182254958120677	0.103573278094252	0.00395585268404605	1.60248557447179e-07	c23
IGFBP3	1.29133073653575e-06	0.0193847421863466	1.91610564474366	0.872265516832153	1.100041916229e-05	c23
AC073115.1	0.00972197078200639	0.00140676308867601	0.103573278094252	0.0187903002492187	0.0372625987758057	c23
AC011228.1	4.61207140733421e-13	0.000859800725901978	0.0517866390471258	0	1.07341881234681e-11	c23
NUPR2	0.00386178351206455	0.00334381355810507	0.258933195235629	0.0741722378258634	0.0162484626053972	c23
ZNF727	0.00873659748562395	0.00311438292332301	0.310719834282755	0.108785948811266	0.0338740781372027	c23
AUTS2	0.000346422285844804	0.0458680642866256	8.70015535991714	6.75362949483761	0.00183603692727538	c23
BCL7B	0.0115772615919116	0.00125854925593927	20.2485758674262	24.3532180861585	0.043499686227821	c23
HSPB1	1.63634081641911e-05	0.150190729056978	41.1185914034179	39.9551010720361	0.000113107168798566	c23
ATP5MF-PTCD1	0.000327113906267455	0.00216944880032248	0.103573278094252	0.0108785948811266	0.00174331400105839	c23
MOSPD3	0.0107281073525272	0.00222541056510585	7.35370274469187	9.31207721824439	0.0406415073296123	c23
BMT2	0.00982802732612379	0.000140626031066182	3.83221128948731	5.2494165117291	0.0376141025292183	c23
PTPRZ1	0.0121445349022788	0.00659336777901011	0.310719834282755	0.113730764666324	0.0454022306936379	c23
MKRN1	0.00397792282484394	0.00414679947540722	13.8788192646297	17.3068554927015	0.0166889636852159	c23
TRBV22-1	0.00753677121506884	0.000594542761234905	0.0517866390471258	0.00494481585505756	0.0295807537068464	c23
TRBV28	0.000503237250888293	0.0731959322439144	11.6002071465562	9.35855848728193	0.00258133322673767	c23
TRBJ1-2	0.00112239923050671	0.00398916740694589	0.310719834282755	0.0860397958780015	0.00532659196161511	c23
TRBC1	5.27394765533126e-25	0.258080929354658	37.2345934748835	27.9006289805768	3.77943710394231e-23	c23
TRBC2	2.26371649507124e-13	0.190696567681312	49.4562402900052	43.2879069583449	5.58649917672547e-12	c23
ABCF2	0.00971228486296694	0.00191320898578809	0.103573278094252	0.0187903002492187	0.0372348662247582	c23
LINC01287	0.000539477533276425	0.00183300685047988	0.258933195235629	0.0593377902606907	0.00274844258104584	c23
CNPY1	5.86122640752158e-05	0.000631908287315183	0.0517866390471258	0.00197792634202302	0.000364018415730435	c23
VIPR2	0.00396744422535891	0.00766867494855545	1.08751941998964	0.580521381383757	0.0166491672209819	c23
P2RY8	7.30171741056201e-05	0.0757164702738878	14.6038322112895	12.110842992207	0.000444276122125233	c23
CD99	0.00110910075540165	0.0539684435039445	62.7654065251165	67.3207009770956	0.00527318133465558	c23
GYG2-AS1	5.18948231088867e-07	0.000960247638883554	0.0517866390471258	0.000988963171011512	4.78134450450596e-06	c23
FTSJ1	0.0100376452527395	0.00201445471303105	6.73226307612636	8.63958226195656	0.0383507116070148	c23
EBP	0.00349333260366919	0.000557129197126111	9.68410150181253	12.3472051900787	0.0148792721440002	c23
GAGE2A	0.0075328346962959	0.00104040672659363	0.0517866390471258	0.00494481585505756	0.0295807537068464	c23
TSPYL2	0.000104704459411791	0.112215810736494	29.7255308130502	27.5515249812097	0.000616607227349018	c23
MTRNR2L10	0.0101307075938229	0.00227550146238501	0.155359917141378	0.0375806004984374	0.0386402446584366	c23
RPS4X	2.16192584535412e-46	0.196125812555845	93.6820300362507	95.3212152379445	5.25410644938308e-44	c23
JPX	0.0104118014642208	0.00314254514717435	9.16623511134127	11.423513588354	0.0395863277980998	c23
PCDH11X	0.00279882926164911	0.000461377832720494	0.0517866390471258	0.00395585268404605	0.0121457700889262	c23
RPL36A	1.80087563235212e-22	0.230039138315376	67.0119109269808	65.9232960164563	1.06709835614533e-20	c23
TCEAL2	0.00865118442498192	0.00241230962375327	0.155359917141378	0.0365916373274259	0.0335853019151573	c23
H2BFM	5.18948231088867e-07	0.000724481782883944	0.0517866390471258	0.000988963171011512	4.78134450450596e-06	c23
CXorf57	0.00218741401044403	0.0145068590443445	1.86431900569653	1.12247319909807	0.00974515115665118	c23
TSC22D3	1.54423252637913e-11	0.181407405203722	77.1620921802175	78.0123818189011	2.95945545541161e-10	c23
VSIG1	0.00120021994400826	0.00860674794761678	0.828586224754013	0.371850152300328	0.00565192031482012	c23
GUCY2F	0.00279765677868762	0.00140650186824353	0.0517866390471258	0.00395585268404605	0.0121457700889262	c23
RPL39	2.27490408971828e-46	0.166712283977446	97.928534438115	99.2978361485818	5.44969524006941e-44	c23
GPC3	3.58311116380564e-11	0.0211025805354521	1.13930605903677	0.29471102496143	6.4331039727898e-10	c23
PHF6	0.00535210178734753	0.000876961246436048	4.91973070947695	6.6666007357886	0.0218050036132242	c23
SPANXA2-OT1	4.61207140733421e-13	0.000551388085220789	0.0517866390471258	0	1.07341881234681e-11	c23
CETN2	0.0107619872524504	0.00282571166280529	2.12325220093216	3.19138415285415	0.0407514427540567	c23
PNCK	0.00873668006102937	0.00428804247269012	0.207146556188503	0.0583488270896792	0.0338740781372027	c23
RPL10	7.77952137147371e-40	0.15021910397174	98.4981874676333	99.2780568851616	1.35890410289836e-37	c23
MYOM2	3.93578910547408e-18	0.0575069806829106	4.97151734852408	2.09462399620238	1.6479212861347e-16	c23
DEFB1	5.56611891568547e-15	0.0519390347122876	3.78042465044019	1.55069425214605	1.65493347689946e-13	c23
USP17L7	5.18948231088867e-07	0.00132572247037956	0.0517866390471258	0.000988963171011512	4.78134450450596e-06	c23
NEFL	0.00514564639252287	0.00702755442736205	0.569653029518384	0.247240792752878	0.0210456937454185	c23
SARAF	3.55203433043415e-25	0.196948878334477	79.3371310201968	81.962300723921	2.5785308955433e-23	c23
LEPROTL1	1.31005663277088e-09	0.162849685094429	47.4365613671673	45.3370386486807	1.86805609480738e-08	c23
TEX15	0.000559154681143298	0.00246673467184142	0.155359917141378	0.0247240792752878	0.00284178355753659	c23
EIF4EBP1	3.83687367777799e-06	0.0103127106768031	12.1180735370274	17.271252818545	2.99606680804e-05	c23
TGS1	0.0119819589575823	0.000449239799274137	9.16623511134127	11.3641757980933	0.0448544412902549	c23
ZFHX4	0.00275989683507605	0.00556219295875702	0.258933195235629	0.0712053483128288	0.0120256489612551	c23
AC034114.2	0.00753677121506884	0.00044794674843352	0.0517866390471258	0.00494481585505756	0.0295807537068464	c23
CHMP4C	0.00131705581813293	0.0147666336272892	1.3982392542724	0.758534752165829	0.00614259741740262	c23
AC015522.1	5.19221679450495e-07	0.000679844573442262	0.0517866390471258	0.000988963171011512	4.78134450450596e-06	c23
AC090568.2	0.00279765677868762	0.000812341098520499	0.0517866390471258	0.00395585268404605	0.0121457700889262	c23
NECAB1	0.00753939658554841	0.000412543756752762	0.0517866390471258	0.00494481585505756	0.0295807537068464	c23
AC010834.3	5.85917160298192e-05	0.000918244743741016	0.0517866390471258	0.00197792634202302	0.000364018415730435	c23
RPL30	7.72547251656566e-72	0.279820593378398	98.9124805800104	98.8953281379801	6.1689737442995e-69	c23
PABPC1	2.80525761073683e-06	0.0551173191639955	76.126359399275	81.4015586059575	2.24970659370855e-05	c23
YWHAZ	1.54832940092801e-07	0.0778197445554001	74.0031071983428	76.9126547727363	1.56881786852942e-06	c23
AC012213.1	2.72225895606098e-05	0.00257505933041138	0.155359917141378	0.0178013370782072	0.000180861966854939	c23
EBAG9	0.00196705749260146	0.00603578445444217	7.04298291040911	9.47228925194826	0.00884925207067307	c23
MAL2	0.00012897434211249	0.0173623037934005	1.3982392542724	0.674472882629851	0.00074629770285864	c23
AC100860.1	5.18948231088867e-07	0.000434577324805303	0.0517866390471258	0.000988963171011512	4.78134450450596e-06	c23
LY6D	0.00442315852685378	0.00417101988180188	0.517866390471258	0.212627081767475	0.0183208460755369	c23
EEF1D	4.73705524859515e-24	0.102014359996373	85.603314344899	89.5140234977649	3.10295622905047e-22	c23
MAPK15	0.00384365396278904	0.00108415375369061	0.103573278094252	0.0158234107361842	0.0161803020715475	c23
CPSF1	0.00613444430380426	0.000876035572406689	4.03935784567582	5.58961984255706	0.0246421119967645	c23
RPL8	3.39624555358608e-21	0.102714524074761	95.5463490419472	96.7868586573836	1.85208590855561e-19	c23
C8orf33	0.00111818200152148	0.00235776860831063	3.72863801139306	5.56291783693975	0.0053095834584493	c23
SPATA6L	0.00254233377933739	0.0126471494277111	1.24287933713102	0.674472882629851	0.0111749397498581	c23
RPS6	9.9817379891991e-33	0.163721246707853	91.2998446400829	93.4876775188892	1.15437078855779e-30	c23
MLLT3	0.0042728380028237	0.0378613582508196	8.70015535991714	7.11163416274378	0.0177684365702047	c23
AL365204.2	5.18948231088867e-07	0.000650967215546996	0.0517866390471258	0.000988963171011512	4.78134450450596e-06	c23
LINGO2	0.000206024235189817	0.00358531664805917	0.310719834282755	0.0731832746548518	0.00114379089551334	c23
ZCCHC7	0.00916112425127267	0.000161063083516433	9.26980838943552	11.5629573954666	0.0352953228189756	c23
FAM201A	0.00310553226963061	0.00365770361783619	0.258933195235629	0.0721943114838403	0.0133667019069393	c23
AL935212.1	5.86328189449523e-05	0.000355025037266272	0.0517866390471258	0.00197792634202302	0.000364018415730435	c23
CEMIP2	1.11473543465482e-05	0.105095273575921	28.0165717244951	24.8447327821512	7.94939336752145e-05	c23
AL158154.2	5.18948231088867e-07	0.00137093535372702	0.0517866390471258	0.000988963171011512	4.78134450450596e-06	c23
NTRK2	1.00211813729337e-05	0.0189146914082452	1.50181253236665	0.669528066774793	7.21533664417023e-05	c23
FAM120AOS	0.00364249027405236	0.00534741084757356	7.35370274469187	9.68293840737371	0.0154361686645398	c23
AL354861.2	5.18948231088867e-07	0.000640169538746653	0.0517866390471258	0.000988963171011512	4.78134450450596e-06	c23
HEMGN	0.000990466151661437	0.00320301873150115	0.258933195235629	0.0632936429447367	0.00476520639713402	c23
TMEM246-AS1	4.61207140733421e-13	0.0012352482059406	0.0517866390471258	0	1.07341881234681e-11	c23
PAPPA	0.00346897555283225	0.00185265287845852	0.155359917141378	0.0316468214723684	0.0147905545500748	c23
OR1J4	5.18948231088867e-07	0.000731500658385227	0.0517866390471258	0.000988963171011512	4.78134450450596e-06	c23
RPL35	2.2908092649601e-19	0.0591394521182438	89.2283790781978	92.9299022904387	1.05805302149377e-17	c23
RPL12	1.36614839776726e-39	0.167557659493692	96.8928016571724	97.7105502591084	2.34963512637529e-37	c23
LCN2	1.5974925600249e-38	0.0469500821298979	2.64111859140342	0.485580916966652	2.61349782820074e-36	c23
RPL7A	1.45452434481319e-23	0.0622496111466804	92.1284308648369	95.8503105344357	9.25651565016027e-22	c23
CLIC3	2.53611010278339e-09	0.096947896026301	15.3288451579492	11.2197871751256	3.43106335728718e-08	c23
IFITM2	1.02742543844481e-05	0.098329135547599	74.2102537545313	76.0374223663911	7.37538406561691e-05	c23
IFITM1	5.21852738440403e-31	0.393527617717988	77.5245986535474	68.1909885675857	5.40182010549822e-29	c23
HRAS	0.00312565093028664	0.000475510771770764	3.10719834282755	4.59571185569049	0.0134394975512761	c23
RPLP2	5.77723790516762e-33	0.127487984698853	94.1481097876748	96.3764389414138	6.87081577530183e-31	c23
ARFIP2	0.00422776962362902	0.0025470646233491	4.91973070947695	6.72396059970727	0.0176028476272216	c23
RPL27A	1.36788360817048e-09	0.0886580801904255	68.7726566545831	71.8808101586297	1.94390171401786e-08	c23
LINC00958	0.00588144579407794	0.0124916468237436	0.880372863801139	0.453934095494284	0.0237424084065703	c23
SPON1	0.00906674830702569	0.00814097549144624	0.776799585706888	0.397563194746628	0.0349718924348508	c23
RPS13	8.18775193769565e-11	0.0425863923309744	94.3552563438633	97.1794770362752	1.40102461472672e-09	c23
DBX1	2.36402151791481e-05	0.00150181444089039	0.103573278094252	0.00791170536809209	0.000159142018602624	c23
ANO3	2.36449696450167e-05	0.00137067937434034	0.103573278094252	0.00791170536809209	0.000159142081467905	c23
AC100771.2	0.00279824296408481	0.000546679609392407	0.0517866390471258	0.00395585268404605	0.0121457700889262	c23
AC018716.2	5.18948231088867e-07	0.000556072854632388	0.0517866390471258	0.000988963171011512	4.78134450450596e-06	c23
MDK	4.03812712056716e-23	0.0865308197014129	5.69653029518384	2.30527315162783	2.49872153818416e-21	c23
AP002347.1	5.85917160298192e-05	0.00148846995710781	0.0517866390471258	0.00197792634202302	0.000364018415730435	c23
CD6	0.00105946515091728	0.0701275653951551	22.5271879854997	20.0828751137308	0.00506230833900323	c23
SCGB1A1	0.00678172361441285	0.0096668709069979	0.725012946659762	0.35305985205111	0.0269549000450555	c23
EEF1G	2.43615509908681e-08	0.0913932866142972	64.8886587260487	68.8664504133866	2.80865485435454e-07	c23
RARRES3	2.67880840214286e-06	0.125543110804051	42.7239772138788	39.9402666244709	2.15914146097253e-05	c23
FAU	1.6973750940302e-31	0.10376317877049	96.7892283790782	98.3296412041616	1.81294795871289e-29	c23
LTBP3	0.00149921024208071	0.00334696348868757	5.74831693423097	7.94928596859053	0.00690951121326137	c23
CTSW	6.86232011623706e-11	0.144632509128711	25.7379596064215	20.1511135725306	1.18755671856738e-09	c23
PTPRCAP	5.63030667160712e-14	0.22565866867182	71.620921802175	63.4627556469797	1.48684429253827e-12	c23
AP000879.1	0.00618478423508723	0.00215653610802129	0.155359917141378	0.0346137109854029	0.0248235152796021	c23
AP002336.2	0.00279941567139959	0.000531711204227917	0.0517866390471258	0.00395585268404605	0.0121457700889262	c23
CTTN	0.000348253992171073	0.0245026637093358	2.01967892283791	1.15214209422841	0.00184397574825283	c23
DEFB131B	0.00753414666433071	0.000834382248925433	0.0517866390471258	0.00494481585505756	0.0295807537068464	c23
RPS3	6.96903171190871e-75	0.291079946620167	97.928534438115	97.5414375568654	6.31695636632417e-72	c23
PRSS23	8.86400635715329e-09	0.0373373191886132	4.29829104091144	2.31417382016694	1.1051339970491e-07	c23
GPR83	0.00735408949621667	0.00120082359539495	0.103573278094252	0.0178013370782072	0.0290064040367064	c23
CRYAB	0.000272842094967757	0.0104720218242673	1.19109269808389	0.560742117963527	0.00147637595692621	c23
REXO2	0.00308513198002917	4.38196904087862e-05	11.9109269808389	15.0144388622968	0.0132857160177476	c23
TMPRSS4	0.0133589125028817	0.0132408640942256	0.880372863801139	0.485580916966652	0.0494406541074427	c23
CD3E	1.68705164946191e-20	0.29321232003258	64.2154324184361	53.1033664306341	8.69129619349517e-19	c23
CD3D	3.08079842861167e-19	0.269555717440176	56.2920766442258	46.5890660231813	1.41152756419096e-17	c23
CD3G	3.93399540138998e-10	0.142207700091958	34.3863283272916	28.7986075398552	6.09696570110061e-09	c23
BCL9L	0.00341824360350004	0.0403873664984324	7.97514241325738	6.44803987499506	0.014587231705584	c23
AP003392.1	5.18948231088867e-07	0.000453626763682522	0.0517866390471258	0.000988963171011512	4.78134450450596e-06	c23
RPS25	6.3667656401293e-59	0.208509786693022	94.3034697048162	96.134142964516	2.73754597485457e-56	c23
SC5D	0.011626394545584	0.0461247491868584	9.06266183324702	7.74259266584912	0.043669618128547	c23
HSPA8	2.65874627939771e-05	0.0922389836848199	74.3138270326256	76.7791447446497	0.000176992919250576	c23
FEZ1	4.94052321217016e-09	0.0266235163497167	2.38218539616779	1.0225879188259	6.40739626797226e-08	c23
VPS26B	0.00800641511637285	0.00113256218904725	8.95908855515277	11.2820918548993	0.0312740682707795	c23
B3GAT1	0.0103249739099277	0.00838597200131488	1.34645261522527	0.813916689742474	0.0392873808703375	c23
AL451164.3	0.00279765677868762	0.000639052315875418	0.0517866390471258	0.00395585268404605	0.0121457700889262	c23
AKR1C1	2.95823634888666e-08	0.0260101344877647	2.01967892283791	0.845563511214842	3.36544540939487e-07	c23
AKR1C2	5.46185434612343e-25	0.0511247969588163	3.62506473329881	1.10368289884885	3.9057499159976e-23	c23
AKR1C3	4.36275563404472e-64	0.0942056163648652	7.30191610564474	1.8988092883421	2.4386349742432e-61	c23
CALML3	3.40542026676213e-39	0.0632779730426359	4.50543759709995	1.17785513667471	5.79751192419636e-37	c23
GATA3	0.00581736774202813	0.0692284659733833	18.3324702226825	16.5868903042051	0.0235035392521551	c23
AL158834.2	0.00753545883724585	0.000697307349864365	0.0517866390471258	0.00494481585505756	0.0295807537068464	c23
CREM	0.000249174124267703	0.116192663801467	49.6116002071466	51.0611574824954	0.00135882955767321	c23
AL592430.2	5.18948231088867e-07	0.000861109369112738	0.0517866390471258	0.000988963171011512	4.78134450450596e-06	c23
CABCOCO1	0.00279824296408481	0.000619989492182688	0.0517866390471258	0.00395585268404605	0.0121457700889262	c23
AC022398.1	0.00753808379782719	0.000632167852967895	0.0517866390471258	0.00494481585505756	0.0295807537068464	c23
ZNF365	0.00121068876113575	0.00920819850847018	0.880372863801139	0.404485936943708	0.0056916287736152	c23
HKDC1	0.00015193091022956	0.00729667135862646	0.569653029518384	0.186914039321176	0.000866722038999659	c23
AL596223.2	4.61207140733421e-13	0.000888060064806188	0.0517866390471258	0	1.07341881234681e-11	c23
PRF1	1.70335900722903e-05	0.114978082717452	28.8969445882962	25.428221053048	0.000117328515885084	c23
SPOCK2	8.91017296616272e-06	0.0983235180219469	33.5059554634904	29.4068198900273	6.49205693980372e-05	c23
DDIT4	3.6447423325798e-05	0.141347522602856	46.9704816157431	47.5167134775901	0.000236481656703543	c23
COMTD1	0.00454560694805135	0.010713475586438	9.11444847229415	11.7370149135646	0.0187654561575266	c23
DLG5	0.00316974072315728	0.0104372486587429	0.983946141895391	0.502393290873848	0.0136112994093636	c23
RPS24	3.00034731422378e-06	0.0210807536400988	96.0642154324184	98.1684402072867	2.39699019114905e-05	c23
ADIRF	1.93554312280895e-06	0.0209365977195066	1.91610564474366	0.885122038055303	1.59729934184957e-05	c23
AL353751.1	5.18948231088867e-07	0.00103494421573427	0.0517866390471258	0.000988963171011512	4.78134450450596e-06	c23
PPP1R3C	0.0042452253613056	0.00255134817609334	0.155359917141378	0.0326357846433799	0.0176645618073781	c23
LCOR	0.00770830160423702	0.00256542183241235	8.13050233039876	10.3574112900036	0.030172854715558	c23
CRTAC1	0.00540213163866115	0.00202599144807015	0.103573278094252	0.0168123739071957	0.0219874624875507	c23
NOLC1	0.00804447902755799	0.000480778822624095	8.38943552563439	10.6135527512955	0.0314081184663842	c23
COL17A1	8.44315727520495e-05	0.00807434317204681	0.466079751424133	0.131532101744531	0.000507194355536134	c23
ABLIM1	2.42099546010133e-19	0.153513054927638	23.7700673226308	16.663040468373	1.11532068325382e-17	c23
TIAL1	0.0047835262826146	0.0098768725979208	19.5753495598136	24.2889354800427	0.0196822358564996	c23
BAG3	0.00553098372141205	0.000796230412847626	11.6519937856033	14.4101823648087	0.0224438151299113	c23
FKBP4	0.00144685510066402	0.000173000946679019	11.4966338684619	14.77313184857	0.00669120606261307	c23
FOXM1	0.0021178093901715	0.00182095973120435	0.932159502848265	1.90770995688121	0.00947154171590504	c23
PIANP	0.00279800456361489	0.00208121274924133	0.155359917141378	0.0306578583013569	0.0121457700889262	c23
ATN1	0.00451769713243409	0.00190292600653151	3.15898498187468	4.60757941374263	0.0186656445036917	c23
C12orf57	3.23099443616704e-07	0.121219130774151	57.9492490937338	57.647652201432	3.08809037903021e-06	c23
NANOGNB	4.61207140733421e-13	0.000987149300716166	0.0517866390471258	0	1.07341881234681e-11	c23
KLRB1	2.29919522118496e-12	0.156516680374602	25.9968928016572	19.7673958621781	4.91462137209057e-11	c23
CD69	2.95606351682019e-16	0.25472329003161	62.972553081305	56.3926579374184	1.01474368707385e-14	c23
KLRF1	1.79234862601888e-11	0.054396207279518	6.52511651993786	3.62356105858618	3.39422858381824e-10	c23
KLRF2	0.00656491321216272	0.00448773519493764	0.62143966856551	0.284821393251315	0.026170695270357	c23
AC115676.1	0.00540650620995576	0.00151717361374451	0.103573278094252	0.0168123739071957	0.0220008775809486	c23
KLRD1	0.00322371396421851	0.0470422112440002	18.2288969445883	15.6523201075992	0.0138292298454797	c23
AC068775.1	0.00574470984424152	0.017478979246336	2.90005178663905	2.01352901617944	0.0232295730354681	c23
KLRC3	2.17624455794844e-07	0.0523108130247158	8.38943552563439	5.64895763281775	2.1410058663677e-06	c23
KLRC2	1.37844185026837e-05	0.0371621994573624	6.4215432418436	4.38209581075201	9.69186221683453e-05	c23
PRH2	0.000454358026208259	0.00571949664746692	0.362506473329881	0.100874243443174	0.00235122041088915	c23
PRB3	0.000157176905435757	0.00127986165254933	0.103573278094252	0.00988963171011512	0.000892852143378121	c23
GRIN2B	0.00064724451609055	0.000664975155386866	0.0517866390471258	0.00296688951303453	0.00324196171684453	c23
ART4	5.18948231088867e-07	0.000743621913849086	0.0517866390471258	0.000988963171011512	4.78134450450596e-06	c23
PTHLH	7.08823446837734e-05	0.0191966494634882	1.24287933713102	0.558764191621504	0.000432665054548016	c23
TSPAN11	0.00106177625046428	0.00185274150451301	0.103573278094252	0.0128565212231497	0.00507178798435583	c23
SYT10	5.85917160298192e-05	0.00108152417804735	0.0517866390471258	0.00197792634202302	0.000364018415730435	c23
TWF1	0.00766002943779503	0.00347716919112517	8.13050233039876	10.3405989160964	0.0300084180919016	c23
NELL2	0.000503366906281364	0.0420630820827765	7.66442257897462	5.85565093555916	0.00258133322673767	c23
SLC38A1	0.000141678335929777	0.09709528460383	29.2594510616261	26.9996835317853	0.000813631512056996	c23
AC004466.3	5.85917160298192e-05	0.000744865515544868	0.0517866390471258	0.00197792634202302	0.000364018415730435	c23
AC117498.2	0.00753414666433071	0.000348473836280753	0.0517866390471258	0.00494481585505756	0.0295807537068464	c23
AC125611.4	0.00064741441998257	0.000472959339320288	0.0517866390471258	0.00296688951303453	0.00324196171684453	c23
TMPRSS12	0.0075328346962959	0.000952578795230679	0.0517866390471258	0.00494481585505756	0.0295807537068464	c23
AC008121.3	5.85917160298192e-05	0.00149483617508458	0.0517866390471258	0.00197792634202302	0.000364018415730435	c23
KRT86	2.00373975315339e-06	0.0498169317547736	6.26618332470223	4.10815301238182	1.65032966211342e-05	c23
KRT6A	1.70953905182339e-81	0.116864799612895	7.19834282755049	1.57047351556628	2.49280524869795e-78	c23
KRT5	5.12749041841747e-68	0.106385892665464	7.35370274469187	1.83452668222635	3.5826202844351e-65	c23
KRT72	3.60268189694796e-05	0.00390887200120417	0.362506473329881	0.0820839431939555	0.000233978980363751	c23
KRT8	7.24806845238423e-21	0.0501103972868556	4.24650440186432	1.55267217848807	3.889371516097e-19	c23
KRT18	2.86304116365714e-13	0.0432011989319588	4.19471776281719	1.8988092883421	6.95298150229783e-12	c23
PFDN5	8.1011460398987e-07	0.0250289459083408	82.8586224754013	87.2216068673603	7.20488559761661e-06	c23
HOXC6	0.00384365396278904	0.00183405972627353	0.103573278094252	0.0158234107361842	0.0161803020715475	c23
HOXC5	0.00166307720701944	0.00255394975526001	0.207146556188503	0.046481269037541	0.00759584411943594	c23
HNRNPA1	1.40694268475747e-08	0.0579339992142534	78.5085447954428	82.1858064005696	1.69490099717658e-07	c23
AC079313.1	0.00106191511626662	0.00187672900999795	0.103573278094252	0.0128565212231497	0.00507178798435583	c23
RPS26	6.89608957464109e-09	0.0545686394374312	88.9694458829622	93.0189089758297	8.70787093954492e-08	c23
RPL41	6.17228044601457e-50	0.185345656609194	94.7177628171932	96.6325804027058	1.76928155212339e-47	c23
NACA	3.57031951945531e-22	0.120790886531349	88.2962195753496	90.6394635863761	2.06807212510349e-20	c23
PRIM1	0.00961658852006116	0.000242158679427673	2.58933195235629	3.76794968155386	0.0368932905268601	c23
NDUFA4L2	5.98752650047599e-16	0.0323364049309045	2.01967892283791	0.580521381383757	1.98428521514786e-14	c23
AC084357.2	4.61207140733421e-13	0.000928107849541165	0.0517866390471258	0	1.07341881234681e-11	c23
WIF1	0.0107985297884168	0.00359591107395349	0.258933195235629	0.08505083270699	0.0408759697566505	c23
HMGA2	0.0128207554808773	0.00567497762350507	0.362506473329881	0.143399659796669	0.0476751854216281	c23
CNOT2	0.00821788274349399	0.00336655050558571	18.0217503883998	21.9797064757308	0.0320366559864351	c23
AC090709.1	5.18948231088867e-07	0.00115356401493636	0.0517866390471258	0.000988963171011512	4.78134450450596e-06	c23
PTPRQ	0.0075328346962959	0.00141150555005571	0.0517866390471258	0.00494481585505756	0.0295807537068464	c23
SLC6A15	1.59286811228995e-12	0.0150394560614073	0.725012946659762	0.125598322718462	3.47796944986851e-11	c23
NTS	2.19470879386499e-167	0.173755562940253	7.35370274469187	0.926658491237786	7.36061435286442e-163	c23
LUM	7.98587922783826e-06	0.0144169278426586	1.29466597617815	0.536018038688239	5.88250422893124e-05	c23
DCN	5.45835026877816e-09	0.013694899952398	1.55359917141378	0.546896633569366	7.0004646774104e-08	c23
AC090049.1	5.86328189449523e-05	0.000767987890338992	0.0517866390471258	0.00197792634202302	0.000364018415730435	c23
BTG1	2.51883223217083e-11	0.136610330097219	87.4158467115484	89.1540409035167	4.64667741488149e-10	c23
AC089983.1	0.00279765677868762	0.00110289019753837	0.0517866390471258	0.00395585268404605	0.0121457700889262	c23
NUAK1	2.46696967294732e-05	0.0103209994557787	0.776799585706888	0.26800901934412	0.000165375232643029	c23
MAPKAPK5	0.00480467369870686	0.00460359922769953	5.64474365613672	7.56457929506705	0.0197571292922058	c23
AC004217.1	0.00064724451609055	0.000891841283293019	0.0517866390471258	0.00296688951303453	0.00324196171684453	c23
RPL6	1.70946593248387e-30	0.130117977343521	91.0409114448472	93.9801811780529	1.73733540738315e-28	c23
AC125603.2	0.00280000219335531	0.000529445732283451	0.0517866390471258	0.00395585268404605	0.0121467434433774	c23
SUDS3	0.00706566100973376	0.00103525389465706	6.83583635422061	8.8314411171328	0.0279806516642403	c23
RPLP0	3.92883089022729e-40	0.26527104058925	94.3552563438633	93.552949088176	6.93500686297068e-38	c23
ANAPC5	0.00218860854849067	0.00566216381644657	17.4003107198343	21.8125716998299	0.00974788227082073	c23
VPS37B	2.70513069384507e-06	0.125590641937087	28.5862247540135	25.7496340836267	2.17774059553951e-05	c23
AC027290.1	0.00509458572988734	0.0144555616994193	1.96789228379078	1.25598322718462	0.0208444816651167	c23
TMEM132D-AS1	0.00102418551142998	0.00401127396822929	0.155359917141378	0.0267020056173108	0.00491122872209588	c23
AL161772.1	0.00269155012959962	0.00393781204150788	0.207146556188503	0.0494481585505756	0.0117691275419181	c23
PABPC3	2.94329557935775e-09	0.00488334498573017	0.310719834282755	0.0356026741564144	3.93746498366575e-08	c23
USP12-AS1	5.18948231088867e-07	0.000653306436245349	0.0517866390471258	0.000988963171011512	4.78134450450596e-06	c23
RPL21	3.04929966655683e-40	0.222901039811152	83.7389953392025	85.6471774991099	5.41097419137475e-38	c23
LINC00365	0.00753545883724585	0.000512032248474406	0.0517866390471258	0.00494481585505756	0.0295807537068464	c23
UBE2L5	8.45809154262546e-06	0.00849926919024972	0.569653029518384	0.156256181019819	6.19902697020482e-05	c23
TPT1	3.58727892311543e-14	0.0495817520690696	95.5463490419472	97.8272479132877	9.70243230027785e-13	c23
KLF5	6.52157250372792e-14	0.0465343315190406	4.14293112377007	1.83551564539737	1.7114280017999e-12	c23
LINC00402	0.0047259239188197	0.0101624391853406	1.55359917141378	0.927647454408798	0.0194643296560696	c23
COMMD6	7.8399255371066e-07	0.0617926699152387	70.5334023821854	74.4333241030104	6.98367656476709e-06	c23
LINC00560	4.61207140733421e-13	0.000850280578602548	0.0517866390471258	0	1.07341881234681e-11	c23
MBNL2	0.00951879930624454	0.000670102177904669	11.2894873122734	13.8652636575814	0.0365515790168112	c23
MCF2L-AS1	0.000960610603801963	0.00267758650922304	0.207146556188503	0.0435143795245065	0.004635533587095	c23
C13orf46	0.00311141579458883	0.00312279404710805	0.258933195235629	0.0721943114838403	0.0133885890324506	c23
RASA3	4.01776857645719e-05	0.0649623127649202	11.9627136198861	9.50096918390759	0.000258484409202419	c23
RNASE7	0.00384365396278904	0.00195759745260486	0.103573278094252	0.0158234107361842	0.0161803020715475	c23
TRDV1	0.00678536387954983	0.0150852665146938	1.24287933713102	0.716998298983346	0.0269661729816734	c23
TRAV8-7	5.18948231088867e-07	0.000829734881294873	0.0517866390471258	0.000988963171011512	4.78134450450596e-06	c23
TRDC	3.33563042172126e-06	0.0417419227970627	7.6126359399275	5.19502353732347	2.63472381261629e-05	c23
TRDV3	0.0010266520700956	0.00475229469671196	0.414293112377007	0.133510028086554	0.00492024251598545	c23
TRAJ30	0.00064741441998257	0.00127020854365192	0.0517866390471258	0.00296688951303453	0.00324196171684453	c23
TRAJ24	0.00064724451609055	0.00137285688098483	0.0517866390471258	0.00296688951303453	0.00324196171684453	c23
TRAJ6	0.00279941567139959	0.000508823127947386	0.0517866390471258	0.00395585268404605	0.0121457700889262	c23
RABGGTA	0.013082480632584	0.00583627805607792	6.2143966856551	7.97994382689189	0.0485407938329023	c23
SDR39U1	0.0040160408469443	0.00249725422790081	9.32159502848265	11.9318406582539	0.0168296795292967	c23
GZMH	5.01807095422479e-12	0.184673411449372	31.1755567063698	25.1799912971241	1.02557016247892e-10	c23
GZMB	2.71106070547492e-11	0.217190810917695	39.4096323148628	33.1094980022944	4.96307608843984e-10	c23
FAM177A1	7.93231473424414e-08	0.158172112412872	38.3738995339202	36.7439376557617	8.4428426390695e-07	c23
PAX9	0.000460246994606125	0.0157310898280645	1.19109269808389	0.578543455041734	0.00237765922752622	c23
AL121790.1	5.18948231088867e-07	0.000435228250237855	0.0517866390471258	0.000988963171011512	4.78134450450596e-06	c23
RPL10L	0.000647754352214658	0.000614861924679389	0.0517866390471258	0.00296688951303453	0.00324196171684453	c23
RPS29	2.36818333294271e-74	0.342140896998424	90.108751941999	89.7484077692947	2.09010875316401e-71	c23
RPL36AL	8.34276171331108e-07	0.037586064559006	76.2299326773692	80.92487835753	7.40406304157256e-06	c23
PTGDR	0.00276872182202965	0.0195645558262948	3.2107716209218	2.20538787135567	0.0120609679785986	c23
PSMC6	0.00130041812169047	0.00315402614725074	12.7912998446401	16.4336010126983	0.00607006582675781	c23
PRKCH	4.51220329438479e-05	0.0934104489673069	25.530813050233	22.6541793583607	0.000287263238585947	c23
PPP2R5E	0.00602845581467974	0.000956232185432643	12.0145002589332	14.8858736500653	0.0242657646558724	c23
GPX2	1.97697860640538e-47	0.0737111736535441	4.71258415328845	1.12049527275604	5.02302337133513e-45	c23
SRSF5	1.66708351577096e-06	0.0894050551842112	64.2154324184361	67.4838799003125	1.39185080786474e-05	c23
AHSA1	0.00658652197609095	0.0155311920722296	15.225271879855	18.8298587760592	0.0262443595145703	c23
CALM1	5.0280186514791e-08	0.07196268625503	75.9192128430865	78.7046560386091	5.5216008360611e-07	c23
TC2N	9.8274877288018e-05	0.0569351702941399	11.8591403417918	9.3902053087543	0.000581958658614069	c23
PRIMA1	6.62855115981908e-05	0.00233595083477828	0.103573278094252	0.0089006685391036	0.000407356007422905	c23
IFI27	9.16456286032081e-41	0.219499190527671	16.3645779388918	8.00862375885122	1.71710116876782e-38	c23
SERPINA5	4.61207140733421e-13	0.000737674522019316	0.0517866390471258	0	1.07341881234681e-11	c23
GSKIP	0.00739053305595955	2.18542209199091e-05	4.29829104091144	5.85762886190118	0.0291295919180598	c23
AL163932.1	5.39667658131841e-11	0.00210169498580818	0.155359917141378	0.00692274219708058	9.47649206919399e-10	c23
EVL	4.6865744494373e-06	0.128757237957024	46.8669083376489	45.5526326199612	3.59511285190366e-05	c23
PPP2R5C	9.09770440316e-05	0.114635331969617	32.0559295701709	30.580719174018	0.000543496277650838	c23
AL139300.1	0.00064724451609055	0.00121731094718069	0.0517866390471258	0.00296688951303453	0.00324196171684453	c23
AKT1	0.00703304854686127	0.000795534127882969	4.91973070947695	6.59539538747577	0.0278679563048952	c23
CRIP2	1.91600088817457e-17	0.0608609488985005	4.91973070947695	2.11242533328059	7.48937503351966e-16	c23
CRIP1	3.82426721521221e-06	0.119321755822802	74.9870533402382	76.6584912377863	2.98761411282989e-05	c23
IGHV3-29	6.735458510769e-06	0.00109920198540062	0.103573278094252	0.00692274219708058	5.02992223411647e-05	c23
IGHV3-36	0.00064741441998257	0.000669184695014672	0.0517866390471258	0.00296688951303453	0.00324196171684453	c23
IGHV1-46	6.29451770382548e-07	0.0413397367289012	2.38218539616779	1.15906483642549	5.71482227262856e-06	c23
AC068446.2	0.00882055671374528	0.00661334930752403	0.932159502848265	0.503382254044859	0.0341540967309081	c23
GOLGA6L22	0.00064741441998257	0.000657575982084195	0.0517866390471258	0.00296688951303453	0.00324196171684453	c23
APBA2	0.00162453482228638	0.0216743820721316	4.14293112377007	2.93029787570711	0.00743601049131167	c23
PLCB2-AS1	5.19221679450495e-07	0.000543322603231278	0.0517866390471258	0.000988963171011512	4.78134450450596e-06	c23
AC020659.2	0.00279765677868762	0.000592876778146944	0.0517866390471258	0.00395585268404605	0.0121457700889262	c23
STARD9	0.0126867217991687	0.0160498440325675	2.07146556188503	1.40630562917837	0.0472134127497249	c23
WDR72	0.00029774252876314	0.0152496307399567	0.932159502848265	0.402508010601685	0.0016002706618042	c23
RORA	0.000713034814381761	0.0712747500573165	22.9414810978767	20.3251710906286	0.00354220743426336	c23
RPL4	7.77368760668427e-11	0.0903452018031137	74.8316934230969	77.9055737964318	1.3369945382204e-09	c23
EWSAT1	0.00279765677868762	0.000804834421152242	0.0517866390471258	0.00395585268404605	0.0121457700889262	c23
RPLP1	7.49679741345964e-63	0.216886466166275	99.8446400828586	99.7211123857748	3.80950896443348e-60	c23
AC012435.2	0.00753545883724585	0.000611143286153046	0.0517866390471258	0.00494481585505756	0.0295807537068464	c23
AC091167.6	5.18948231088867e-07	0.000656030464620366	0.0517866390471258	0.000988963171011512	4.78134450450596e-06	c23
HBQ1	9.83507246860341e-05	0.00283407804013032	0.258933195235629	0.0504371217215871	0.000582257123481061	c23
JMJD8	0.0133966250539371	0.00107511122012899	2.90005178663905	4.07650619090945	0.0495747557165335	c23
AL031008.1	0.00279765677868762	0.00112072111875577	0.0517866390471258	0.00395585268404605	0.0121457700889262	c23
IL32	7.73873678863799e-16	0.286353209168858	67.0119109269808	56.0900352070889	2.52472523752277e-14	c23
TRAP1	0.00144167925749025	0.00118064750696183	4.97151734852408	7.01570473515566	0.00666910881899421	c23
MGRN1	0.00219057161135064	0.00120318451581558	7.19834282755049	9.57316349539143	0.00975406480834986	c23
RPS15A	1.29702883070768e-55	0.189414709742596	97.8249611600207	99.0268602397247	4.67739278755635e-53	c23
METTL9	0.00397861805163578	0.00073173962497225	21.4396685655101	26.3924601447842	0.0166897926473747	c23
SPN	0.00960312213956994	0.00102359508520777	12.8430864836872	15.718580640057	0.036850058388661	c23
SEPT1	0.00602370344289466	0.0773719564479738	32.2112894873123	31.010918153408	0.0242496068796965	c23
LINC02184	5.18948231088867e-07	0.000556610756085716	0.0517866390471258	0.000988963171011512	4.78134450450596e-06	c23
BRD7	0.00903083625811382	0.00231951389919655	8.44122216468151	10.6471774991099	0.0348495914960581	c23
AC007608.2	0.00064741441998257	0.000601607326149755	0.0517866390471258	0.00296688951303453	0.00324196171684453	c23
MT1X	0.00176167508251354	0.142048705131109	30.9684101501813	30.3542466078563	0.00800474988718858	c23
ARL2BP	0.00134961823609559	0.000525197696363999	13.8788192646297	17.6638711974366	0.00627961936767116	c23
ADGRG1	9.02630054782469e-05	0.0452763384864621	8.02692905230451	5.9624589580284	0.00053971129929211	c23
NIP7	0.0118445625423726	0.00018624335867766	7.66442257897462	9.62162269077099	0.0444045314717296	c23
COG4	0.0101065557082206	0.00280490677632506	4.24650440186432	5.74192017089284	0.0385682455430453	c23
LINC02136	4.61207140733421e-13	0.000804111582128647	0.0517866390471258	0	1.07341881234681e-11	c23
AC046158.1	0.00139503187249945	0.00218083649102231	0.207146556188503	0.0454923058665295	0.0064667006136678	c23
JPH3	0.00384695609025397	0.0014717489449285	0.103573278094252	0.0158234107361842	0.0161921703507703	c23
ZC3H18	0.00841175715625009	0.000499271217001357	6.93940963231486	8.89869061276158	0.0327239892711188	c23
RPL13	9.79503619606719e-56	0.20065101507021	97.514241325738	98.7647849994066	3.57071656460545e-53	c23
GLOD4	0.0105031769942702	0.00270363549633135	9.68410150181253	12.0376597175521	0.0398840070237584	c23
AC130343.1	0.00064724451609055	0.00146277807119631	0.0517866390471258	0.00296688951303453	0.00324196171684453	c23
AC004771.2	0.0125421303982303	0.000966435861005724	0.103573278094252	0.0197792634202302	0.0467479405752221	c23
ELP5	0.0078006056088629	0.00703741628291485	10.7716209218022	13.5112148423593	0.0305163549410993	c23
EIF4A1	0.00563395883739867	0.00172085990304427	21.8539616778871	26.9472684837217	0.0228230114130543	c23
RPL26	6.30526096827195e-24	0.0853350491656184	94.8731227343345	97.3782586336485	4.10613286124087e-22	c23
UBB	0.000115310962501514	0.0774107552860042	71.0512687726567	75.0276909687883	0.00067386287861575	c23
MPRIP-AS1	1.61651045036417e-06	0.00196031080480921	0.155359917141378	0.0138454843941612	1.35265787136511e-05	c23
ALDH3A1	6.93686373963174e-27	0.0396626203031384	2.58933195235629	0.612168202856126	5.64680912863518e-25	c23
AC068418.1	1.89013094960512e-07	0.00292188988218889	0.207146556188503	0.0207682265912417	1.88048685220578e-06	c23
SDF2	0.00121123107547596	0.00257648963958879	12.6359399274987	16.2634993472843	0.00569338021153649	c23
RPL23A	2.02340069132262e-38	0.164196235465097	89.7462454686691	92.5175046481269	3.29421419347466e-36	c23
AC024267.1	0.00753545883724585	0.000983465332355959	0.0517866390471258	0.00494481585505756	0.0295807537068464	c23
SSH2	0.0112333793223176	0.00223453535543455	20.145002589332	24.2938802958978	0.042330623299216	c23
AC015911.6	0.0125388930658273	0.00148567019039693	0.103573278094252	0.0197792634202302	0.0467410687608889	c23
CCL5	3.84769989047207e-27	0.462400595474719	58.5189021232522	46.4486332528977	3.16284703251599e-25	c23
C17orf98	0.00279941567139959	0.000553931779802629	0.0517866390471258	0.00395585268404605	0.0121457700889262	c23
RPL19	1.90006537978194e-54	0.237394372835183	97.6696012428793	98.106135527513	6.4368073441542e-52	c23
SMARCE1	0.00708457431798267	0.0021108540519158	10.8751941998964	13.5665967799359	0.0280389961619664	c23
KRT24	3.38198950103675e-17	0.0159505214028627	0.828586224754013	0.120653506863404	1.28745929495767e-15	c23
KRT13	1.23156233810662e-13	0.0259805631267445	2.12325220093216	0.688318367024012	3.12196109836113e-12	c23
KRT15	5.56208829552155e-49	0.0647456610547273	5.02330398757121	1.21246884766011	1.55451097712668e-46	c23
KRT19	1.75498692009378e-108	0.156272495126201	9.63231486276541	2.10748051742553	1.1771750265221e-104	c23
KRT16	0.00110731937597179	0.0114642200963811	1.13930605903677	0.570631749673642	0.00526545827751906	c23
KRT17	2.81218527116004e-40	0.0869230889307864	5.48938373899534	1.59519759484157	5.01675902256199e-38	c23
EIF1	5.07783321697066e-21	0.107925817625104	95.0284826514759	97.3090312116777	2.75121761600585e-19	c23
JUP	0.00702233501628632	0.0331175909939916	3.36613153806318	2.45065073776653	0.0278287926002848	c23
FKBP10	0.000980534910722076	0.00876867283898916	0.569653029518384	0.214605008109498	0.00472013489820539	c23
AC099811.4	0.000959585037388896	0.0034619805573875	0.207146556188503	0.0435143795245065	0.00463125096905293	c23
RPL27	6.5165873870684e-12	0.0657193437285724	83.3247022268255	86.6351517069504	1.30870244184132e-10	c23
LSM12	0.000873016040777634	0.00730649213326112	9.26980838943552	12.3491831164207	0.00425260885629634	c23
AC091132.1	0.00972285174688639	0.00117933174635023	0.103573278094252	0.0187903002492187	0.0372625987758057	c23
TLK2	0.00509269335107453	1.4573467309216e-05	3.41791817711031	4.88547806479687	0.0208392813089724	c23
FTSJ3	0.0113674784664638	0.00329770991061801	3.78042465044019	5.16832153170616	0.0427929613658393	c23
HELZ	0.012978936509513	0.00745730327215366	12.6877265665458	15.5079314846315	0.0481832602010237	c23
AC005332.3	0.00335532428418919	0.00507294262509505	0.310719834282755	0.0969183907591281	0.0143448768159704	c23
RPL38	7.84294348167357e-40	0.221913366683443	80.9425168306577	81.2136556034653	1.36288413724543e-37	c23
NAT9	0.0133498712419594	0.00114626976306273	3.57327809425168	4.87459946991574	0.049418099526803	c23
SRSF2	0.00840303445316522	0.0560796639554475	54.2206110823408	59.2379049804185	0.0326938479687071	c23
AC022966.1	0.00135092889080931	0.00150117611907158	0.155359917141378	0.0276909687883223	0.0062848457677851	c23
CHMP6	0.0120216809031967	0.008103422429459	5.74831693423097	7.48348431504411	0.0449880756674194	c23
NDUFAF8	0.0118999558316973	0.00823678401860994	18.5914034179182	22.5829740100479	0.04458229654641	c23
SIRT7	0.00640501365441385	0.00396211979941932	8.80372863801139	11.172316942917	0.0256124177824886	c23
CD7	7.39466291278303e-14	0.242630937770322	56.2920766442258	48.3405197990427	1.92697905803354e-12	c23
AP001020.1	5.18948231088867e-07	0.000906514648922325	0.0517866390471258	0.000988963171011512	4.78134450450596e-06	c23
AP001496.2	5.19221679450495e-07	0.000703372846211682	0.0517866390471258	0.000988963171011512	4.78134450450596e-06	c23
GNAL	0.00141601490334641	0.0104233122641852	1.03573278094252	0.51030499624194	0.00655581278691771	c23
DSG4	5.18948231088867e-07	0.00128448220991062	0.0517866390471258	0.000988963171011512	4.78134450450596e-06	c23
DSG2	3.35694452661259e-05	0.0141940647897325	1.03573278094252	0.416353494995846	0.000219507127185676	c23
RNF125	0.00868929855865534	0.0553718224127843	14.7074054893837	13.0859606788243	0.0337176553349743	c23
AC011825.2	2.36544813064086e-05	0.00134943961630272	0.103573278094252	0.00791170536809209	0.00015917415611042	c23
AC116447.1	6.80070012183277e-08	0.00268683293586773	0.155359917141378	0.0108785948811266	7.31500579493353e-07	c23
LINC01901	0.00262920034267196	0.00132366781450529	0.103573278094252	0.0148344475651727	0.0115293757287328	c23
RPL17	8.21423588663473e-21	0.079976273174633	87.1051268772657	91.1082321294355	4.3591303660173e-19	c23
LINC01416	4.61207140733421e-13	0.00155449878439974	0.0517866390471258	0	1.07341881234681e-11	c23
SERPINB12	0.00514279010744988	0.00335485587401531	0.155359917141378	0.0336247478143914	0.0210365769756865	c23
SERPINB3	1.94978117142746e-30	0.0303750585783751	1.3982392542724	0.188891965663199	1.97558190112792e-28	c23
AC110597.3	0.000614404554051564	0.00143695268338531	0.103573278094252	0.0118675580521381	0.00309723432042407	c23
AC091138.1	0.00361673059197709	0.00288879998045311	0.207146556188503	0.0514260848925986	0.0153405729851686	c23
LINC01029	5.85917160298192e-05	0.00114378641113823	0.0517866390471258	0.00197792634202302	0.000364018415730435	c23
RBFADN	7.78773616699311e-05	0.00184817741997533	0.155359917141378	0.0197792634202302	0.000471368156593782	c23
ANGPT4	0.00279765677868762	0.000781517272270101	0.0517866390471258	0.00395585268404605	0.0121457700889262	c23
AVP	0.00971756702471671	0.00177879572432988	0.103573278094252	0.0187903002492187	0.0372508587124185	c23
AL096677.1	0.00056785542591483	0.00367044609689969	0.362506473329881	0.102852169785197	0.00288265951055575	c23
CST7	0.00242970522306617	0.106155970892306	45.5204557224236	44.9503540488152	0.0107178026793625	c23
AHCY	0.00065371178548024	0.000912229651863217	7.19834282755049	9.88666482060208	0.00326885132867695	c23
AL133342.1	0.00436325394529241	0.00350878908142512	0.310719834282755	0.0998852802721627	0.0180995437003361	c23
CSE1L	0.0101449240091566	0.00745433848269038	3.98757120662869	5.43731951422129	0.0386724779971691	c23
PRELID3B	0.00722514865212726	0.00231633245210877	14.3448990160539	17.5857431069267	0.02854146472262	c23
RPS21	9.82477884436132e-81	0.272509028572979	94.7695494562403	96.05008109498	1.31801373152876e-77	c23
PLPP2	2.23821902973807e-05	0.0205851830103522	1.65717244950803	0.793148463151232	0.000151250029859672	c23
GZMM	1.21702792867593e-12	0.141997235676075	28.2755049197307	22.1250840618695	2.70948900633952e-11	c23
RPS15	5.47699298589606e-45	0.165932369812265	98.2392542723977	98.4839194588394	1.21647278649657e-42	c23
AES	0.00690955748843394	0.0899379282018855	33.9720352149146	34.2675738755489	0.0274110171572152	c23
MATK	0.00282214576591653	0.052293477017495	12.9984464008286	11.0922109260651	0.012234892023954	c23
EEF2	0.000385526929998904	0.0164793716170806	67.7887105126877	74.0941097353535	0.00202375992773568	c23
RPL36	1.58190681114976e-49	0.185266639429079	94.9249093733817	96.3981961311761	4.45831854053282e-47	c23
RPS28	1.69816765416218e-52	0.165945234982417	97.2553081305023	98.8033545630761	5.42410921764679e-50	c23
S1PR5	1.20835453319636e-09	0.0456879719802829	5.33402382185396	2.96590054986352	1.7344532649011e-08	c23
QTRT1	0.00520085257810197	0.00117251363880337	6.73226307612636	8.81561770639661	0.021242990350065	c23
AC010422.3	0.00545448631350011	0.0366789141074104	3.52149145520456	2.56438150243285	0.0221602134442358	c23
SAMD1	0.00616274151426337	7.88373399635001e-05	2.27861211807354	3.47422761976344	0.0247439273201682	c23
TECR	0.0122495986264912	0.00170526679186916	23.5111341273951	28.2981921753234	0.0457644022207042	c23
RPL18A	4.3539519345746e-35	0.138943959627988	95.8570688762299	97.9785592784525	5.84091359927051e-33	c23
SLC5A5	0.0117639363199888	0.00220662449199685	0.155359917141378	0.0385695636694489	0.0441318675950543	c23
UPF1	0.0057003329341279	0.00369156228971296	4.19471776281719	5.81015862969263	0.0230670770976562	c23
FXYD3	9.52620948906392e-59	0.0790626303963529	5.69653029518384	1.32224375964239	4.04417739043324e-56	c23
FXYD7	5.19519151708977e-08	0.0375654648544862	4.6090108751942	2.61481862415444	5.69958564279217e-07	c23
AD000671.1	5.18948231088867e-07	0.000622134302878102	0.0517866390471258	0.000988963171011512	4.78134450450596e-06	c23
HCST	0.0107850575171763	0.0519164700005539	57.7421025375453	63.1621108429922	0.0408295811052104	c23
AF038458.2	1.89734134112536e-07	0.0019501406638299	0.103573278094252	0.00494481585505756	1.88598530921771e-06	c23
AC010632.1	0.00543612733402449	0.00253583136200456	0.207146556188503	0.0543929744056331	0.0220936546932275	c23
C19orf33	5.72459367193689e-14	0.037761382551258	2.74469186949767	1.0047865817477	1.51055407214335e-12	c23
LGALS7	0.000230022362450391	0.00776965622380466	0.776799585706888	0.304600656671546	0.00126446320141964	c23
LGALS7B	0.000308923770354314	0.00957781299515483	0.880372863801139	0.370861189129317	0.00165374068797174	c23
IFNL1	0.00681255675707497	0.00971333254263588	0.932159502848265	0.494481585505756	0.0270550063373334	c23
PAF1	0.0060771312294994	0.00208010986822921	10.4609010875194	13.1245302424938	0.0244440905702747	c23
RPS16	1.15749897960175e-20	0.109267506049513	91.4552045572242	93.382847422762	6.06565637154431e-19	c23
TTC9B	0.0125464479926283	0.000733759448802181	0.103573278094252	0.0197792634202302	0.0467588368459571	c23
AKT2	0.0109401909800437	0.00327234947170579	7.97514241325738	10.0409430752799	0.0413375535250908	c23
CEACAM6	5.29697529247358e-07	0.01984787607799	1.29466597617815	0.484591953795641	4.87379855580189e-06	c23
RPS19	2.36684646593876e-99	0.320119425713278	98.8606939409632	98.7054472091459	8.81992186385045e-96	c23
CXCL17	0.000840819661836112	0.0091566213064757	0.776799585706888	0.331302662288856	0.0041118999443948	c23
LYPD3	0.00111068630373168	0.0309400573618839	4.55722423614707	3.2734680960481	0.00527997126216205	c23
BCAM	5.69171811681662e-06	0.0177490353658856	1.03573278094252	0.383717710352466	4.30803074253658e-05	c23
TRAPPC6A	0.0102343213972109	0.00132585994161255	12.1698601760746	14.8967522449464	0.0390043944340521	c23
NOP53	3.83613078456468e-06	0.123618776842377	47.4883480062144	49.1692709363503	2.99606680804e-05	c23
RPL18	1.19329358118607e-38	0.169849578722073	95.7017089590886	96.8580640056964	1.96179804538326e-36	c23
FLT3LG	0.0005074670730912	0.0659780773228924	15.6913516312791	13.402428893548	0.00259997413647001	c23
RPL13A	3.2179662378642e-08	0.0739124223588159	66.7011910926981	71.7225760512679	3.6423945894529e-07	c23
PRMT1	0.00113490491580875	0.00118966363302903	14.7591921284309	18.7724989121405	0.00537832995144747	c23
ACP4	5.86328189449523e-05	0.000648176818182826	0.0517866390471258	0.00197792634202302	0.000364018415730435	c23
NKG7	3.25366327258103e-14	0.321075497624068	47.0740548938374	41.7204003322916	8.84289779868901e-13	c23
AC245884.1	0.00753545883724585	0.000615946409688539	0.0517866390471258	0.00494481585505756	0.0295807537068464	c23
AC245884.10	0.00279765677868762	0.000864332963207098	0.0517866390471258	0.00395585268404605	0.0121457700889262	c23
KIR3DL3	0.00222960915841681	0.00192882188965096	0.155359917141378	0.0296688951303453	0.00991601007226934	c23
RPL28	8.41741877901943e-53	0.189831093368502	99.8964267219058	99.6123264369635	2.74080962146363e-50	c23
AC003002.3	0.0101369231001542	0.00181622143668357	0.155359917141378	0.0375806004984374	0.0386551594011337	c23
ZNF416	0.000507998992767403	0.0113911800911979	1.34645261522527	0.684362514339966	0.00260190443180103	c23
RPS5	4.86605347809008e-36	0.171927071984259	88.8140859658208	91.3436053641362	6.77168886092055e-34	c23
TRIM28	0.0120876292970221	0.00915078656855742	11.8073537027447	14.5377586138692	0.0452146900918499	c23
HDHD5	0.00133129453853876	0.0016441470637643	4.91973070947695	6.97317931880217	0.00620296696770116	c23
YDJC	0.00415858190371797	0.00150356159255544	9.26980838943552	11.8082202618774	0.0173686824267613	c23
MIF	4.18905368297402e-05	0.0619258932175237	78.4567581563957	80.4333636615372	0.000268730838599048	c23
Z99916.1	4.61207140733421e-13	0.000769070898850168	0.0517866390471258	0	1.07341881234681e-11	c23
AL008638.6	0.00279765677868762	0.00143404267658906	0.0517866390471258	0.00395585268404605	0.0121457700889262	c23
SF3A1	0.00930480217682184	0.000133704992662437	14.3448990160539	17.3958621780925	0.0357954181470809	c23
AC004542.1	5.85917160298192e-05	0.00154934453672182	0.0517866390471258	0.00197792634202302	0.000364018415730435	c23
RFPL2	0.00430145336819088	0.0034047929232873	0.258933195235629	0.0751612009968749	0.0178719205974214	c23
SYN3	0.00368368222270316	0.00324333998032531	0.310719834282755	0.0979073539301396	0.0155870974495355	c23
APOL5	0.00064724451609055	0.00112680685907151	0.0517866390471258	0.00296688951303453	0.00324196171684453	c23
Z95114.4	5.85917160298192e-05	0.00100129859557276	0.0517866390471258	0.00197792634202302	0.000364018415730435	c23
H1F0	0.000129446104310261	0.0035920402299968	2.22682547902641	4.01420151113573	0.000748640014891797	c23
RPL3	2.02379078270489e-36	0.17400626558201	88.8140859658208	91.6561177261759	2.92559893406709e-34	c23
PHF5A	0.00421185556271999	0.00399868632276984	15.7431382703263	19.5102654377151	0.0175496598164372	c23
SCUBE1	0.00836863252878496	0.0106071233811914	1.29466597617815	0.76545749436291	0.0325751158020416	c23
Z82214.1	5.18948231088867e-07	0.00120048317790553	0.0517866390471258	0.000988963171011512	4.78134450450596e-06	c23
PNPLA5	0.00279765677868762	0.00125059890692952	0.0517866390471258	0.00395585268404605	0.0121457700889262	c23
MLC1	0.000850150513059056	0.00836783754295288	0.932159502848265	0.427232089876973	0.00415208211838861	c23
EVA1C	6.04659206918028e-06	0.030708598688373	3.36613153806318	1.94529055737964	4.55402211579089e-05	c23
CBR1	0.000488949754221931	0.000493421363708932	7.35370274469187	10.13885042921	0.00251509154249925	c23
MORC3	0.00385084000190185	0.00184666930388047	9.4251683065769	12.0544720914593	0.0162064841239534	c23
RIPPLY3	6.63216974907848e-05	0.00165386839211831	0.103573278094252	0.0089006685391036	0.000407455044961704	c23
LINC00315	0.00735971762996128	0.00092570632790799	0.103573278094252	0.0178013370782072	0.0290183646688974	c23
AL592528.1	5.18948231088867e-07	0.000643867389957424	0.0517866390471258	0.000988963171011512	4.78134450450596e-06	c23
COL6A2	4.47844120873234e-10	0.0323561007326122	3.2107716209218	1.47553305114918	6.8669650976076e-09	c23
MT-ATP8	0.000595297613524622	0.0398327420939268	85.2408078715691	88.0473911151549	0.0030108718688567	c23
MT-ATP6	6.92103674279089e-18	0.0748561635460225	93.8891765924392	96.5326951224336	2.8272561544424e-16	c23
MT-ND4L	5.52619860248585e-31	0.145945602569473	93.0605903676851	95.2618774476839	5.70269688400524e-29	c23
MT-ND5	0.000115282576245435	0.0209860587953488	77.783531848783	82.900826773211	0.000673814402600102	c23
MT-CYB	1.63226876301569e-11	0.0609273264306607	89.1765924391507	92.5333280588631	3.11748461127677e-10	c23
