p_val	avg_log2FC	pct.1	pct.2	p_val_adj	cluster	gene
0	1.10862742169572	0.629	0.32	0	c5	LTB
0	0.463639916581457	0.986	0.982	0	c5	RPL11
4.1133250671103e-305	0.530896564991807	0.994	0.991	1.37952696100745e-300	c5	EEF1A1
1.98401439875202e-281	0.503842094495646	0.977	0.97	6.65398749053453e-277	c5	RPS8
1.70279565794736e-275	0.954249628933396	0.695	0.434	5.71083607762386e-271	c5	BATF
1.39366697447762e-251	0.414768472739619	0.99	0.987	4.67408029900303e-247	c5	RPL32
9.20047297681809e-248	2.32655578117695	0.106	0.019	3.08565462696525e-243	c5	PTPN13
1.19113481170385e-244	0.402542879280589	0.989	0.987	3.99482793149238e-240	c5	RPL13
1.59405119243605e-244	0.433372971870289	0.985	0.981	5.34612888919202e-240	c5	RPL34
4.00383061143359e-243	0.622799170849442	0.914	0.852	1.3428047104626e-238	c5	SARAF
1.72260000582572e-227	1.37640269311219	0.405	0.206	5.77725589953831e-223	c5	IL6ST
1.84016926308528e-224	0.382112646571247	0.41	0.188	6.1715596745354e-220	c5	TNFRSF4
4.28873757076098e-223	0.446384415672441	0.976	0.968	1.43835680648182e-218	c5	RPL37
2.2037027119693e-218	0.3829210637006	0.982	0.98	7.39077815540265e-214	c5	RPL19
1.07451561509195e-217	1.7465711092373	0.198	0.065	3.60371046989538e-213	c5	TSHZ2
1.58157821551652e-215	1.72166698794803	0.193	0.062	5.3042970191993e-211	c5	LEF1
1.93880973925722e-215	1.6732973469062	0.199	0.065	6.50238010352086e-211	c5	TNFSF8
5.66715626841796e-212	1.80103335876485	0.171	0.051	1.90065086930202e-207	c5	MAL
1.49883537137355e-208	1.85748702813983	0.159	0.046	5.0267940685126e-204	c5	FAAH2
1.40535620174825e-207	0.412056811082333	0.972	0.963	4.71328362942328e-203	c5	RPS13
9.3592437540865e-207	2.03241711155367	0.18	0.058	3.13890317024553e-202	c5	PASK
6.86689802320079e-202	0.652655905317459	0.827	0.699	2.30302025902108e-197	c5	FXYD5
7.46947159335995e-198	0.421448112790858	0.962	0.949	2.50511138298106e-193	c5	RPS3A
1.79136650415412e-196	0.354349464549145	0.986	0.985	6.00788498163209e-192	c5	RPS28
3.92698410524997e-196	1.69728618934542	0.222	0.084	1.31703192921873e-191	c5	CCR6
2.03200122615377e-191	0.345807510857076	0.987	0.99	6.81492571227453e-187	c5	RPL30
2.52038567697156e-190	0.413846625191219	0.981	0.968	8.45286948342723e-186	c5	TPT1
2.14436931864269e-188	1.99939662554685	0.161	0.051	7.19178582086385e-184	c5	ICA1
3.10442829897398e-188	1.02760982078151	0.473	0.274	1.04116316290989e-183	c5	PIM2
7.69783718098584e-187	0.332174498789639	0.993	0.992	2.58170063375903e-182	c5	RPL39
1.52368708687946e-179	0.60462532356385	0.579	0.349	5.11014175197634e-175	c5	IL7R
4.46164607790334e-179	0.343338851835546	0.983	0.979	1.49634686160722e-174	c5	RPL18A
6.50688966815195e-173	0.362881303493626	0.963	0.958	2.1822806569048e-168	c5	RPL29
1.22167245682094e-171	2.36119912110316	0.105	0.026	4.09724508568608e-167	c5	CH25H
4.24684065137577e-171	0.460557853314358	0.9	0.862	1.42430541765841e-166	c5	RPL22
2.38494046927113e-163	0.35344329391474	0.97	0.961	7.99861334584152e-159	c5	RPL8
7.54627285483618e-163	2.8568712048675	0.048	0.006	2.53086899005496e-158	c5	AL109914.1
6.32877867719131e-161	0.357316423573938	0.964	0.958	2.12254579275642e-156	c5	RPL36
6.34730028661754e-160	0.324262109342485	0.972	0.965	2.12875757012579e-155	c5	RPL18
4.24184083579369e-159	1.91388230515721	0.118	0.033	1.42262857950849e-154	c5	IL6R
3.8935295415811e-158	0.411785237410895	0.946	0.927	1.30581193765547e-153	c5	RPS6
2.15462426603041e-154	1.70858891551077	0.16	0.056	7.22617886341279e-150	c5	FBLN7
1.6818924119918e-153	1.57429081868162	0.178	0.067	5.6407307713381e-149	c5	SESN3
2.64084095796044e-153	0.300073808614021	0.994	0.994	8.85685240480773e-149	c5	RPL10
5.24233762273046e-150	0.868331296307991	0.514	0.33	1.75817519191134e-145	c5	ARID5B
2.97381581464264e-148	0.423031311245468	0.915	0.886	9.97358347914848e-144	c5	RPL5
1.13709592041858e-146	0.32448440671847	0.973	0.972	3.81359229789985e-142	c5	RPS23
2.06632415851031e-144	0.365035261508179	0.97	0.965	6.93003796281189e-140	c5	RPS18
6.74095115746718e-144	1.68512789517358	0.143	0.049	2.26078019919134e-139	c5	SH3TC1
2.31564119973421e-142	0.321475998656954	0.968	0.962	7.76619745566859e-138	c5	RPL35A
9.09409147929718e-141	1.71744787652611	0.126	0.04	3.04997640032669e-136	c5	LY96
4.69617469890391e-138	0.592697083188019	0.737	0.626	1.57500307051839e-133	c5	EEF1G
4.87008558739656e-136	0.394355699433016	0.91	0.872	1.63332930430106e-131	c5	RPL9
5.30139356737456e-135	1.56899903456543	0.217	0.098	1.77798137462608e-130	c5	TIFA
2.02574400423819e-133	1.24405779915142	0.304	0.163	6.79394024141404e-129	c5	SELL
1.80028432241461e-130	0.391386387784614	0.913	0.872	6.03779356051411e-126	c5	RACK1
9.98259275049699e-130	1.31651765996214	0.182	0.074	3.34796195666168e-125	c5	CCR7
1.46482425309054e-129	0.825244080307998	0.484	0.319	4.91272758001504e-125	c5	RNASET2
3.88831080691e-129	0.270314678467543	0.999	0.998	1.30406167842147e-124	c5	RPLP1
8.6710565448708e-127	2.1681547159492	0.065	0.014	2.90809894401877e-122	c5	DRAIC
1.38025921946967e-126	1.36290551243698	0.168	0.067	4.62911337025736e-122	c5	TCF7
2.51408751768335e-125	0.36973383774371	0.93	0.909	8.43174671680643e-121	c5	RPL3
3.78172205417097e-122	1.94837581807968	0.105	0.032	1.26831394252786e-117	c5	AC012645.3
1.19967814910592e-120	0.500042623430399	0.814	0.748	4.02348057647143e-116	c5	PABPC1
1.46972403135642e-119	0.270389100334426	0.982	0.983	4.92916045636315e-115	c5	RPS27A
1.89110149260963e-119	0.560202658698478	0.847	0.759	6.34237618591417e-115	c5	JUNB
1.91501887650988e-119	0.233830217751985	0.99	0.993	6.42259030803883e-115	c5	RPS15A
1.68680704465984e-117	0.734481167915159	0.471	0.303	5.65721346638019e-113	c5	ICOS
7.76037776307506e-116	0.275209735569643	0.963	0.96	2.60267549418011e-111	c5	RPS25
4.40541621433936e-115	1.0121610932968	0.323	0.183	1.47748848996514e-110	c5	MAF
9.89191616058097e-115	0.33729759819937	0.964	0.953	3.31755084193564e-110	c5	RPS4X
1.33465273206547e-114	0.305560510619029	0.95	0.93	4.47615833280117e-110	c5	RPL24
3.2367600877865e-113	0.432551496628562	0.978	0.961	1.08554459824184e-108	c5	FTH1
2.65108790067633e-111	2.42630645356284	0.046	0.008	8.89121860128828e-107	c5	ANKRD55
5.28915315445423e-111	2.18598929804604	0.117	0.041	1.77387618494086e-106	c5	NMB
6.76496580058207e-111	1.02519967150375	0.301	0.167	2.26883423019922e-106	c5	FCMR
8.56007940766243e-111	0.492169704594786	0.77	0.689	2.87087943174182e-106	c5	EEF2
1.20827049155356e-109	0.45667271734793	0.949	0.925	4.05229757457232e-105	c5	SRGN
4.48450972915739e-109	1.00323552621792	0.275	0.147	1.5040148729648e-104	c5	CD28
7.50608669908973e-109	1.49623438196039	0.207	0.101	2.51739135714071e-104	c5	TOX2
3.38923092367443e-108	1.16002512920271	0.222	0.109	1.13668026718193e-103	c5	CD4
4.68164533533098e-108	1.0558013079107	0.304	0.173	1.5701302125633e-103	c5	SOCS3
1.00525444122944e-106	0.292669280994512	0.946	0.937	3.3714223449953e-102	c5	RPL14
3.59321704277666e-106	0.320253200547076	0.941	0.934	1.20509313180644e-101	c5	RPL6
1.35221930787735e-102	2.83754117485507	0.04	0.007	4.53507311475906e-98	c5	IL21
3.48102738567025e-102	0.184331901238505	0.995	0.997	1.16746696460609e-97	c5	RPL28
2.53865193230217e-101	0.248492333870336	0.981	0.976	8.51413085055503e-97	c5	RPS14
1.47877227061745e-100	1.71070914396927	0.096	0.031	4.95950644119681e-96	c5	CMTM8
7.11567834488961e-98	1.06530083448108	0.202	0.099	2.38645620330908e-93	c5	MAGEH1
1.28744519396694e-97	0.242769953718571	0.99	0.993	4.31783369152633e-93	c5	RPS12
3.5256890292096e-97	0.86451776362416	0.384	0.246	1.18244558661632e-92	c5	PBXIP1
1.49135851777087e-96	1.36800454341714	0.174	0.081	5.00171819689995e-92	c5	GK
1.73500561174901e-96	1.82631723313673	0.116	0.044	5.81886182068384e-92	c5	SMCO4
1.87566530228488e-96	0.435307192915118	0.806	0.739	6.29060629080302e-92	c5	RPL4
2.81779609410341e-96	0.585328439757448	0.584	0.431	9.45032454040403e-92	c5	SPOCK2
7.66921224511747e-96	1.77672439882511	0.085	0.027	2.5721004027675e-91	c5	IGFBP4
2.52781418489431e-95	0.780373465953703	0.438	0.298	8.47778321329852e-91	c5	CORO1B
2.62979088492826e-94	1.73969557621426	0.1	0.035	8.81979266987241e-90	c5	CCR4
3.98825504133126e-91	0.302837685481312	0.91	0.886	1.33758097576168e-86	c5	NACA
6.81263326086159e-90	1.19111142167295	0.128	0.052	2.28482094302776e-85	c5	CD40LG
1.24315356312992e-86	0.832380883887352	0.417	0.286	4.16928842002514e-82	c5	BIRC3
6.005359175834e-86	3.5897769811855	0.018	0.001	2.01407736039121e-81	c5	KSR2
8.3636132655617e-86	2.79394185597188	0.031	0.005	2.80498861700408e-81	c5	IL21-AS1
9.45252772974441e-86	0.222036015821731	0.968	0.973	3.17018875000168e-81	c5	RPL26
1.28338341268989e-85	1.62808491453865	0.085	0.029	4.30421128947936e-81	c5	CXCR5
2.62381822765389e-84	1.40472484285381	0.137	0.06	8.79976157190563e-80	c5	TP53INP1
4.0279388320741e-84	1.05644577656844	0.283	0.169	1.35089012550101e-79	c5	CRYBG1
4.97187065245292e-84	1.02256809791603	0.25	0.142	1.66746597941966e-79	c5	TBC1D4
1.4704873285673e-83	0.786912978900312	0.323	0.2	4.93172040254902e-79	c5	PIK3IP1
1.8783418295323e-78	1.52862525411763	0.127	0.055	6.29958282788543e-74	c5	SESN1
2.02937584192038e-77	1.49780323724212	0.072	0.023	6.80612069863256e-73	c5	AC004585.1
2.12868611073577e-76	0.925160863820788	0.333	0.218	7.13918747818563e-72	c5	PELI1
6.18091241146192e-76	0.387325837432869	0.794	0.74	2.0729544045561e-71	c5	EEF1B2
6.90174120173365e-76	0.287786538886253	0.903	0.884	2.31470596423743e-71	c5	EEF1D
1.87692846785908e-75	1.30537026964842	0.16	0.079	6.29484269550579e-71	c5	THADA
2.73008507785266e-75	3.63671572352976	0.015	0.001	9.15615933410224e-71	c5	SCGB3A1
8.30222384001447e-75	0.873822468249599	0.327	0.215	2.78439983146405e-70	c5	FKBP5
7.89002631171945e-74	0.262013034612367	0.941	0.925	2.64615702442447e-69	c5	RPS16
2.05517840782248e-73	0.229651624640432	0.943	0.937	6.89265734415502e-69	c5	RPL15
3.12269150152926e-73	0.203890404488535	0.977	0.98	1.04728827578288e-68	c5	RPS3
6.61520076234697e-73	0.182525308852559	0.984	0.984	2.21860603167593e-68	c5	RPS15
1.48143910151739e-72	0.273652610902722	0.914	0.896	4.96845045866901e-68	c5	RPL17
3.73646231458011e-72	0.240282281795213	0.982	0.969	1.25313473106388e-67	c5	EIF1
9.63719420555808e-72	0.868402441710949	0.321	0.212	3.23212219266007e-67	c5	SMAP2
1.72831366080458e-71	0.728091052139308	0.428	0.311	5.7964183556064e-67	c5	ARID5A
3.45565594583552e-71	0.245576165741053	0.922	0.916	1.15895789111432e-66	c5	RPS9
2.88424735534874e-70	0.851505591511433	0.483	0.393	9.67318878036861e-66	c5	NR3C1
3.21010443725928e-70	0.280115399878133	0.885	0.861	1.07660482616802e-65	c5	RPL10A
3.62581876976847e-70	0.934157742958272	0.206	0.114	1.21602709900495e-65	c5	DGKA
8.12681638165712e-70	1.29440816687069	0.084	0.031	2.72557167808016e-65	c5	ARMH1
1.18013025588882e-69	0.692324106815642	0.373	0.258	3.95792085219992e-65	c5	TMEM123
1.37764011682366e-67	0.514533556146173	0.744	0.639	4.62032942380318e-63	c5	SAT1
3.9366621478832e-67	0.216115136674915	0.954	0.954	1.32027775115707e-62	c5	RPLP2
2.95561708416033e-64	0.835499617480429	0.234	0.138	9.91254857685693e-60	c5	AQP3
1.41779905466216e-63	0.268291091176091	0.91	0.898	4.75501446952594e-59	c5	RPS5
5.50748269363329e-63	3.11138893634772	0.015	0.001	1.84709954579073e-58	c5	PTPN14
6.37198585839156e-63	0.936204203486764	0.245	0.152	2.13703661718736e-58	c5	TNIK
7.66118259319769e-63	0.701933842996855	0.323	0.217	2.56940741810664e-58	c5	MCUB
8.27664766989631e-63	0.62267746695841	0.491	0.385	2.77582209552982e-58	c5	NDUFV2
1.05408670130419e-62	1.13748048205381	0.158	0.083	3.53519597883398e-58	c5	ZC3H12D
2.06684219064597e-62	1.76475102400282	0.051	0.015	6.93177533898844e-58	c5	CD200
1.38202945834583e-61	0.381647322927283	0.773	0.694	4.63505039740025e-57	c5	CIRBP
1.81408703257444e-61	0.474769768622515	0.556	0.446	6.08408508984816e-57	c5	NOP53
1.99989295593495e-61	0.621430889365699	0.403	0.286	6.70724099561462e-57	c5	GPR183
5.20495408983435e-61	0.904495079495153	0.269	0.174	1.74563750264865e-56	c5	TMEM173
5.82130954116315e-61	0.183105210978631	0.968	0.97	1.9523507939153e-56	c5	RPS7
2.02099141367903e-60	0.2146180047343	0.951	0.927	6.77800100319673e-56	c5	MT-ND3
1.88256821043006e-59	0.299088894939283	0.943	0.906	6.31375726414033e-55	c5	BTG1
3.90002820557915e-59	0.186074874039668	0.993	0.993	1.30799145958714e-54	c5	RPS27
7.65574653556358e-59	0.694303924668429	0.417	0.311	2.56758427309731e-54	c5	SOCS1
3.44538367768142e-58	0.893584079263258	0.312	0.217	1.15551277782079e-53	c5	UGP2
8.29942955867162e-58	0.36180506495691	0.713	0.643	2.78346268538729e-53	c5	RPL7
1.56960375568423e-57	2.99438575487611	0.019	0.003	5.26413707581378e-53	c5	IGFL2
1.08522808941308e-56	0.187492589939399	0.979	0.977	3.63963796627359e-52	c5	RPL12
2.30506652986431e-56	0.813569018098568	0.247	0.157	7.73073212785892e-52	c5	TNFRSF25
9.23074492894964e-55	0.765430391929258	0.28	0.188	3.09580723427113e-50	c5	LIMS1
9.50782342795169e-55	0.57048909389097	0.421	0.32	3.18873382126644e-50	c5	EIF3L
1.95866858595151e-54	0.473212933016241	0.522	0.424	6.56898270356418e-50	c5	EIF3E
4.78751363573944e-54	0.354648718505562	0.761	0.665	1.60563632315429e-49	c5	PNRC1
5.69415950191647e-54	0.918025968976541	0.147	0.078	1.90970721375275e-49	c5	ITGB2-AS1
6.08651654689555e-54	1.18729671235837	0.076	0.031	2.04129591949783e-49	c5	ZBTB10
2.98163992305292e-53	1.13100358925503	0.138	0.073	9.99982397393488e-49	c5	ETV6
4.00315197304281e-52	0.801594228310933	0.304	0.214	1.3425771087191e-47	c5	CNIH1
6.63816344893918e-52	0.405555267118431	0.728	0.628	2.22630725750522e-47	c5	NFKBIA
6.94256921275577e-52	0.151539333130672	0.98	0.98	2.32839886257403e-47	c5	FAU
4.26554257771243e-50	0.248804728875196	0.893	0.833	1.43057766971319e-45	c5	RPS2
4.9080448501563e-50	0.838149114519744	0.292	0.203	1.64606008184542e-45	c5	SOD2
8.92760799966339e-50	0.20896823688742	0.941	0.93	2.99414117092711e-45	c5	RPLP0
5.78445455462603e-49	0.40922432959592	0.578	0.489	1.93999036853048e-44	c5	EIF3F
1.2709297445732e-48	0.874728272808953	0.269	0.185	4.2624441773496e-44	c5	CMTM7
1.44551660507121e-48	1.31004893021269	0.094	0.044	4.84797359008781e-44	c5	ZC2HC1A
4.03213419912711e-48	0.650875663075359	0.324	0.232	1.35229716770325e-43	c5	SNX9
8.20056993944338e-48	1.47771262520037	0.062	0.024	2.75030714629052e-43	c5	LINC01281
1.04771488165521e-47	0.974495358882911	0.238	0.158	3.51382617009523e-43	c5	PLIN2
1.50736995225273e-47	0.172793207581163	0.962	0.956	5.05541734586522e-43	c5	RPL7A
2.16633111451893e-47	0.637075185415193	0.386	0.292	7.26544129187357e-43	c5	RORA
6.29927835345895e-47	0.296988421353803	0.769	0.717	2.11265197418306e-42	c5	COMMD6
1.23355194950159e-46	0.346864419149865	0.829	0.776	4.13708652823843e-42	c5	KLF6
1.58766618259807e-46	1.63741862598368	0.064	0.026	5.3247148431974e-42	c5	ADTRP
1.65410424863545e-46	0.539136523310765	0.48	0.388	5.54753482907357e-42	c5	SLC2A3
3.37586139720699e-46	0.708831554361806	0.28	0.193	1.13219639539528e-41	c5	PBX4
2.96601245475141e-45	0.934396174983371	0.172	0.103	9.94741257074529e-41	c5	GNA15
4.96606973435281e-45	1.58367451179688	0.036	0.011	1.66552046750724e-40	c5	FHL1
7.16096039819207e-45	0.223955999038923	0.864	0.834	2.40164289834566e-40	c5	PFDN5
2.23195496581692e-44	0.604040202597453	0.323	0.233	7.4855305643568e-40	c5	FOXP1
3.94394713043191e-44	0.559020450645703	0.314	0.223	1.32272098860425e-39	c5	CYTH1
5.22825728058528e-44	0.194452099266853	0.953	0.956	1.75345292676269e-39	c5	RPS21
7.88606170912625e-44	0.411397267471034	0.622	0.543	2.64482737600676e-39	c5	FYB1
3.42100053598987e-43	1.10968684701402	0.157	0.093	1.14733515976028e-38	c5	FURIN
8.33665154455224e-43	0.502288185917371	0.435	0.341	2.79594619501193e-38	c5	ZNF331
1.16209517540167e-42	0.585657765712711	0.286	0.199	3.89743479926212e-38	c5	PER1
2.354404653569e-41	1.24385043248692	0.057	0.023	7.89620232713972e-37	c5	LINC00239
2.50977821229816e-41	2.09476887281272	0.045	0.016	8.41729416840558e-37	c5	GNG4
2.75943193411668e-41	1.84025502976674	0.034	0.01	9.25458282064053e-37	c5	LIMS2
8.86424576010205e-41	0.912027682496349	0.156	0.093	2.97289074302303e-36	c5	ICAM2
1.13078825467627e-40	0.913128092401871	0.185	0.117	3.79243764853328e-36	c5	KDSR
3.2114357653659e-40	0.563246807137719	0.338	0.252	1.07705132698842e-35	c5	TNFAIP8
1.50557404207259e-39	1.29091772961265	0.077	0.036	5.04939422230305e-35	c5	BTLA
1.85124632291605e-39	0.96154695657016	0.103	0.054	6.20870991779585e-35	c5	RIC3
2.30814788352087e-39	0.438423891300785	0.528	0.451	7.74106637175228e-35	c5	GYPC
2.41011526982868e-39	1.07390278436191	0.113	0.061	8.08304459195142e-35	c5	SLC9A9
3.0033634565089e-39	1.32842420440253	0.065	0.028	1.00726803604395e-34	c5	PIP4P2
3.23672831876323e-39	0.724965141576968	0.163	0.099	1.08553394354681e-34	c5	ZNF831
4.67056410333605e-39	0.995732111183401	0.086	0.042	1.56641378897685e-34	c5	BEX2
4.9519723358846e-39	0.345334382354792	0.649	0.597	1.66079248200898e-34	c5	RPS4Y1
6.0810505082113e-39	0.790680202915805	0.113	0.061	2.0394627194439e-34	c5	SERINC5
1.21505104894459e-38	0.780549151658501	0.181	0.115	4.07503820795036e-34	c5	PVT1
1.64780221327948e-38	0.652401823253638	0.457	0.38	5.52639906289671e-34	c5	ZFAND5
7.90901677662497e-38	1.49977566635163	0.059	0.025	2.65252604654448e-33	c5	FXYD1
9.62482698859526e-38	0.598107557738367	0.215	0.142	3.22797447543508e-33	c5	FOXP3
1.47410964366132e-37	1.33150430239236	0.051	0.02	4.94386892291134e-33	c5	ACTN1
1.55730498609629e-37	0.869310237647965	0.149	0.09	5.22288946236974e-33	c5	JMY
5.39424420525833e-37	0.394614087714633	0.614	0.532	1.80912162155954e-32	c5	CREM
7.08827105255263e-37	1.83780199344421	0.039	0.014	2.3772643456051e-32	c5	LGMN
8.15022549613347e-37	0.138188543092318	0.999	0.997	2.73342262689324e-32	c5	MALAT1
1.09366897419539e-36	0.594180810193665	0.299	0.221	3.6679470056565e-32	c5	TMEM243
1.44538390251835e-36	0.48719689979132	0.432	0.35	4.84752853226606e-32	c5	ANKRD12
2.06470326164838e-36	0.505441514681366	0.352	0.265	6.92460179891635e-32	c5	KLRB1
2.34416446285199e-36	0.436652027240054	0.504	0.424	7.86185877551299e-32	c5	UBE2B
2.76011802462197e-36	0.407888510772919	0.501	0.419	9.25688383097715e-32	c5	EIF3H
5.41685696315437e-36	1.00533028830735	0.156	0.099	1.81670548830271e-31	c5	THEM4
1.1556793513548e-35	0.868774148636791	0.113	0.063	3.87591740857374e-31	c5	ITPKB
1.36856924816625e-35	0.35620382922661	0.632	0.562	4.58990754449998e-31	c5	LEPROTL1
2.28310347430752e-35	0.467875135103285	0.451	0.368	7.65707243213257e-31	c5	TXNIP
3.22267081400935e-35	0.503654515727482	0.506	0.429	1.08081933760246e-30	c5	UCP2
6.56208121172278e-35	0.39876198096718	0.521	0.436	2.20079079678759e-30	c5	RHOH
1.83709608027381e-34	0.443896447834795	0.477	0.397	6.16125283402231e-30	c5	EML4
1.88107551827021e-34	0.257419821084943	0.736	0.667	6.30875107317463e-30	c5	UQCRB
1.89167182688131e-34	0.647373651369075	0.342	0.268	6.34428897299452e-30	c5	TTC39C
2.34398640747106e-34	0.850976583866263	0.145	0.089	7.86126161337643e-30	c5	LPAR2
2.89717552569031e-34	0.174806393044978	0.894	0.879	9.71654727806015e-30	c5	UBA52
3.22776393678163e-34	0.645699795815963	0.251	0.179	1.08252746911782e-29	c5	RILPL2
4.51923504591578e-34	1.60916448453099	0.026	0.008	1.51566104969924e-29	c5	NLRP6
4.84979435145685e-34	0.402640893060483	0.587	0.512	1.6265240295916e-29	c5	EPC1
1.0358477192658e-33	0.544578908511011	0.744	0.68	3.47402608087365e-29	c5	DNAJB1
1.32889783486671e-33	1.27433849205815	0.056	0.024	4.45685755857596e-29	c5	CYSLTR1
4.00645828622666e-33	0.264113364241293	0.671	0.604	1.3436859800347e-28	c5	CD37
5.08758389016084e-33	0.688132368612344	0.22	0.154	1.70627388508214e-28	c5	WDR74
8.84840038789615e-33	0.622587947313699	0.271	0.199	2.96757652209261e-28	c5	VSIR
1.09578008623345e-32	0.810994253214349	0.167	0.108	3.67502725320974e-28	c5	CRTAP
1.21440645525253e-32	2.30610015102227	0.021	0.006	4.07287636962594e-28	c5	TSHR
1.43581582245935e-32	0.895697669319266	0.131	0.079	4.81543910536417e-28	c5	TRBV20-1
2.05408242892031e-32	0.735092373708796	0.248	0.181	6.88898165011293e-28	c5	PHTF2
2.09518904351339e-32	0.440061048656005	0.421	0.346	7.0268450141352e-28	c5	SMDT1
4.80022896353204e-32	0.57331032291345	0.338	0.262	1.60990078978937e-27	c5	RHBDD2
7.47954724297958e-32	0.547666891017072	0.292	0.216	2.50849055435049e-27	c5	CD5
2.69609038803316e-31	1.05846191334411	0.107	0.062	9.0421479433856e-27	c5	METTL8
6.3539997230211e-31	0.484455938539052	0.366	0.289	2.13100442710681e-26	c5	ITK
7.65199663466036e-31	0.687448077079883	0.199	0.137	2.56632663133239e-26	c5	SATB1
1.28578854771641e-30	1.09101838666219	0.11	0.064	4.31227763133128e-26	c5	PKIA
1.44509375102993e-30	1.06804246873542	0.099	0.056	4.84655542220418e-26	c5	MFHAS1
2.45521077615542e-30	0.637676466984455	0.317	0.248	8.23428590107003e-26	c5	CDKN1A
4.14532193769364e-30	0.235792341687291	0.838	0.819	1.39025807146369e-25	c5	RPL21
4.18836036523383e-30	0.1253924480819	0.981	0.98	1.40469229929212e-25	c5	RPS24
4.2509686195185e-30	0.918999198362675	0.115	0.068	1.42568985561412e-25	c5	CXorf40A
4.58565550060311e-30	0.579688029123215	0.411	0.346	1.53793714179227e-25	c5	RNF19A
1.19820183286072e-29	1.32895679983396	0.037	0.014	4.0185293070483e-25	c5	TTC39C-AS1
1.43637779270792e-29	0.690072643539655	0.168	0.111	4.81732384118381e-25	c5	ELL2
3.08078993181194e-29	1.58654100417911	0.032	0.011	1.03323532733109e-24	c5	CPM
3.73129439785302e-29	1.13352209632328	0.035	0.013	1.25140151515195e-24	c5	AC013264.1
4.73803720054364e-29	1.39293212495134	0.032	0.012	1.58904291631833e-24	c5	FBLN5
5.00422710577482e-29	0.938045149259304	0.071	0.036	1.67831768673476e-24	c5	SPINT2
9.14749136975568e-29	0.482270254409244	0.685	0.629	3.06788565558866e-24	c5	HSPE1
9.31558259565087e-29	0.615185217728802	0.226	0.162	3.12426009092939e-24	c5	RSBN1
1.10664761244508e-28	0.448091794339413	0.436	0.369	3.71147476261833e-24	c5	FAM177A1
1.15990070292015e-28	0.21910093572046	0.81	0.785	3.89007497745359e-24	c5	BTF3
1.61039495593577e-28	0.229146205927405	0.705	0.658	5.40094260321738e-24	c5	RPL13A
1.69044425790912e-28	2.47403475908383	0.017	0.004	5.66941195217561e-24	c5	HSPA12A
3.08070370563255e-28	1.55623025545923	0.045	0.019	1.03320640879505e-23	c5	AC133644.2
3.09084616072414e-28	0.400957906018923	0.415	0.343	1.03660798538366e-23	c5	SEPT9
3.87996750242869e-28	1.07103212222996	0.05	0.023	1.30126350096453e-23	c5	TCP11L2
4.68779864076827e-28	0.764173566228732	0.2	0.142	1.57219390814086e-23	c5	STAM
6.24509117238306e-28	0.327378090716598	0.702	0.631	2.09447867739383e-23	c5	SOD1
7.03081193715208e-28	1.23625489710517	0.046	0.02	2.35799370748207e-23	c5	PCBP3
1.03837677823317e-27	0.319179930139928	0.675	0.612	3.4825080388384e-23	c5	PPP1R15A
1.28138573587592e-27	0.581136912466925	0.228	0.165	4.29751148098065e-23	c5	PFKFB3
1.64243892832528e-27	0.999727540491627	0.06	0.029	5.50841167781732e-23	c5	TRAV9-2
2.07125289639315e-27	0.38671290073899	0.421	0.347	6.94656796392333e-23	c5	EIF4B
5.69096002143036e-27	0.732207978517061	0.082	0.045	1.90863417198731e-22	c5	C1orf162
6.08724602990167e-27	1.6101948516937	0.022	0.006	2.04154057350842e-22	c5	PVALB
6.91791084361515e-27	0.696750355740031	0.263	0.202	2.32012893873165e-22	c5	NUP58
7.57483986336613e-27	0.204949981132945	0.781	0.739	2.54044979337573e-22	c5	RPS11
1.83757004356734e-26	0.638252091651967	0.22	0.16	6.16284241211613e-22	c5	TLK1
1.95705433587272e-26	2.36878066049571	0.012	0.002	6.56356883164991e-22	c5	MAP7
2.46998295997444e-26	0.451522134233148	0.414	0.348	8.28382885116228e-22	c5	ISCU
3.68747510875183e-26	0.163368747867323	0.96	0.959	1.23670540197319e-21	c5	RPL41
4.8483216497168e-26	0.338375729123543	0.533	0.466	1.62603011488202e-21	c5	SF1
7.04780375482173e-26	0.79595884288189	0.111	0.068	2.36369242329211e-21	c5	NFATC1
7.56013887389953e-26	0.467946905994057	0.252	0.186	2.53551937552842e-21	c5	IRF2BP2
1.28590353109132e-25	0.151538982404462	0.884	0.872	4.31266326257408e-21	c5	RPL37A
1.35057979134204e-25	0.601482510210779	0.271	0.21	4.52957450420293e-21	c5	FAS
1.6412426777301e-25	1.30481157367438	0.058	0.029	5.50439969257122e-21	c5	IFNGR2
3.19942411647415e-25	0.317390119366396	0.418	0.336	1.0730228601831e-20	c5	CTLA4
3.81651293068447e-25	0.207741042722858	0.786	0.755	1.27998210669296e-20	c5	HINT1
3.82875692107152e-25	1.40215566969881	0.086	0.05	1.28408849618897e-20	c5	RTKN2
4.82092679755895e-25	1.62672396686232	0.03	0.011	1.61684242936532e-20	c5	UBXN10-AS1
6.30504018651432e-25	0.230906950931882	0.847	0.799	2.11458437775317e-20	c5	TSC22D3
7.22973648215153e-25	0.432028593391298	0.461	0.398	2.42470902138398e-20	c5	PPP1R2
8.79480752279231e-25	0.470792488716348	0.23	0.17	2.94960254699409e-20	c5	CTSB
1.98399369515884e-24	0.831959903713255	0.084	0.048	6.65391805482372e-20	c5	SH3YL1
3.46888152120387e-24	0.319668924374343	0.556	0.496	1.16339348458135e-19	c5	LDHB
4.69284994394153e-24	0.522613281343832	0.218	0.159	1.57388801419911e-19	c5	HBP1
6.0255874142193e-24	0.953644024350861	0.055	0.027	2.02086150698087e-19	c5	CYB561D2.1
6.54208168293344e-24	1.64545546357085	0.026	0.009	2.19408335482222e-19	c5	XXYLT1-AS2
1.29467117352577e-23	1.01725735460848	0.06	0.031	4.34206818177073e-19	c5	BCL6
1.68113288316983e-23	0.591851153428878	0.163	0.243	5.63818346357496e-19	c5	CXCL13
1.88964351017075e-23	0.325601253529554	0.576	0.52	6.33748640441066e-19	c5	ELF1
2.46443893443669e-23	1.03653043223108	0.087	0.052	8.26523529831378e-19	c5	HS3ST3B1
3.23327088732562e-23	0.560557289384303	0.136	0.089	1.08437439019127e-18	c5	KLF3
4.46054679303362e-23	0.366147410116276	0.373	0.305	1.49597818344762e-18	c5	LMNA
4.47367147741894e-23	0.193217302250719	0.73	0.705	1.50037994009677e-18	c5	RPL31
4.54238791362195e-23	0.193365036971955	0.898	0.9	1.52342605847053e-18	c5	RPS29
4.85852758839017e-23	0.573107165577615	0.133	0.087	1.62945298259429e-18	c5	HIVEP2
6.60830861593635e-23	0.308019625268555	0.664	0.611	2.21629454361273e-18	c5	YWHAB
9.31204408310665e-23	0.322970725413128	0.439	0.366	3.12307334459231e-18	c5	SNHG8
1.42378601721359e-22	0.856795170104983	0.077	0.044	4.77509354453094e-18	c5	LPAR6
1.63386574422213e-22	1.01085472631164	0.036	0.015	5.47965893297218e-18	c5	LINC00402
1.74832599688076e-22	1.07744934080522	0.037	0.016	5.86353572833869e-18	c5	DPEP2
3.61190457696934e-22	0.189479440167187	0.788	0.767	1.21136055702398e-17	c5	COX7C
4.63085732678844e-22	1.11182818153944	0.043	0.02	1.55309693025831e-17	c5	SCML1
6.7425303901202e-22	2.06493825500944	0.014	0.004	2.26130984223851e-17	c5	AL121820.1
7.73088038969275e-22	0.607439128601409	0.193	0.142	2.59278266509515e-17	c5	DUSP16
8.82900587686863e-22	0.25635837712616	0.635	0.594	2.9610719909842e-17	c5	SLC25A6
1.00477968346324e-21	0.79683205152703	0.132	0.089	3.36983010239901e-17	c5	SGK1
1.50342253456288e-21	0.45194845010693	0.365	0.304	5.04217849641699e-17	c5	CNOT6L
1.82138529941129e-21	1.62044851087249	0.019	0.006	6.10856201716558e-17	c5	CFP
1.83892163450903e-21	0.397119206312047	0.377	0.317	6.16737537781637e-17	c5	SEPT6
2.49553083663478e-21	1.31700562569497	0.044	0.021	8.36951131990573e-17	c5	TRBV18
3.93756946610501e-21	0.261410857143672	0.601	0.544	1.3205820475423e-16	c5	ATP6V1G1
5.19389758480897e-21	1.02417395031032	0.063	0.035	1.74192937199323e-16	c5	CFL2
8.51025610131216e-21	0.497200406671215	0.219	0.165	2.85416969125807e-16	c5	ADD3
1.01344780731542e-20	1.04855504285408	0.077	0.046	3.39890125617444e-16	c5	RRS1
1.16035089940938e-20	0.994788718986662	0.076	0.044	3.89158484643919e-16	c5	PGAP1
1.89708541003206e-20	0.760508416403204	0.091	0.056	6.36244504816554e-16	c5	POR
2.09869327325982e-20	1.38266854034839	0.019	0.006	7.03859749985877e-16	c5	AP003716.1
2.58173285775599e-20	0.529977400855885	0.247	0.193	8.65861565834203e-16	c5	R3HDM4
3.41811164802383e-20	0.300271932615498	0.468	0.41	1.14636628451423e-15	c5	RGS10
4.68764328319354e-20	1.95396058935208	0.01	0.002	1.57214180431745e-15	c5	FFAR3
4.9064529664935e-20	0.247342392020386	0.58	0.52	1.64552619590259e-15	c5	ZFAS1
5.55100484989939e-20	0.221929836265687	0.585	0.518	1.86169600655926e-15	c5	YPEL5
6.85332105763346e-20	1.5124478077548	0.015	0.004	2.29846681630911e-15	c5	AP003472.2
7.03139710742776e-20	0.323685655124575	0.192	0.139	2.35818996188912e-15	c5	INPP4B
8.51992878669046e-20	0.729578514759049	0.105	0.068	2.85741371648025e-15	c5	TIAM1
8.62094274992037e-20	0.542860661602139	0.181	0.133	2.89129177946829e-15	c5	EPB41
8.75608084184966e-20	0.546643091791101	0.183	0.133	2.93661439273954e-15	c5	SYPL1
2.90285973542265e-19	1.12395302611541	0.024	0.009	9.7356109806605e-15	c5	DCBLD1
3.17478352134798e-19	1.02043039732191	0.038	0.018	1.06475889738969e-14	c5	LYPD3
3.20221239009603e-19	1.085760171515	0.055	0.03	1.07395799139041e-14	c5	SETD7
4.82731695296493e-19	0.583341534933477	0.191	0.143	1.61898555968538e-14	c5	CNST
6.09614492037667e-19	1.11612179126103	0.017	0.005	2.04452508339593e-14	c5	MTUS1
6.48546669145453e-19	0.616785039259168	0.115	0.076	2.17509581898002e-14	c5	AP3M2
6.51990000085092e-19	0.410842054946719	0.551	0.51	2.18664406228538e-14	c5	DDIT4
6.5563281114882e-19	1.58234242599879	0.018	0.006	2.19886132203091e-14	c5	AC004130.1
1.19357180144953e-18	0.77166821772951	0.121	0.082	4.00300110770142e-14	c5	IRS2
1.31500671155081e-18	1.54997000908558	0.02	0.007	4.41026950919912e-14	c5	LINC01229
1.39885226202767e-18	0.749344206437299	0.075	0.045	4.69147071638839e-14	c5	TCAF2
1.80885636606156e-18	0.42025319700577	0.758	0.725	6.06654248049726e-14	c5	DUSP1
2.41577387329355e-18	0.454861881203843	0.238	0.185	8.1020224162519e-14	c5	DNAJB9
2.65764250654283e-18	0.213254051383961	0.634	0.57	8.91320143844334e-14	c5	ISG20
3.57526517218241e-18	0.366556294955618	0.385	0.328	1.19907243344654e-13	c5	NDFIP1
3.60846866836514e-18	0.216465908276988	0.845	0.805	1.2102082219963e-13	c5	HSPA8
4.5711714203373e-18	0.156193002518837	0.787	0.771	1.53307947095272e-13	c5	RPL38
4.65998371479406e-18	0.702819584316783	0.123	0.085	1.56286533826763e-13	c5	NPDC1
6.33634545500332e-18	0.518681511281951	0.258	0.209	2.12508353869901e-13	c5	VOPP1
6.73912616355397e-18	0.36214914373807	0.455	0.405	2.26016813273273e-13	c5	LAT
7.1287408170278e-18	1.50863088569743	0.031	0.014	2.39083709521478e-13	c5	AL359834.1
9.77926827993316e-18	0.638944141452967	0.183	0.139	3.27977099572398e-13	c5	BCL3
1.11299083744606e-17	0.372590634343884	0.352	0.294	3.73274867062659e-13	c5	TSPYL2
1.34390399612729e-17	0.186741703488925	0.848	0.83	4.5071852222117e-13	c5	ARHGDIB
1.34603124798315e-17	0.671860254777497	0.082	0.051	4.51431959948588e-13	c5	BEX4
1.7593709925287e-17	0.641036914250274	0.106	0.07	5.90057843474275e-13	c5	AC093010.2
1.78952342325803e-17	0.65500702524031	0.115	0.078	6.00170365692278e-13	c5	ABCC1
2.06995147927469e-17	0.704689491999657	0.081	0.051	6.94220327119147e-13	c5	KIAA0391
2.31393031723256e-17	0.523043897759175	0.128	0.088	7.76045949793457e-13	c5	RASGRP2
2.34092377198556e-17	0.424004202022463	0.312	0.26	7.85099014648516e-13	c5	RELB
2.85339899264553e-17	0.647217723011996	0.146	0.105	9.56972954153457e-13	c5	TRIB2
3.45257343276489e-17	0.453309196630137	0.24	0.19	1.15792407788069e-12	c5	ALG13
3.45994505886497e-17	0.900573193108371	0.061	0.035	1.16039637384213e-12	c5	LRRC8D
4.09427579398748e-17	0.100069929773472	0.97	0.962	1.37313821578752e-12	c5	MT-ATP6
4.22898283505046e-17	0.627906692529115	0.107	0.072	1.41831626321922e-12	c5	FBXO32
4.33532279180208e-17	1.08453211567245	0.04	0.021	1.45398055791458e-12	c5	SGPP2
4.78663571628377e-17	0.304460288896888	0.482	0.428	1.60534188652725e-12	c5	CUTA
5.22238772238678e-17	0.669208229395837	0.138	0.098	1.75148439433408e-12	c5	AL138963.3
5.5012168293982e-17	0.238255500171469	0.457	0.394	1.84499810024357e-12	c5	BTG2
6.20121063007407e-17	1.08462424549882	0.035	0.017	2.07976202111424e-12	c5	HSBP1L1
7.46727974353741e-17	0.390448635622258	0.241	0.19	2.50437628038758e-12	c5	EVI2B
7.54213954607618e-17	1.17272980705547	0.061	0.036	2.52948276096303e-12	c5	F5
1.29407090446393e-16	0.501295211372174	0.2	0.153	4.34005499939113e-12	c5	SRSF8
1.37017863772764e-16	0.424569668134499	0.309	0.258	4.59530511521095e-12	c5	BCAS2
2.67589379576475e-16	0.416057048945769	0.28	0.23	8.97441261223583e-12	c5	MRFAP1
2.97247454287515e-16	0.67174387798547	0.145	0.107	9.96908512189468e-12	c5	ZNRF1
3.53539542280013e-16	0.32894234012081	0.358	0.305	1.18570091689871e-11	c5	ELOVL5
4.22264866557685e-16	1.32861739969584	0.036	0.018	1.41619190946116e-11	c5	PLCL1
5.21756998788685e-16	0.31260801942705	0.266	0.214	1.74986862253749e-11	c5	KLF2
7.69048990383002e-16	0.604228218318912	0.105	0.071	2.57923650394651e-11	c5	TOM1
9.53191417279515e-16	0.418383976370695	0.204	0.157	3.19681337527204e-11	c5	IQGAP2
9.6915898013341e-16	0.825171119810661	0.098	0.067	3.25036538757143e-11	c5	MARCH3
1.34113185571809e-15	0.235052591181425	0.558	0.514	4.49788801770734e-11	c5	GSTK1
1.49712544892335e-15	0.617522229435076	0.111	0.076	5.02105933059913e-11	c5	KLF9
1.55843255357296e-15	0.693210216184032	0.104	0.071	5.22667109817299e-11	c5	NCK2
1.73940623640196e-15	0.209632704169375	0.634	0.592	5.83362063564489e-11	c5	EIF3K
1.86895849102465e-15	0.710249715885509	0.096	0.064	6.26811298719847e-11	c5	DLGAP1-AS1
1.88586022136834e-15	1.81281320738749	0.011	0.003	6.32479801042514e-11	c5	GREM2
2.04201133321037e-15	0.149839153199116	0.718	0.695	6.84849760932093e-11	c5	TOMM7
2.60891163910233e-15	0.291357649066588	0.427	0.375	8.74976785522139e-11	c5	RHOG
3.11697387765027e-15	0.457420267431417	0.392	0.349	1.04537069908635e-10	c5	MIR4435-2HG
4.02426558803285e-15	1.76613707213962	0.012	0.004	1.34965819291446e-10	c5	COL5A3
4.31373797718593e-15	0.877270792871899	0.064	0.039	1.44674144278862e-10	c5	GRAMD4
5.18697083686206e-15	0.712661073813	0.142	0.105	1.7396062792668e-10	c5	GLCCI1
5.41925956211888e-15	0.18004349768709	0.614	0.574	1.81751127194343e-10	c5	RPL23
5.60245662960947e-15	1.37727848225812	0.013	0.004	1.87895190443842e-10	c5	LINC00937
6.58994894894533e-15	0.262207309789564	0.562	0.515	2.21013707849729e-10	c5	SELENOK
6.88437946851434e-15	0.804580799384452	0.079	0.052	2.30888318615034e-10	c5	NDUFV2-AS1
8.55706531243092e-15	0.537305153926123	0.206	0.163	2.86986856448308e-10	c5	GPCPD1
8.80845984967734e-15	0.349373621710245	0.332	0.279	2.95418126438479e-10	c5	TENT5C
9.0516619738371e-15	0.433705902641181	0.195	0.151	3.03574639278549e-10	c5	JAK3
9.43601698283722e-15	0.596493601916814	0.152	0.114	3.16465137570395e-10	c5	MALT1
1.09749975796185e-14	0.565348235991875	0.176	0.136	3.68079468825247e-10	c5	TMEM70
1.12406154175022e-14	0.174638238291746	0.737	0.696	3.7698775987219e-10	c5	CCNI
1.13128958268204e-14	1.23152425487387	0.028	0.013	3.79411900239901e-10	c5	LACTB2-AS1
1.47274179472681e-14	0.345071404162751	0.411	0.364	4.93928143115477e-10	c5	RAP1A
1.68559034272244e-14	0.280890518964631	0.449	0.4	5.65313289142252e-10	c5	ETS1
2.42540200814981e-14	0.621763203338282	0.09	0.06	8.13431325493283e-10	c5	SBNO2
2.52218877314926e-14	0.243216288650232	0.434	0.378	8.45891670738799e-10	c5	TOMM20
2.56470783871036e-14	0.657465320378072	0.164	0.126	8.6015171494668e-10	c5	RAB9A
2.67316310235326e-14	0.706128768938544	0.053	0.031	8.96525441267238e-10	c5	CHI3L2
3.00932096301483e-14	1.39475337761336	0.02	0.008	1.00926606457591e-09	c5	CKAP4
3.35622869440083e-14	0.287375375865944	0.375	0.324	1.12561197952815e-09	c5	ARID4B
3.40533463424524e-14	0.66128035648097	0.106	0.074	1.14208112963317e-09	c5	SREBF2
3.67058419746876e-14	1.16519273231237	0.056	0.034	1.23104052814707e-09	c5	HACD1
4.95674296197145e-14	0.430911768204217	0.217	0.173	1.66239245458599e-09	c5	CHMP1B
5.62027533602507e-14	0.138919674936794	0.804	0.783	1.88492794219609e-09	c5	COX4I1
6.29350562768542e-14	0.751280765998732	0.04	0.022	2.11071591741314e-09	c5	ST8SIA1
7.23799841948757e-14	0.55399051404021	0.119	0.085	2.42747990992774e-09	c5	ECHDC2
7.56447305697836e-14	0.232999214974716	0.558	0.511	2.5369729738494e-09	c5	SERP1
7.63862164658856e-14	0.495029721382135	0.093	0.063	2.56184092783287e-09	c5	BEX3
8.23025343736872e-14	0.554711975040018	0.168	0.13	2.76026239782472e-09	c5	NECAP2
8.32812926439587e-14	0.534579499125807	0.121	0.087	2.79308799269309e-09	c5	TESPA1
8.5820815932713e-14	0.573813683457091	0.138	0.102	2.87825852475133e-09	c5	PHACTR2
9.6193936428009e-14	0.130318917063122	0.837	0.837	3.22615223992257e-09	c5	RPL27
1.12525234964158e-13	0.141523469936641	0.81	0.779	3.77387133022794e-09	c5	DDX5
1.29570040026961e-13	0.851793898004463	0.051	0.03	4.34552000242421e-09	c5	SYNGAP1
1.44038931006387e-13	0.651011164342253	0.132	0.098	4.83077766809221e-09	c5	CERK
1.96009323701248e-13	1.34191147453977	0.014	0.005	6.57376069829246e-09	c5	VIPR1
2.3050108522046e-13	0.439117410483803	0.085	0.057	7.73054539612379e-09	c5	S1PR1
2.75719763444561e-13	0.255213105972405	0.434	0.385	9.24708942640368e-09	c5	STAT3
2.8388121851099e-13	2.07214023419959	0.019	0.008	9.52080830642159e-09	c5	PMCH
3.07470109841514e-13	0.622901161814273	0.079	0.052	1.03119325438647e-08	c5	LINC01550
3.20443518412851e-13	0.810643125207745	0.093	0.064	1.07470347205302e-08	c5	KIAA0319L
3.49901504039377e-13	1.01670158556068	0.039	0.022	1.17349966424726e-08	c5	TRBV3-1
4.6861946894031e-13	0.180046059072501	0.669	0.633	1.57165597493201e-08	c5	C12orf57
4.86316390379026e-13	0.93054251831077	0.037	0.02	1.63100791005318e-08	c5	TRAV26-1
4.92170024882467e-13	0.634151827184878	0.129	0.096	1.65063982945082e-08	c5	ADI1
5.20260053623334e-13	0.391432593095485	0.149	0.112	1.74484816784194e-08	c5	ABTB1
6.78141878753663e-13	0.122975879539958	0.843	0.825	2.27435223296404e-08	c5	HNRNPA1
6.96299463357825e-13	0.898799236213365	0.054	0.033	2.33524914020947e-08	c5	ZDBF2
7.5186490501077e-13	0.614566526333396	0.064	0.041	2.52160451842512e-08	c5	RETREG1
7.77521599166633e-13	1.05065695692878	0.044	0.026	2.60765193928505e-08	c5	PDE7B
8.76152315887892e-13	0.592175340122066	0.068	0.044	2.93843963702481e-08	c5	SMAD3
9.14884981123437e-13	0.355962954398743	0.214	0.172	3.06834124969178e-08	c5	ALKBH7
1.18091538070791e-12	0.910331246430715	0.028	0.014	3.96055400381817e-08	c5	NFIA
1.27437622328795e-12	0.44048891286124	0.137	0.102	4.27400297766313e-08	c5	TIMP1
1.42669911814224e-12	0.542258460232612	0.175	0.138	4.78486350242545e-08	c5	IPCEF1
1.60596008867958e-12	0.427130824621558	0.148	0.112	5.38606894541358e-08	c5	FAM102A
1.68341337873294e-12	1.61531122330253	0.016	0.006	5.64583178959453e-08	c5	LHFPL6
2.04309967488218e-12	1.19639597298536	0.018	0.008	6.85214768961985e-08	c5	FZD3
2.13351050558185e-12	0.579570842456722	0.078	0.052	7.1553675336204e-08	c5	LDLRAP1
2.28813813254551e-12	0.363445962994924	0.31	0.266	7.67395766893114e-08	c5	GPRIN3
2.56506436545577e-12	0.974359535396832	0.048	0.029	8.60271286886557e-08	c5	TRAV8-4
2.96341860063044e-12	1.17761419424853	0.01	0.003	9.93871330279438e-08	c5	ZFYVE9
3.02191978698593e-12	0.783263459708183	0.115	0.086	1.01349145815934e-07	c5	ELK3
3.13476106106186e-12	0.410319273597365	0.448	0.409	1.05133616465893e-07	c5	CACYBP
3.4195368709056e-12	0.848341907903202	0.028	0.014	1.14684427576432e-07	c5	SELENON
4.09345149599545e-12	0.835848924292966	0.048	0.029	1.37286176272695e-07	c5	CTSL
4.51768163985391e-12	0.382428660456499	0.566	0.546	1.5151400683742e-07	c5	CYCS
4.64900298982018e-12	0.319339780643145	0.445	0.403	1.55918262272589e-07	c5	CLK1
5.74708283244578e-12	2.01654980755784	0.015	0.006	1.92745664034567e-07	c5	IGKV3OR2-268
5.96262908625011e-12	0.436220216974137	0.181	0.143	1.99974654294656e-07	c5	CREBRF
6.53974683927001e-12	0.336096042537	0.167	0.129	2.19330029495438e-07	c5	SELENOM
6.57347394144914e-12	1.67353255433416	0.011	0.004	2.20461169048321e-07	c5	RPS6KA2
6.82983615684655e-12	0.449045291545798	0.161	0.126	2.2905904502832e-07	c5	KAT6B
9.11612958082496e-12	0.231705710670366	0.459	0.417	3.05736753881707e-07	c5	UBXN1
9.28359190158637e-12	0.819209253071274	0.051	0.031	3.11353105195404e-07	c5	TAF4B
1.07825459510232e-11	1.08852174842756	0.035	0.019	3.61625026105417e-07	c5	RASL11A
1.10730883470516e-11	0.878453469334339	0.035	0.02	3.71369236983416e-07	c5	TBXAS1
1.17557450752777e-11	1.60289537705678	0.013	0.005	3.94264178334664e-07	c5	LINC01891
1.27906835172724e-11	0.841746465079107	0.035	0.019	4.28973943802282e-07	c5	TRABD2A
1.29221329888352e-11	0.861973694460284	0.051	0.031	4.33382496179555e-07	c5	TRBV6-5
1.34757476040813e-11	0.533406325369284	0.122	0.091	4.51949623145678e-07	c5	CDK16
1.40856644652201e-11	1.14271413157813	0.029	0.015	4.72405014834551e-07	c5	TNFRSF10D
1.44031968348404e-11	1.69534620230545	0.015	0.006	4.83054415446877e-07	c5	MEOX1
1.47687445816849e-11	0.496730881294509	0.16	0.126	4.95314155780549e-07	c5	FOXO1
1.55880730181185e-11	0.167676873561893	0.592	0.555	5.2279279288166e-07	c5	CNBP
1.6548949210225e-11	1.09205225547051	0.035	0.02	5.55018658612524e-07	c5	BHLHE40-AS1
1.67196339105696e-11	0.433783735625469	0.204	0.166	5.60743082092685e-07	c5	DEDD2
1.67598626418601e-11	1.6096997980822	0.013	0.005	5.62092273282705e-07	c5	LINC00891
1.82399540002921e-11	0.934935672827301	0.035	0.02	6.11731577261796e-07	c5	LINC02361
1.83239965411883e-11	0.349662410842113	0.24	0.2	6.14550195998375e-07	c5	SSH2
2.13460673406048e-11	1.38290778074134	0.024	0.012	7.15904406469203e-07	c5	RGPD2
2.23281784259612e-11	0.254883579296965	0.297	0.252	7.48842448049887e-07	c5	MBP
2.26391378714493e-11	0.921194405534628	0.014	0.005	7.59271405932667e-07	c5	AC104078.1
2.28099177309805e-11	0.244385461157924	0.368	0.322	7.64999020861626e-07	c5	IKZF1
2.29528516624886e-11	0.618057250313585	0.11	0.082	7.69792739056541e-07	c5	CHMP7
2.77641289840733e-11	0.222539540788851	0.463	0.423	9.31153357867849e-07	c5	GPSM3
2.79925941398758e-11	0.440007528885943	0.178	0.142	9.38815622263156e-07	c5	P2RY10
2.87142427891379e-11	0.192728002036407	0.503	0.458	9.63018274662108e-07	c5	CCNL1
3.0086901952376e-11	0.766789620177153	0.039	0.023	1.00905451767879e-06	c5	C9orf72
3.28109128017368e-11	0.514299733039057	0.135	0.103	1.10041239354465e-06	c5	MTERF4
3.41244511283774e-11	0.654818101726655	0.098	0.071	1.14446584194352e-06	c5	CCDC66
3.45033044561798e-11	0.701379648261962	0.051	0.032	1.15717182485136e-06	c5	ABRAXAS1
3.59138974215134e-11	0.392018563684731	0.183	0.147	1.20448029172272e-06	c5	PNPLA8
3.67103964298155e-11	0.373005643751921	0.336	0.298	1.23119327546315e-06	c5	NAMPT
4.22738783971193e-11	0.727715622313137	0.043	0.026	1.41778133368259e-06	c5	LINC02273
4.28261997450949e-11	0.829152242044901	0.096	0.07	1.43630508705099e-06	c5	PGM2L1
4.45581740479283e-11	0.40575396552625	0.187	0.15	1.49439204121942e-06	c5	PABPC4
4.65373531636383e-11	0.700970510301424	0.077	0.053	1.5607697504021e-06	c5	TRAV8-2
4.81315309459154e-11	0.487264851175554	0.194	0.159	1.61423528486411e-06	c5	STX11
4.97555121241024e-11	0.226944049543548	0.443	0.397	1.66870036561815e-06	c5	HSPD1
5.38107733519152e-11	0.531719500951732	0.151	0.119	1.80470571667653e-06	c5	GRAMD1A
5.40429661672617e-11	0.624176389997228	0.109	0.081	1.81249299931762e-06	c5	ZNF281
5.48894986740314e-11	0.871484059945443	0.048	0.029	1.84088400652966e-06	c5	BCAS3
5.69001171515952e-11	0.386336149517756	0.196	0.16	1.9083161290302e-06	c5	IGBP1
6.0624543683262e-11	0.46927397167749	0.08	0.055	2.03322594604924e-06	c5	CFAP36
6.22227839481808e-11	0.489026375351962	0.186	0.151	2.08682772805409e-06	c5	RCAN3
6.35740510279612e-11	1.16524094997683	0.038	0.022	2.13214652337576e-06	c5	AL606807.1
6.73290238587414e-11	0.329342742986451	0.261	0.22	2.25808080217447e-06	c5	NME3
6.84810155410192e-11	0.934540971867544	0.047	0.029	2.2967162992147e-06	c5	EPHB6
7.23883370037115e-11	0.639150442169631	0.068	0.046	2.42776004643047e-06	c5	PCMTD2
7.40078682424981e-11	0.140382826252954	0.683	0.65	2.4820758851169e-06	c5	SRSF5
8.64701589928264e-11	0.510145764190298	0.034	0.019	2.90003619230141e-06	c5	MPP7
8.65925526085113e-11	0.360966604092888	0.25	0.212	2.90414102938425e-06	c5	PTPN2
1.11108907814062e-10	0.257574442443416	0.597	0.566	3.72637055026803e-06	c5	DNAJA1
1.17238867084172e-10	0.56271365382323	0.108	0.08	3.93195712426895e-06	c5	AL157402.2
1.29005555493154e-10	0.722680789709306	0.064	0.043	4.32658832012939e-06	c5	NUDT16
1.41439135452386e-10	0.370077209560844	0.117	0.087	4.74358572480211e-06	c5	AP002387.2
1.46102622160643e-10	0.107522596630163	0.7	0.666	4.89998974202364e-06	c5	RPL27A
1.47188715453655e-10	0.600247660280663	0.108	0.08	4.93641513888468e-06	c5	NABP1
1.55273377327962e-10	0.253677727248156	0.35	0.308	5.20755852882519e-06	c5	NSA2
1.55655454030087e-10	0.14797595751059	0.661	0.617	5.22037261726104e-06	c5	UBE2D3
1.65823756580828e-10	0.461409968061596	0.156	0.124	5.56139714820781e-06	c5	HPCAL1
1.7547444719229e-10	0.302240437478409	0.294	0.254	5.88506200993502e-06	c5	TNFRSF14
1.80173697636443e-10	0.295522032626913	0.171	0.134	6.04266547133102e-06	c5	TGIF1
1.86256217693695e-10	0.532029713211786	0.109	0.082	6.24666102901115e-06	c5	TMEM156
1.88282963039266e-10	0.617728476493115	0.075	0.052	6.3146340144109e-06	c5	YPEL2
1.93846899602948e-10	0.904615311892916	0.094	0.069	6.50123731888368e-06	c5	GADD45G
1.97459280640951e-10	0.962865731489443	0.036	0.021	6.62238935413622e-06	c5	NR1D1
2.00932200589131e-10	0.223332251315315	0.541	0.504	6.73886414335826e-06	c5	HNRNPA0
2.04204978359265e-10	1.17588134496508	0.029	0.016	6.84862656421304e-06	c5	TRBV30
2.0679232790709e-10	0.260536999207334	0.375	0.333	6.93540109334799e-06	c5	PEBP1
2.20809909594177e-10	1.2086168113913	0.011	0.004	7.4055227479695e-06	c5	VSIG1
2.41325040515552e-10	0.459067716546616	0.147	0.115	8.0935592088106e-06	c5	MAD1L1
2.56419668392857e-10	0.737798071196349	0.043	0.026	8.59980283855963e-06	c5	GNAQ
2.58985370084837e-10	1.09502882287051	0.024	0.012	8.68585134190528e-06	c5	AC108134.3
2.8027668361784e-10	0.580287569193894	0.057	0.038	9.39991941517511e-06	c5	AC073332.1
2.87955560544423e-10	0.286175239088749	0.263	0.222	9.65745358953885e-06	c5	ISCA1
3.31732640016547e-10	0.624457626155041	0.082	0.058	1.1125649280875e-05	c5	ZMAT3
3.53711900059462e-10	1.25443495122517	0.019	0.009	1.18627897041942e-05	c5	NIPAL2
3.72236856237667e-10	0.592736398188719	0.102	0.076	1.24840796844989e-05	c5	PIP4P1
3.78514804663568e-10	1.17033211034303	0.012	0.005	1.26946295188067e-05	c5	MDS2
3.8105816846138e-10	0.411372541958323	0.153	0.121	1.27799288538578e-05	c5	ELMO1
3.83750499955282e-10	0.720524385592202	0.034	0.02	1.28702242675002e-05	c5	APP
4.0600795674487e-10	0.460665325568988	0.124	0.095	1.36166948533095e-05	c5	ARRDC2
4.31972094411766e-10	0.326622290473628	0.366	0.332	1.44874801023818e-05	c5	PPP1CC
4.3404351131047e-10	1.0170475163962	0.027	0.015	1.45569512823305e-05	c5	AFF3
4.91827566534205e-10	0.384171984103809	0.166	0.133	1.64949129264242e-05	c5	TRAPPC6A
5.19220512159362e-10	0.379419503696369	0.245	0.21	1.74136175368007e-05	c5	PGLS
5.2961462849212e-10	0.46079888169432	0.148	0.117	1.77622154103687e-05	c5	YPEL3
5.33692535573192e-10	0.103942458198181	0.894	0.886	1.78989802580537e-05	c5	RPSA
6.43247177197762e-10	0.203181419174478	0.624	0.607	2.15732238288585e-05	c5	RPL36A
6.52450650991653e-10	1.16670871513918	0.032	0.018	2.18818899329581e-05	c5	TPTEP2-CSNK1E
7.09085404998492e-10	0.476735922940472	0.124	0.095	2.37813063128394e-05	c5	MAN2B1
8.39699810575351e-10	0.325904115897161	0.286	0.248	2.81618522470761e-05	c5	CDKN1B
9.68013050482407e-10	0.620262672166645	0.062	0.042	3.2465221687079e-05	c5	NBPF15
1.07456496654576e-09	0.687883339020814	0.056	0.037	3.60387598480117e-05	c5	LSR
1.09151636137763e-09	0.628377912332775	0.084	0.061	3.66072757278829e-05	c5	ZNF101
1.36789724294336e-09	0.993000730965277	0.019	0.009	4.58765377338342e-05	c5	GAB2
1.47125508218546e-09	0.755982723742045	0.031	0.018	4.9342952946336e-05	c5	KIAA1324
1.47394760766061e-09	0.914603880090151	0.042	0.026	4.94332548657215e-05	c5	TRAV8-3
1.49703037897889e-09	0.295891147246735	0.267	0.228	5.02074048501939e-05	c5	SNRPN
1.50966403505745e-09	0.684264575474425	0.045	0.029	5.06311124077567e-05	c5	MXI1
1.67788038480568e-09	0.900629400936131	0.026	0.014	5.62727523456128e-05	c5	QSOX2
1.68834916235269e-09	1.08069770835569	0.032	0.019	5.66238542069844e-05	c5	FAM174B
1.83203274790638e-09	0.209540082300559	0.322	0.28	6.14427142992842e-05	c5	CEMIP2
2.00686373773039e-09	0.234123258623479	0.373	0.334	6.73061960360019e-05	c5	ST13
2.88207032800152e-09	0.259261554187699	0.22	0.183	9.6658874660515e-05	c5	ABHD14B
3.26311856981032e-09	0.575009119021352	0.237	0.208	0.000109438470594299	c5	MRPL18
3.45691373795136e-09	0.287563607455636	0.333	0.297	0.000115937972943413	c5	RNF149
3.53151684846462e-09	0.541546628694383	0.156	0.128	0.000118440012063807	c5	NCF4
3.54784797742343e-09	0.639419379266419	0.049	0.032	0.000118987725466827	c5	NCDN
3.55708959104361e-09	0.250466554293679	0.17	0.136	0.000119297670704421	c5	USP36
4.94590234289154e-09	0.484121707240564	0.233	0.202	0.000165875672775897	c5	SAMHD1
5.89780985313063e-09	0.430288862350543	0.07	0.049	0.000197800746854295	c5	CAMK1D
6.20516619399691e-09	0.342334824048785	0.191	0.158	0.000208108863814268	c5	SLC44A2
6.62735359579096e-09	0.560169979860641	0.08	0.058	0.000222268184895637	c5	RERE
6.66916841657809e-09	0.519311970164805	0.11	0.085	0.000223670570355196	c5	RIC1
6.88744380962268e-09	0.797375400666809	0.041	0.026	0.000230991090487126	c5	TNFRSF10A
7.51868961018024e-09	0.297879832661358	0.294	0.259	0.000252161812146225	c5	SBDS
7.64177030195889e-09	0.60721816127893	0.078	0.057	0.000256289692387097	c5	CASK
8.41668536675971e-09	0.455444327702309	0.136	0.108	0.000282278793830387	c5	MSL3
8.46054935628346e-09	0.994451875533424	0.014	0.006	0.000283749904311035	c5	NTRK2
9.05346564238599e-09	0.181974184173026	0.494	0.459	0.000303635130714341	c5	RPS10
1.05063976170198e-08	0.147902610932625	0.892	0.847	0.000352363563279609	c5	IL32
1.05201438889926e-08	0.918370801069185	0.032	0.019	0.000352824585749033	c5	AC078883.1
1.06709092269242e-08	0.743400961263957	0.016	0.008	0.000357880953652583	c5	AC139720.1
1.21624325102718e-08	0.737845467090547	0.04	0.025	0.000407903661529496	c5	KLF4
1.2964842281242e-08	1.16060276400364	0.017	0.008	0.000434814880428294	c5	FGFR1
1.30264869650731e-08	0.17817266714344	0.365	0.323	0.000436882319834623	c5	CD6
1.30794884200363e-08	0.437855678726505	0.145	0.117	0.000438659882631178	c5	PPP1R15B
1.47315974769708e-08	0.336985464434322	0.268	0.234	0.000494068316182646	c5	DDX21
1.53645584601785e-08	1.38795808724192	0.013	0.006	0.000515296561637465	c5	HRH2
1.5561174863902e-08	0.103622291493186	0.663	0.604	0.000521890682585545	c5	CXCR4
1.82656559281945e-08	0.875000767947004	0.016	0.008	0.000612593568519788	c5	CDK5R1
2.10908023609504e-08	0.219000695078158	0.437	0.401	0.000707343329581553	c5	DDX24
2.12951308459627e-08	1.30884239067799	0.013	0.006	0.000714196098311896	c5	AL121748.1
2.17718768338159e-08	0.927766233554191	0.017	0.008	0.000730185205252517	c5	BTBD11
2.32993937697561e-08	0.167919915373087	0.558	0.524	0.000781415068250081	c5	ANAPC16
2.4002558612656e-08	0.533996943570008	0.085	0.063	0.000804997810751257	c5	HOOK2
2.41530615225926e-08	0.663439889172901	0.039	0.025	0.00081004537734471	c5	PHC1
2.44820175686119e-08	0.549660741394815	0.153	0.126	0.000821077905216106	c5	ZC3H7A
2.46362859918629e-08	1.0043769515294	0.031	0.018	0.000826251759595097	c5	GRAP
2.54451570059944e-08	0.574521045151378	0.04	0.025	0.00085337967566704	c5	ATXN7.1
2.78105205696292e-08	0.508515450434506	0.093	0.07	0.000932709238864225	c5	ANKH
2.91950514502118e-08	0.325957644258655	0.234	0.202	0.000979143635537205	c5	EIF2S3
3.21464156084728e-08	0.775373798955636	0.029	0.017	0.00107812648667696	c5	ZYG11B
3.26306847692979e-08	0.946888039250497	0.015	0.007	0.00109436790579271	c5	OBSCN
3.80449456449624e-08	0.298117402717592	0.252	0.218	0.00127595138704075	c5	MAX
3.8614766146979e-08	0.654391203121409	0.035	0.022	0.00129506202703738	c5	SEC14L2
3.93565347082659e-08	0.859409491187411	0.047	0.032	0.00131993946104582	c5	TRAV3
4.23456506384705e-08	1.26162442935623	0.014	0.007	0.00142018843111302	c5	NEK3
4.41119896154957e-08	0.581501894409454	0.121	0.097	0.0014794279077245	c5	UXS1
4.95636245054556e-08	0.325417589883767	0.26	0.228	0.00166226483866397	c5	CYLD
5.06209420073725e-08	1.33155656026887	0.01	0.004	0.00169772515304326	c5	LINC00920
5.28064653969533e-08	1.58890124185215	0.012	0.005	0.00177102323648302	c5	ANK1
5.5446366528138e-08	0.572571744317754	0.052	0.035	0.00185956024062069	c5	PDCD4-AS1
5.66677742162827e-08	0.41878095119275	0.142	0.115	0.00190052381166569	c5	GOLGA8B
5.77570439655695e-08	1.01454097014527	0.015	0.007	0.00193705574051727	c5	AC036176.1
5.86774702519771e-08	0.865868246249526	0.034	0.021	0.00196792499731081	c5	RMND5B
6.58974975288918e-08	1.8198240825928	0.02	0.011	0.00221007027212397	c5	IGLV1-44
6.97993377905579e-08	1.33833646895164	0.013	0.006	0.00234093019081973	c5	RAPH1
7.94122555323358e-08	0.333279545163217	0.192	0.163	0.00266332822604348	c5	ATP2B1
8.10172552494439e-08	0.357977786903641	0.202	0.172	0.00271715670655585	c5	PQBP1
8.76298470029275e-08	0.851024949631916	0.027	0.016	0.00293892980878418	c5	GPR15
8.82812713760141e-08	0.419366741632223	0.127	0.102	0.00296077727940876	c5	CRTC3
8.91218570924463e-08	0.611134344970885	0.046	0.031	0.00298896884316646	c5	PIGA
1.00533891943744e-07	0.326472588462295	0.184	0.155	0.0033717056680093	c5	VPS51
1.05959265784081e-07	0.32134638612941	0.337	0.31	0.00355366185586651	c5	MTHFD2
1.12199716752083e-07	0.187406199162655	0.333	0.295	0.00376295410043137	c5	PDCD4
1.16691070284874e-07	0.684841287715019	0.035	0.022	0.00391358511521412	c5	LMO7
1.20803356877329e-07	1.13594723689115	0.017	0.009	0.00405150298295186	c5	CDKL2
1.20974973540796e-07	0.283926921445964	0.228	0.197	0.0040572586626112	c5	RNF138
1.22737288307892e-07	0.711832704256339	0.039	0.025	0.00411636317527009	c5	PHLDB3
1.37033992518488e-07	1.02431175147051	0.018	0.009	0.00459584604108505	c5	MORN3
1.45277202390617e-07	0.964864438376638	0.056	0.04	0.00487230681377651	c5	IL1R1
1.53761710579384e-07	0.449822407430869	0.088	0.067	0.00515686024941139	c5	IFT57
1.66750189333662e-07	0.97209552273386	0.028	0.017	0.00559246784987235	c5	FAM13A
1.6787902689165e-07	0.508277740688157	0.084	0.064	0.00563032680389215	c5	SC5D
1.83261111827719e-07	0.329454737920469	0.292	0.264	0.00614621116847804	c5	FAM107B
1.96951579561011e-07	0.125518781751183	0.382	0.348	0.00660536207531717	c5	HSPH1
2.62536871113493e-07	0.954637874848214	0.028	0.017	0.00880496158340433	c5	AC022916.1
2.78462597960932e-07	0.659566046601735	0.093	0.073	0.00933907861041372	c5	NAF1
2.79955623352399e-07	0.162000397631202	0.448	0.415	0.00938915169599275	c5	EIF3G
2.90461191659453e-07	0.404906834119003	0.061	0.044	0.00974148744587472	c5	HIPK2
2.92563670501142e-07	0.496139318489421	0.125	0.102	0.00981200038126729	c5	JAZF1
2.97747748459396e-07	0.534290790202194	0.06	0.043	0.00998586398783122	c5	CCDC159
2.99391145757401e-07	1.10653144608065	0.028	0.017	0.0100409802464117	c5	HLF
3.15985411352445e-07	0.518690975968534	0.12	0.097	0.0105975187259383	c5	REEP3
3.18075347512594e-07	0.219540275645073	0.309	0.276	0.0106676110048774	c5	SYF2
3.2997247535156e-07	0.203322313387627	0.199	0.166	0.0110666168783406	c5	PHF1
3.35245593353806e-07	0.622408908793786	0.088	0.068	0.0112434667098999	c5	MAP3K1
3.55084411579407e-07	0.337036319333885	0.192	0.162	0.0119088209955502	c5	SNHG9
3.66022352939533e-07	0.64630627884652	0.039	0.026	0.0122756576728861	c5	DEAF1
3.77038563964242e-07	0.607713344760175	0.078	0.059	0.0126451193582328	c5	SGTB
3.79156068234357e-07	0.510464006187387	0.107	0.085	0.0127161362164439	c5	FRMD4B
3.88249807496261e-07	0.199362360986844	0.415	0.383	0.0130211220438096	c5	CSDE1
3.98319930480492e-07	0.553531202644329	0.055	0.039	0.0133588538284547	c5	AC008555.5
4.28016146626988e-07	0.312814941412822	0.231	0.201	0.0143548055255759	c5	BCL11B
4.31657118509556e-07	0.780764842205265	0.018	0.01	0.0144769164405735	c5	EIF4EBP3
4.45193665937538e-07	0.188433650378018	0.484	0.452	0.0149309051682132	c5	CSRNP1
4.51609833325171e-07	0.311233584758725	0.153	0.126	0.0151460905900596	c5	DENND4A
4.71230845320355e-07	0.78827296890539	0.048	0.033	0.0158041400903541	c5	SLC35A2
4.87884899877311e-07	0.582744677504552	0.141	0.118	0.0163626837720853	c5	SLAMF1
5.02229915168095e-07	0.975234417696842	0.02	0.011	0.0168437868949076	c5	HBEGF
5.15483609080353e-07	1.08128550855402	0.016	0.008	0.0172882892813369	c5	C8orf44
5.19159322867106e-07	0.172912659469352	0.403	0.368	0.017411565370317	c5	AC016831.7
5.34415815585633e-07	0.282431043681564	0.222	0.193	0.017923237623111	c5	GOLGA7
5.41900132274466e-07	0.305703056473404	0.122	0.097	0.018174246636221	c5	TSPYL1
6.10505564486127e-07	1.53025271902847	0.013	0.006	0.0204751356217357	c5	LRRC32
6.12449218148728e-07	0.171074016385824	0.555	0.527	0.020540321878272	c5	ATP6V0C
6.23379725697626e-07	0.188925529023279	0.512	0.488	0.020906909240447	c5	EIF5
6.85261238795642e-07	0.985998084536383	0.059	0.043	0.0229822914267283	c5	IKZF4
7.04190114876825e-07	0.108878289233734	0.695	0.673	0.023617128072739	c5	LAPTM5
7.31832231683079e-07	0.368920542684866	0.208	0.18	0.0245441893861871	c5	PLK3
8.18294137591418e-07	0.503901174550877	0.086	0.067	0.027443948786541	c5	TP53BP2
8.36428749021383e-07	0.863174852610721	0.022	0.013	0.0280521473846791	c5	SLC31A2
8.48786275815961e-07	1.4241368697101	0.012	0.006	0.0284665941183157	c5	CYP7B1
9.08428926868826e-07	0.122901589579353	0.661	0.635	0.0304668893493267	c5	DAZAP2
9.37064547594246e-07	0.194599903781364	0.389	0.36	0.0314272707972158	c5	SH3BGRL
9.98145018177512e-07	0.460059401384064	0.073	0.055	0.0334757876196374	c5	IRF2BPL
1.01832381017702e-06	0.372444340074911	0.088	0.068	0.0341525439457169	c5	PXN
1.02683892764094e-06	0.438355514230966	0.043	0.029	0.0344381239552219	c5	TMEM204
1.03071847226822e-06	0.114194831643006	0.656	0.623	0.0345682361229316	c5	FOS
1.03107244879723e-06	0.563501397457443	0.072	0.054	0.0345801077877615	c5	AC016831.1
1.07721283076042e-06	0.905521521416298	0.01	0.005	0.0361275639180431	c5	ZBTB18
1.11747625414076e-06	0.36540610210919	0.188	0.162	0.0374779186113728	c5	RAB5A
1.1207921764828e-06	0.335734400725173	0.239	0.212	0.0375891280148803	c5	GSPT1
1.17579164101021e-06	1.00055951105205	0.015	0.008	0.0394337000562003	c5	NLGN4Y
1.18158146703313e-06	0.858638110945258	0.036	0.024	0.0396278792413572	c5	TRBV6-1
1.22894945918803e-06	0.405955817420313	0.113	0.091	0.0412165069622482	c5	TRAF4
1.25132218421552e-06	1.04580149307188	0.025	0.015	0.0419668434142203	c5	AZIN1-AS1
1.29377572140788e-06	0.33157022350817	0.217	0.191	0.0433906501445776	c5	ABI1
1.353678602394e-06	0.648620673530421	0.024	0.015	0.0453996729670901	c5	SMAD1
1.42834213744197e-06	0.408214923770765	0.092	0.072	0.0479037386055288	c5	BET1L
1.43088154015353e-06	0.115696794842845	0.627	0.586	0.0479889050936691	c5	TAGLN2
1.45921927994351e-06	1.41544483960821	0.02	0.011	0.0489392962107454	c5	BFSP2
