gene	p_val	avg_log2FC	pct.1	pct.2	p_val_adj	cluster
ISG15	0.00172837729436236	0.127264638477892	41.4948453608247	39.2312750900543	0.0179796270776441	c28
TNFRSF18	2.0911927734583e-05	0.121445619532988	23.4536082474227	18.9295564520087	0.000431596450684581	c28
TNFRSF4	0.00580977315157217	0.0689729845884389	16.8384879725086	14.1269888008794	0.0475703544817938	c28
AL391845.1	0.00233901096751842	0.00173069220484896	0.0859106529209622	0.00687062611034225	0.0229166987035888	c28
TNFRSF25	0.00538052890547317	0.0386428566069529	12.4570446735395	9.9643708960278	0.0448662800675681	c28
AL031283.3	6.25279034359955e-06	0.00143956610783091	0.0859106529209622	0.00294455404728954	0.000150890003194896	c28
CELA2A	3.07438732795856e-05	0.00419938696080602	0.257731958762887	0.0314085765044217	0.000609211622161568	c28
AL121992.3	0.00233850624103014	0.00198108461250436	0.0859106529209622	0.00687062611034225	0.0229166987035888	c28
CAMK2N1	0.0001353752097253	0.0145476169161268	1.80412371134021	0.796992628799702	0.0021553209774034	c28
AL359815.1	1.30477793673948e-07	0.00219994706367899	0.0859106529209622	0.00196303603152636	4.76198940789569e-06	c28
C1QA	7.81320337980674e-09	0.071140179696454	16.5807560137457	10.6494704710305	3.77034841657494e-07	c28
C1QC	1.22326556835702e-12	0.0886997840237092	16.9243986254296	9.97516759420119	1.14597431931725e-10	c28
C1QB	2.37167629215234e-17	0.122534404784493	18.127147766323	9.92609169341303	4.01723633768714e-15	c28
LINC01355	0.00361054519816277	0.010710194945935	0.687285223367698	0.2532316480669	0.0326502283191389	c28
RUNX3	2.08991256000179e-12	0.200250055745085	38.4020618556701	30.7754973842545	1.90465998471033e-10	c28
AL031432.5	0.000148259039191377	0.00603787126436253	0.343642611683849	0.0608541169773171	0.00233004295051566	c28
RSRP1	0.000190216598419606	0.12427138967366	36.1683848797251	33.4579861213353	0.00288408479186464	c28
AL031280.1	0.00179896392057132	0.00374163190730755	0.343642611683849	0.0795029592768175	0.0185584903008677	c28
EXTL1	0.0061202923468915	0.00169867471363233	0.171821305841924	0.0294455404728954	0.0494965914468404	c28
SH3BGRL3	1.64639923280057e-15	0.231615802407029	94.2439862542955	92.4226809183083	2.24459095405144e-13	c28
CD52	3.87629618876209e-06	0.166994711205706	72.766323024055	68.4167132887724	9.88617654590897e-05	c28
NUDC	5.18572688589413e-15	0.215929052141778	29.1237113402062	21.9879665891267	6.74104295733014e-13	c28
LCK	4.66986467026411e-12	0.186847347348081	44.9312714776632	34.9449859152165	4.03654436369375e-10	c28
AL139286.2	1.67869840478604e-05	0.00132770191814701	0.171821305841924	0.0137412522206845	0.000357461505395011	c28
MACF1	3.44140464550049e-07	0.14672208345393	27.8350515463918	23.0725439965451	1.1326577919607e-05	c28
AL451062.1	0.00460093016214158	0.00133483449398377	0.0859106529209622	0.00785214412610544	0.0394921641490813	c28
PRDX1	0.00300396988864852	0.0944825058901984	47.5085910652921	46.7801301492889	0.0281416598115906	c28
SLC1A7	0.000561488285744485	0.00465230398526522	0.515463917525773	0.135449486175319	0.00711954409349662	c28
SSBP3-AS1	9.15236992413237e-07	0.00396497146158788	0.257731958762887	0.0235564323783163	2.7139892353276e-05	c28
JUN	3.25901656836826e-08	0.256044861225601	70.0171821305842	67.3174131111176	1.36797118485525e-06	c28
IL23R	2.30128886293242e-05	0.0191086489728524	2.23367697594502	0.990351677905048	0.00047061357246968	c28
IL12RB2	7.01812843514565e-06	0.0395838715303482	6.61512027491409	4.0144086844714	0.000166342043433155	c28
AC135803.1	3.18030865091375e-06	0.00367831019568232	0.171821305841924	0.0117782161891582	8.37215004194234e-05	c28
DNAJB4	3.03654151066805e-20	0.208963199572191	19.8453608247423	11.9686306842162	7.222661644311e-18	c28
PRKACB	1.77471558688788e-16	0.195566525139518	24.1408934707904	16.3933138992766	2.74287609921869e-14	c28
GBP5	0.000172356340315064	0.0902306714769889	24.7422680412371	20.7041410245085	0.00265647377825671	c28
TGFBR3	3.46673259246549e-09	0.063111639848516	9.02061855670103	5.16769235299314	1.77778712058269e-07	c28
DPYD-AS1	0.00233850624103014	0.00176303536038827	0.0859106529209622	0.00687062611034225	0.0229166987035888	c28
NBPF4	0.000988531867340943	0.00121391851780126	0.0859106529209622	0.00588910809457908	0.0113517315854366	c28
CSF1	6.01084559507371e-06	0.0771487516036967	12.9725085910653	9.22725086618965	0.000146825738942157	c28
PTPN22	6.05401170396769e-13	0.19224665874031	33.6769759450172	25.787422828146	5.86819203837192e-11	c28
TSPAN2	5.64118796759618e-12	0.0540839735924222	5.67010309278351	2.50090790416458	4.77763035498082e-10	c28
CD2	9.76396606181508e-24	0.338424707389628	59.6219931271478	43.4311906795049	3.72118061114948e-21	c28
TXNIP	2.17727005641216e-06	0.184567632895229	46.0481099656357	42.6459762668944	5.94635856286245e-05	c28
AC243756.1	0.00233951579376156	0.00129331077464278	0.0859106529209622	0.00687062611034225	0.0229166987035888	c28
AC239803.3	0.00611122515455021	0.00281014600278291	0.171821305841924	0.0294455404728954	0.0494765154709676	c28
AC239802.2	6.25279034359955e-06	0.00130275310585333	0.0859106529209622	0.00294455404728954	0.000150890003194896	c28
LINGO4	0.00503925235958467	0.00182724391085479	0.171821305841924	0.0284640224571322	0.0425280436929418	c28
RORC	0.000842879955720632	0.0130141059065897	1.71821305841924	0.823493615225308	0.010003010599773	c28
S100A10	3.56850938972386e-17	0.305800090442002	74.8281786941581	64.7370022476763	5.89559940455955e-15	c28
AL450992.1	0.00098804375123229	0.00155304325885355	0.0859106529209622	0.00588910809457908	0.0113517315854366	c28
S100A6	2.97835564907166e-14	0.30293145913425	86.5120274914089	77.8716763346191	3.38603700876492e-12	c28
S100A4	3.27891402215371e-44	0.593142765741362	89.6907216494845	76.7527457966491	3.92743637410683e-41	c28
RPS27	2.58177010916281e-19	0.229188236852877	99.1408934707904	99.084243691293	5.37809974665232e-17	c28
NUP210L	0.00508138595009042	0.00417236042604262	0.257731958762887	0.0569280449142644	0.0427759844362783	c28
PBXIP1	0.000225476259100514	0.0819153140758155	23.1958762886598	19.2181227486431	0.00333275574160997	c28
CCT3	0.00359318958247676	0.0975638487385919	24.8281786941581	22.9763552310003	0.0325258818399745	c28
C1orf61	0.00228620049665074	0.0182026331945458	2.23367697594502	1.24063877192466	0.0226277583122697	c28
SH2D2A	4.73137962446287e-10	0.145241434185958	33.8487972508591	25.6470657518919	2.93853721935622e-08	c28
PYHIN1	9.26097131159576e-06	0.0798561081879341	15.893470790378	11.8537930763719	0.000211576604801293	c28
FCRL6	7.38906598997471e-08	0.0385336769793275	4.72508591065292	2.32423466132721	2.86159925140614e-06	c28
SLAMF1	0.00412295145409332	0.0434423524597726	11.1683848797251	8.8287545517898	0.036346623778002	c28
HSPA6	5.85758975613554e-164	0.984772859871994	35.5670103092784	11.691842603771	1.96451845241274e-159	c28
GPA33	0.00376731208203227	0.00809501198033305	0.945017182130584	0.40144086844714	0.0338009932068482	c28
CD247	1.02422337554791e-12	0.179603827517366	37.1993127147766	27.9536330889353	9.64898976660838e-11	c28
XCL2	7.3730668262045e-08	0.0914083273597255	12.3711340206186	8.03372495902162	2.8587042221647e-06	c28
XCL1	1.12101991891361e-05	0.0612934280873786	9.02061855670103	5.93131336925689	0.000250478121522484	c28
PRRC2C	0.00473095729387991	0.0903015928888439	43.9862542955326	43.3153715536449	0.0404040860000368	c28
FASLG	6.63912530422462e-09	0.074830909365682	11.1683848797251	6.85982941216886	3.25055451756329e-07	c28
CACYBP	4.83590771424184e-60	0.580024371255184	52.7491408934708	36.9325598971369	9.01037071779126e-57	c28
FAM163A	1.30628846540165e-07	0.000659779057204139	0.0859106529209622	0.00196303603152636	4.76198940789569e-06	c28
COLGALT2	4.1250431721562e-05	0.0142769332673029	1.63230240549828	0.651727962466751	0.00078605510174872	c28
PDC	0.000316494174208712	0.00162657084952434	0.0859106529209622	0.0049075900788159	0.00439587264375632	c28
PTPRC	4.05386469748893e-07	0.153367989975323	73.1099656357388	70.3434331537155	1.29979459105529e-05	c28
LGR6	0.00352579761999754	0.0116696453372626	1.46048109965636	0.726323331664753	0.0320369007259489	c28
KDM5B	0.00179063329502421	0.0536568657452069	10.9965635738832	8.58533808388053	0.018501004143106	c28
ATP2B4	2.40607565363129e-06	0.0995610837368824	21.1340206185567	16.4482789081594	6.51291083708524e-05	c28
CNTN2	0.000316494174208712	0.00133158193695967	0.0859106529209622	0.0049075900788159	0.00439587264375632	c28
AL451060.1	5.33555360781115e-08	0.0115362996316535	0.77319587628866	0.146246184348714	2.14047603945898e-06	c28
TRIM67	6.15596432596613e-11	0.00158803942252449	0.0859106529209622	0.000981518015763179	4.44382968256776e-09	c28
AC114810.1	6.52952697619057e-05	0.00174164150335037	0.0859106529209622	0.00392607206305272	0.00115722751427627	c28
LINC01871	3.43329206518596e-15	0.168425540065461	29.7250859106529	19.9081299137246	4.53685206522462e-13	c28
LINC00299	1.07322155427813e-09	0.025185879144392	2.92096219931271	1.06003945702423	6.11098548172834e-08	c28
U91324.1	1.30477793673948e-07	0.00196137499948341	0.0859106529209622	0.00196303603152636	4.76198940789569e-06	c28
ID2	3.44219901826727e-08	0.181521769186582	48.3676975945017	42.6665881452254	1.43766464102924e-06	c28
AC080162.1	0.000988531867340943	0.00112189357282335	0.0859106529209622	0.00588910809457908	0.0113517315854366	c28
AC009242.1	2.69788587838423e-07	0.00341581915797758	0.257731958762887	0.0215933963467899	9.12060637093303e-06	c28
LBH	0.000497134265219739	0.0896682410559667	27.319587628866	23.6221940853724	0.00641264961036138	c28
AC006369.1	0.00035648593396382	0.031481834536764	4.20962199312715	2.56078050312613	0.00483454316752066	c28
CDC42EP3	1.33183449860441e-17	0.225198663704841	29.2955326460481	20.8837588213932	2.33858981226151e-15	c28
SRSF7	3.76144078438309e-17	0.272741208354358	69.9312714776632	64.4955488157985	6.18388240326667e-15	c28
DHX57	0.0040976329399095	0.0221422303779659	3.8659793814433	2.54507621487392	0.0361553311072572	c28
AC016722.2	0.00040878342755033	0.00242718644755572	0.171821305841924	0.0196303603152636	0.00542746579302572	c28
PSME4	0.00522901455153083	0.0605361210826051	12.8865979381443	10.7211212861812	0.0438207621262471	c28
CCT4	1.50631047421527e-20	0.28159577525528	44.8453608247423	36.865816672065	3.68749202074683e-18	c28
AC092567.1	2.12002961347042e-09	0.00306172050467807	0.171821305841924	0.00687062611034225	1.13219033720655e-07	c28
UGP2	0.00302527993237231	0.0905532577426579	23.4536082474227	21.1232492172394	0.0283017680256353	c28
AAK1	0.000494247206301989	0.0895144018649047	22.3367697594502	19.0983775507199	0.00638031670706548	c28
AC016700.3	0.0045991677618	0.00159511419399963	0.0859106529209622	0.00785214412610544	0.0394921641490813	c28
LINC01143	0.000316402892555767	0.00136716624031829	0.0859106529209622	0.0049075900788159	0.00439587264375632	c28
TMSB10	0.000199059894506131	0.0862012778644901	98.7113402061856	98.7387493497443	0.00299913330725365	c28
GNLY	3.89507787396714e-28	0.522683296983359	43.298969072165	27.8574443233906	2.1772186956185e-25	c28
CD8A	1.30439269768747e-08	0.161051870037458	34.4501718213058	25.9150201701952	6.0091651504179e-07	c28
CD8B	8.81472101640465e-11	0.148211098385239	28.4364261168385	20.2624579174151	6.25006582342874e-09	c28
PLGLB2	0.000825279597720623	0.00512940359325333	0.343642611683849	0.0726323331664753	0.0098289158907508	c28
FOXI3	6.52726483055712e-05	0.00134818611768994	0.0859106529209622	0.00392607206305272	0.00115722751427627	c28
DUSP2	0.00104581641711734	0.133374073086117	62.9725085910653	59.9295270064682	0.0118632751530341	c28
AC092683.2	0.00233951579376156	0.00135556822774138	0.0859106529209622	0.00687062611034225	0.0229166987035888	c28
ZAP70	3.66096455491798e-09	0.122886474630097	27.6632302405498	20.6923628083193	1.86024395826182e-07	c28
INPP4A	0.0014052854920643	0.0532655830215097	9.36426116838488	7.11109802420424	0.0150962411380053	c28
IL18RAP	3.30866241484644e-05	0.044446912836591	6.87285223367698	4.38934856649294	0.000649303218660737	c28
PTPN4	0.00165221870453576	0.0518463412536896	12.9725085910653	10.2696229989301	0.017256963847001	c28
AC012508.1	0.00460181159164968	0.00128934259473175	0.0859106529209622	0.00785214412610544	0.0394921641490813	c28
RAB6C	0.00460445679780191	0.0011971772982661	0.0859106529209622	0.00785214412610544	0.0394921641490813	c28
ARHGAP15	0.00479137439572543	0.0786917510062609	24.4845360824742	22.0556913322144	0.0408105589001282	c28
SLC4A10	0.000397178980094264	0.00795420204093511	1.03092783505155	0.380828990116114	0.00529856349817082	c28
DPP4	0.000731288465653114	0.0316021549613542	3.8659793814433	2.37331056211537	0.00887014559170854	c28
AC016737.1	6.14067528198324e-05	0.00179229251614902	0.171821305841924	0.0157042882522109	0.00110902513520277	c28
WIPF1	0.000117997179624668	0.120008488647801	47.1649484536082	44.6963674018237	0.00191967102098954	c28
SLC40A1	0.000104806998467807	0.0479627913455195	5.84192439862543	3.72486086982127	0.00172983125719158	c28
STAT4	3.33876569729583e-10	0.131042122950237	24.5704467353952	17.9097592336307	2.11274573501712e-08	c28
HSPD1	1.82235185618237e-76	0.808530792024084	59.4501718213058	42.5409538392077	5.09316971272036e-73	c28
HSPE1	1.59256914546275e-93	0.904690682228565	77.5773195876289	63.6848149347781	1.0682316800106e-89	c28
CLK1	5.60935910957572e-06	0.150982129081862	45.53264604811	43.2878890492035	0.00013792279018838	c28
NOP58	7.24951439895173e-06	0.141939683837173	32.8178694158076	29.1932903428442	0.000171100783893063	c28
CTLA4	7.71107264150239e-05	0.0989699671150857	25.2577319587629	20.5794882365066	0.00132826889702469	c28
IKZF2	0.00379341106420945	0.0306876930781922	8.33333333333333	6.24147306223806	0.0339987761281284	c28
TUBA4A	0.000401588699217111	0.112770409191368	34.7079037800687	31.3604821216493	0.00534888077614911	c28
ALPP	0.00233951579376156	0.00121842796995541	0.0859106529209622	0.00687062611034225	0.0229166987035888	c28
ATG16L1	0.00299710737072713	0.0284609541086796	5.15463917525773	3.55898432515729	0.0280930651200242	c28
ARL4C	0.00126127856036501	0.101436668912538	39.7766323024055	36.5811764474937	0.0137832389565076	c28
AGAP1	0.000227755663307037	0.0101836133721766	1.11683848797251	0.413219084636298	0.00336215226227108	c28
PDCD1	0.00142003758434936	0.0507069109784831	14.6048109965636	11.5681713337848	0.0152157254006098	c28
GRIP2	0.0011484483588751	0.00211317269594911	0.171821305841924	0.0225749143625531	0.0128089993548231	c28
KAT2B	0.000212795606432599	0.0624922468592145	10.8247422680412	8.03765103108467	0.00317744801877236	c28
AC099329.3	0.00329044819919377	0.00199323124240794	0.171821305841924	0.0265009864256058	0.0303173218968573	c28
TMA7	1.95450595293268e-10	0.130263901431136	82.2164948453608	82.4406426979967	1.30578128783778e-08	c28
CDHR4	0.00234002071977716	0.00122257780238007	0.0859106529209622	0.00687062611034225	0.0229166987035888	c28
SLC38A3	0.00234153609663467	0.00110510785983819	0.0859106529209622	0.00687062611034225	0.0229166987035888	c28
ARHGEF3	4.93929163510996e-05	0.0798151324845946	14.1752577319588	10.7770678130797	0.000921323486420011	c28
AC098479.1	6.52500342668268e-05	0.00161097248007015	0.0859106529209622	0.00392607206305272	0.00115722751427627	c28
HTR1F	0.00460093016214158	0.00136543223943949	0.0859106529209622	0.00785214412610544	0.0394921641490813	c28
SENP7	0.00294163204597861	0.0531271621315853	11.254295532646	8.94162912360256	0.0276658596629363	c28
CBLB	6.4964339529615e-08	0.135900491529411	31.1855670103093	24.9315391184005	2.55724650134299e-06	c28
CD96	4.91396358192819e-09	0.13335349118073	30.6701030927835	23.4769294190395	2.44880402096148e-07	c28
PLCXD2	0.000288691188888744	0.0343875368853001	5.06872852233677	3.20465632146678	0.00408528484934629	c28
LINC02042	3.51908833887293e-07	0.00265215207084929	0.171821305841924	0.00981518015763179	1.15369682022601e-05	c28
CD200R1	0.00570082225751549	0.0300657993797576	3.8659793814433	2.5990597057409	0.0468574068212151	c28
LINC02044	6.15596432596613e-11	0.00136869832521009	0.0859106529209622	0.000981518015763179	4.44382968256776e-09	c28
AC093010.2	0.000693209603954808	0.0470900258588921	7.81786941580756	5.59563420786589	0.00847879784735097	c28
GPR156	0.00460181159164968	0.00131795010661873	0.0859106529209622	0.00785214412610544	0.0394921641490813	c28
PARP15	0.000653014351014325	0.0574298750027849	11.9415807560137	9.20762050587438	0.00808445747667716	c28
GPR171	2.97620885212138e-06	0.0681327963861079	10.7388316151203	7.25538117252142	7.9093575659625e-05	c28
MBNL1	1.09525337898834e-06	0.148050132631562	57.7319587628866	55.5774761245743	3.18306826902174e-05	c28
LINC00880	7.10383588053367e-05	0.0058946968795458	0.601374570446735	0.146246184348714	0.0012408773320903	c28
TRA2B	0.00132590304241393	0.111729658077828	43.9003436426117	44.3989674430474	0.0143909826008021	c28
EIF4A2	0.00123157571508735	0.103965040936692	53.0927835051546	52.9862685629595	0.0135558209165079	c28
TPRG1	0.00361060964319883	0.028661317664783	3.8659793814433	2.53918710677934	0.0326502283191389	c28
LMLN-AS1	6.25279034359955e-06	0.00182193529975004	0.0859106529209622	0.00294455404728954	0.000150890003194896	c28
SPON2	0.000725600044284473	0.048948486256683	12.1993127147766	9.3057723074507	0.0088107075616266	c28
SLBP	0.005417274493508	0.0874587009928477	27.4054982817869	25.0905450369542	0.0451278072437336	c28
LYAR	4.77352978725389e-05	0.10084477980964	18.4707903780069	14.9455748260259	0.000894383474887827	c28
JAKMIP1	2.61311772483867e-05	0.0588131562128922	12.1134020618557	8.66778559720464	0.000527308918505652	c28
FGFBP2	6.79793265250135e-20	0.168186160217765	12.8865979381443	6.36318129619269	1.53012795503081e-17	c28
ARAP2	1.49994521930042e-07	0.129810639141954	23.0240549828179	17.871480031016	5.35161306009547e-06	c28
DTHD1	4.49264965660792e-11	0.0733307796799828	7.47422680412371	3.7984747210035	3.37835166330306e-09	c28
AC095057.2	0.00329262166578983	0.00196155774412993	0.171821305841924	0.0265009864256058	0.0303206879262107	c28
HOPX	3.22433396833919e-26	0.257463226342557	32.8178694158076	20.3920182954958	1.59026047985529e-23	c28
CENPC	0.000635450189918993	0.0800273564337767	19.5017182130584	16.4021475614185	0.00790201278068343	c28
SLC4A4	0.000371679460592827	0.012776812017262	1.28865979381443	0.525112138433301	0.00501625181060855	c28
CXCL13	0.00460082599913969	0.0714582608935896	17.2680412371134	14.1888244358725	0.0394921641490813	c28
SPP1	1.23787339798449e-15	0.177791826123943	15.0343642611684	8.38118233660179	1.72264722081343e-13	c28
GPRIN3	1.79923377288929e-05	0.113224569508363	25.3436426116838	21.203733694532	0.000380711055363791	c28
IL2	0.00606168938129836	0.0103862108678225	1.20274914089347	0.583021701363329	0.0492244403075023	c28
INPP4B	1.40064768609029e-09	0.0994938953009158	13.2302405498282	8.48424172825692	7.80013513570766e-08	c28
LRBA	7.29568990869461e-05	0.075385188554056	16.0652920962199	12.4515375479717	0.00126947622652258	c28
TRIM61	0.000520427975399784	0.0161862366592552	1.89003436426117	0.914774790691283	0.00667716657955545	c28
AC021151.1	0.00115052778534008	0.00183252360046398	0.171821305841924	0.0225749143625531	0.0128151447574678	c28
CFAP97	0.00332965487469459	0.0637987718096669	12.3711340206186	10.1243583325972	0.0305881283858993	c28
TPPP	0.00451929724760346	0.012860875281556	0.945017182130584	0.409293012573246	0.0391143718942258	c28
LINC01511	0.0045991677618	0.00147413500275636	0.0859106529209622	0.00785214412610544	0.0394921641490813	c28
AC034229.4	6.52726483055712e-05	0.00164185886014541	0.0859106529209622	0.00392607206305272	0.00115722751427627	c28
AC093274.1	0.000409632227787911	0.00179164564097018	0.171821305841924	0.0196303603152636	0.00543658316404866	c28
IL7R	3.41851724183487e-09	0.204717605477327	35.0515463917526	28.0969347192368	1.75843912970334e-07	c28
AC026741.1	0.000988776009112192	0.00105601841629176	0.0859106529209622	0.00588910809457908	0.0113517315854366	c28
FYB1	0.000553894250539853	0.11389698603001	49.3986254295533	46.9960641127568	0.00703655506613848	c28
LINC00604	0.000316494174208712	0.00162983926934439	0.0859106529209622	0.0049075900788159	0.00439587264375632	c28
PARP8	9.86123773657229e-19	0.207389330170917	32.1305841924399	22.210771178705	1.90072523683426e-16	c28
ITGA1	1.2631358376808e-05	0.0815606923478304	13.4020618556701	9.73273264430769	0.000279071473808556	c28
GZMK	0.00220803611596334	0.049844966348222	17.3539518900344	13.9100733193958	0.0219611848330897	c28
GZMA	1.72167168409041e-36	0.492260211392019	59.5360824742268	37.4282264950973	1.69827720414777e-33	c28
GPBP1	0.00015563943468451	0.139585081711445	40.979381443299	39.7367568681723	0.00242783040020888	c28
AC092354.1	0.000987799776871716	0.000770295615893295	0.0859106529209622	0.00588910809457908	0.0113517315854366	c28
TRIM23	0.00231448404097953	0.0281550467562671	3.78006872852234	2.42238646290353	0.0228303428724622	c28
GFM2	0.00158516831881139	0.0430725421211484	4.81099656357388	3.23999097003426	0.0166604121204314	c28
F2R	1.00527121694153e-05	0.0570319824328493	9.02061855670103	5.97940775202929	0.000228186283839866	c28
AC108482.1	1.30477793673948e-07	0.00154899282838399	0.0859106529209622	0.00196303603152636	4.76198940789569e-06	c28
CCNH	1.40284929086589e-09	0.190451814206397	36.340206185567	30.8461666813894	7.80013513570766e-08	c28
CAMK4	1.04555073474768e-08	0.113418841602052	19.2439862542955	13.7491043648106	4.89744141647592e-07	c28
ACSL6	0.000568041855205071	0.017835294294379	1.80412371134021	0.862754335855835	0.00718363036948254	c28
CSF2	0.00144705350889379	0.0205685788891047	2.31958762886598	1.26812127636603	0.0154446894333053	c28
IRF1	0.00518746023166232	0.0973466606032005	45.2749140893471	44.0613252456249	0.043548696182601	c28
HSPA4	4.04996567470022e-08	0.15333954079109	23.0240549828179	18.3789248451655	1.66659814476191e-06	c28
AC010307.3	0.000987799776871716	0.000826941857129951	0.0859106529209622	0.00588910809457908	0.0113517315854366	c28
TMEM173	0.000419565753999792	0.0690789558502193	17.9553264604811	14.5647458359098	0.00554865783030167	c28
TAF7	1.67833800377687e-15	0.224444102760335	35.5670103092784	28.1214726696309	2.27887044415663e-13	c28
PCDHGB3	0.0046053388391394	0.00109052394307215	0.0859106529209622	0.00785214412610544	0.0394921641490813	c28
KCTD16	0.00207485815857205	0.00406108232881426	0.257731958762887	0.0500574188039222	0.0208530395331704	c28
PPP2R2B	2.98143867471447e-05	0.0451407504809771	7.30240549828179	4.7181571017736	0.000591665622914639	c28
JAKMIP2	0.000607721991189317	0.0241114514613127	3.52233676975945	2.08278122944947	0.00759947059675888	c28
GALNT10	0.00481735232850551	0.0324277902974044	6.78694158075601	5.02046465062866	0.0409645949273371	c28
ITK	4.68415481077714e-20	0.20010547662112	28.7800687285223	18.7165670425881	1.08342885547478e-17	c28
FAM196B	0.00460093016214158	0.00127364012687843	0.0859106529209622	0.00785214412610544	0.0394921641490813	c28
FOXI1	0.000279533711897234	0.00684735891477302	0.343642611683849	0.0647801890403698	0.00397582766310832	c28
LINC01187	6.52952697619057e-05	0.0016221049561625	0.0859106529209622	0.00392607206305272	0.00115722751427627	c28
FAM193B	0.00592573750769342	0.0339221069429945	6.44329896907216	4.76526996653024	0.0483075801003943	c28
OR2V1	8.31525761308847e-21	0.00136775495614595	0.0859106529209622	0	2.09731801334851e-18	c28
AL590004.4	8.31525761308847e-21	0.00133929086761217	0.0859106529209622	0	2.09731801334851e-18	c28
MYLIP	0.000482284596771745	0.0950919413253971	20.1890034364261	17.1451566993512	0.00625236212080819	c28
BTN3A2	0.00130486109058157	0.0824518772553131	20.8762886597938	17.8577387787953	0.0141897259863952	c28
BTN3A3	0.00508346970426717	0.0457318575714253	8.07560137457045	6.2110460037494	0.0427827871873808	c28
HLA-A	9.11716090739675e-07	0.144096723782525	95.9621993127148	94.8460488992275	2.7059410841794e-05	c28
TRIM10	0.00098902020671017	0.000461378795505379	0.0859106529209622	0.00588910809457908	0.0113517315854366	c28
HLA-C	3.07225311532706e-08	0.136003063108769	87.8865979381443	86.9006605616246	1.30097506290201e-06	c28
HLA-B	4.71124439829704e-19	0.207996979028961	98.9690721649485	97.7925659825486	9.57610391697492e-17	c28
LY6G6C	0.00567390607843793	0.00412002545488536	0.257731958762887	0.0579095629300276	0.0467144479661437	c28
HSPA1A	1.79341233984943e-114	1.4495037896655	64.6048109965636	42.0973076960828	2.00491543512901e-110	c28
HSPA1B	3.83548724133612e-112	1.26373251562707	60.4810996563574	37.3555941619308	3.21586427749827e-108	c28
TNXB	0.00357442971027918	0.00636565055599902	0.515463917525773	0.163913508632451	0.0323740726832937	c28
DEF6	4.20835563740386e-05	0.106158061804499	28.8659793814433	24.7695886457996	0.000798753997550938	c28
TTBK1	0.0026132126462083	0.00480550749641991	0.859106529209622	0.338623715438297	0.02504770669578	c28
HSP90AB1	2.88653263752407e-81	0.735656414658009	82.4742268041237	72.968993845882	9.68085315972823e-78	c28
SUPT3H	7.11311975892955e-05	0.0630579145957937	13.8316151202749	10.3579596203488	0.00124185221486194	c28
CLIC5	0.000164070796542343	0.0365286322592535	4.46735395189003	2.6923039172384	0.00253810257123482	c28
RCAN2	0.000773822160440275	0.0141147157817067	1.80412371134021	0.875514070060756	0.00932049667381172	c28
CGAS	2.17500682912174e-09	0.103609706075494	11.5979381443299	7.33095805973519	1.15786315928706e-07	c28
AL133406.3	0.000837643628627214	0.00234291455098154	0.171821305841924	0.0215933963467899	0.0099486581276036	c28
PRDM1	0.000183994705901053	0.106245162703811	30.5841924398625	26.7345877133575	0.00280746790105074	c28
LINC02526	6.15596432596613e-11	0.00128248057632724	0.0859106529209622	0.000981518015763179	4.44382968256776e-09	c28
SCML4	1.15129861901054e-07	0.0828036859472507	14.5189003436426	9.93296231952337	4.29980546596607e-06	c28
FYN	4.13513304692692e-05	0.105946366662372	36.0824742268041	30.8294808751215	0.000787083383245375	c28
THEMIS	2.4075006616771e-19	0.149356986602065	18.9862542955326	10.8467555921989	5.04642232445792e-17	c28
AL355581.1	0.000331904201678914	0.0101994696972384	0.687285223367698	0.204155747278741	0.00456205045733911	c28
SAMD3	2.56373757518183e-09	0.0962063337595561	13.8316151202749	8.94555519566562	1.34769013787536e-07	c28
TNFAIP3	0.00122516129538997	0.122136246103306	73.9690721649485	72.6990763915472	0.0135029443065359	c28
UTRN	0.00595929673730306	0.0887882150005083	21.7353951890034	19.6028778108222	0.048533971339405	c28
ULBP2	2.74413499155003e-05	0.0453634796267819	4.63917525773196	2.6844517731123	0.00054912171447855	c28
SYNE1	3.23175352552206e-05	0.0895899439468081	17.6116838487973	13.797198747583	0.000636071301284969	c28
OPRM1	1.34750439763198e-07	0.00467139159776965	0.257731958762887	0.0206118783310268	4.88041063582952e-06	c28
IPCEF1	0.00234173378431226	0.0505954802246243	11.9415807560137	9.44122179362602	0.0229166987035888	c28
SYTL3	1.68549736443361e-12	0.169938333812913	36.254295532646	27.2577368157593	1.54448662864411e-10	c28
TCP1	9.53180450565913e-35	0.363918616181028	38.0584192439863	26.4097052501399	8.63993674353502e-32	c28
MRPL18	1.37017068642625e-19	0.272108472288725	31.701030927835	23.4190198561095	2.98394704424438e-17	c28
AC093627.7	0.000105841433066994	0.00283021012905195	0.171821305841924	0.016685806267974	0.00174280076763153	c28
ZFAND2A	7.93143043638283e-48	0.421747343974946	35.9106529209622	21.4550023065673	1.06401725590163e-44	c28
HNRNPA2B1	8.64383977319692e-08	0.140758273262017	72.3367697594502	72.5047358244261	3.28309284613226e-06	c28
HOXA11	0.00401968083224416	0.00349760294407448	0.257731958762887	0.054965008882738	0.0356115983225756	c28
AC005091.1	0.00154036077483966	0.00225729850477803	0.171821305841924	0.0235564323783163	0.0162915861452452	c28
AC006960.2	0.000988531867340943	0.00114056161672269	0.0859106529209622	0.00588910809457908	0.0113517315854366	c28
TRGC2	6.84686104567546e-05	0.0538613467133062	7.30240549828179	4.84869899787011	0.00120414276743505	c28
TRGC1	7.16382055233329e-05	0.0369897289470135	5.24054982817869	3.1909150692461	0.00124876800684226	c28
TRGJP1	0.00460181159164968	0.0014238954428932	0.0859106529209622	0.00785214412610544	0.0394921641490813	c28
TRGV10	7.86494611524952e-08	0.0593362577310161	8.84879725085911	5.25701049242759	3.01150069987522e-06	c28
TRGV7	1.17756984640085e-07	0.0434298295433841	4.38144329896907	2.13480168428491	4.38795893352539e-06	c28
TRG-AS1	0.00367859706441013	0.051703063709882	11.0824742268041	8.77673409695435	0.0331697895457902	c28
STK17A	0.00175690049523752	0.100473152650023	43.6426116838488	40.9705250139866	0.0182085688532991	c28
SPDYE1	0.00178695019756757	0.00409620802723374	0.257731958762887	0.049075900788159	0.0184747336531797	c28
AUTS2	0.000941243497741244	0.0495457994829392	9.10652920962199	6.76364064662407	0.0109457088860076	c28
VPS37D	0.00273650721303673	0.00427560884571865	0.257731958762887	0.0520204548354485	0.0260148232049561	c28
HSPB1	1.58191757607818e-65	0.67517379895371	56.786941580756	39.7848512509447	3.31589697915688e-62	c28
ABCB1	1.51596869033071e-05	0.0408316561585565	5.92783505154639	3.58057772150408	0.00032717218749235	c28
AC005020.2	0.000316585480513671	0.00139424852361459	0.0859106529209622	0.0049075900788159	0.00439587264375632	c28
AC073842.1	0.00234002071977716	0.000943483720912014	0.0859106529209622	0.00687062611034225	0.0229166987035888	c28
SPDYE3	0.00345894178765393	0.00487209207488028	0.343642611683849	0.0863735853871598	0.0315834439625204	c28
MUC12	3.62980272386032e-06	0.0482397111815228	5.75601374570447	3.34697643375244	9.36433259637134e-05	c28
AC093668.2	8.31525761308847e-21	0.00169133127588412	0.0859106529209622	0	2.09731801334851e-18	c28
LEP	0.00234103087119613	0.000582205016795993	0.0859106529209622	0.00687062611034225	0.0229166987035888	c28
AC007938.2	0.00611364188879089	0.00233823191931596	0.171821305841924	0.0294455404728954	0.0494765154709676	c28
ZC3HAV1	6.7361279023672e-14	0.233033052936705	37.6288659793814	30.5566188667393	7.28762121256746e-12	c28
TRBV6-1	0.00265035949771042	0.0199137385557588	2.57731958762887	1.49190738396003	0.0253458103319681	c28
TRBV6-2	2.2012286190896e-05	0.0328619886417348	2.74914089347079	1.31327110509113	0.000452357876391096	c28
TRBV9	6.99911650805864e-06	0.0379562489404939	3.78006872852234	1.93457200906923	0.000166043834000301	c28
TRBV28	1.03714781260285e-09	0.104052466294942	14.8625429553265	9.33816240197089	5.92570073919498e-08	c28
TRBC1	6.03311070415787e-25	0.2922674073642	42.0103092783505	27.9163354043363	2.59408290764162e-22	c28
TRBC2	4.76869526269234e-16	0.251759614841811	54.8109965635739	43.2731662789671	6.94216701613723e-14	c28
AC073314.1	0.00260021742750968	0.00227793866291874	0.171821305841924	0.0255194684098427	0.024951671554741	c28
ZBED6CL	0.000549601312888242	0.0099209729073128	1.20274914089347	0.4878144538343	0.006995267108784	c28
GIMAP4	0.0001017093804771	0.0964384639508695	22.8522336769759	19.0257452175535	0.001690351438276	c28
DNAJB6	1.31679812223031e-22	0.317858701436023	56.3573883161512	49.8316696602966	4.55286344570724e-20	c28
AL683807.1	0.00140772598227751	0.00747048726947705	1.03092783505155	0.418126674715114	0.0151127765664607	c28
CD99	4.47346623394427e-18	0.253944356310905	73.0240549828179	67.1692038907374	8.10978975967691e-16	c28
TRAPPC2	0.00268382069361435	0.0390546609875634	7.21649484536082	5.30510487519998	0.0256001076286798	c28
DDX3X	0.00101645347131451	0.111860244926018	45.6185567010309	45.0938821982077	0.0115991209666369	c28
AC115618.2	8.31525761308847e-21	0.00172593581761015	0.0859106529209622	0	2.09731801334851e-18	c28
GAGE10	0.000316402892555767	0.00168091011663875	0.0859106529209622	0.0049075900788159	0.00439587264375632	c28
TSPYL2	5.76767665156239e-19	0.269316706624903	36.7697594501718	27.4874120314478	1.14459372508935e-16	c28
PAGE2B	0.00460269317408028	0.00130023717809738	0.0859106529209622	0.00785214412610544	0.0394921641490813	c28
PAGE5	0.00156826240541007	0.00754601078588979	0.77319587628866	0.27776959846098	0.0165189649976894	c28
MSN	3.65152312781442e-05	0.128949062799686	42.6116838487972	40.8223157936064	0.000706255955367013	c28
IL2RG	1.23708086956917e-07	0.143138757388263	35.6529209621993	30.1865865747966	4.58444400039898e-06	c28
NAP1L2	0.00235931257489245	0.00885673913737117	1.3745704467354	0.648783408419462	0.0230622632284299	c28
GPR174	0.000224419012571284	0.07444115358441	19.1580756013746	15.3646830187568	0.00332005506996724	c28
RPL36A	0.000836888934398802	0.106059634126589	65.893470790378	65.944269407065	0.0099486581276036	c28
NXF3	0.00260200171435022	0.00155017998380965	0.171821305841924	0.0255194684098427	0.0249545134389127	c28
MORF4L2	0.000208444077841848	0.119385438678438	21.3917525773196	18.7303082948088	0.00312647472390872	c28
CLDN2	6.15596432596613e-11	0.00195213896640565	0.0859106529209622	0.000981518015763179	4.44382968256776e-09	c28
NKRF	0.000189995075669643	0.0455973030644934	4.553264604811	2.79830786294082	0.00288408479186464	c28
RPL39	0.00300086157743322	0.0692334592630339	99.2268041237113	99.2726951503195	0.0281203955249945	c28
LINC01402	0.00233951579376156	0.00190044983492065	0.0859106529209622	0.00687062611034225	0.0229166987035888	c28
STK26	0.00275872928524637	0.04470487721369	8.84879725085911	6.76952975471865	0.0261806063295395	c28
CD40LG	0.000906438372354508	0.0289830041480501	4.98281786941581	3.24195400606578	0.0106219881663262	c28
PRRG3	0.0017866437721298	0.00422066260015427	0.257731958762887	0.049075900788159	0.0184747336531797	c28
FATE1	1.30553298972645e-07	0.0011017794364574	0.0859106529209622	0.00196303603152636	4.76198940789569e-06	c28
PDZD4	0.00557852606540784	0.00883981713732679	0.859106529209622	0.36414318384814	0.0461469120061459	c28
AC004908.1	1.51358458417076e-25	0.00311268612806409	0.257731958762887	0.00392607206305272	6.95378079231767e-23	c28
MYOM2	3.18912608900985e-07	0.0434331861324575	4.29553264604811	2.12400498611152	1.05584314682342e-05	c28
XKR5	0.00233850624103014	0.00185997080056343	0.0859106529209622	0.00687062611034225	0.0229166987035888	c28
DOK2	2.57846025000547e-21	0.265888462149284	39.4329896907216	29.6487147021584	7.65277874908704e-19	c28
STMN4	0.00233850624103014	0.00151857827652452	0.0859106529209622	0.00687062611034225	0.0229166987035888	c28
LINC02099	0.000116171849747308	0.0217749667891561	4.29553264604811	2.49796335011729	0.00189594720040157	c28
SARAF	6.93285404425384e-05	0.100862668433091	81.872852233677	81.9135675235319	0.00121649844058772	c28
LEPROTL1	0.000230935057525031	0.114681329574317	48.9690721649485	45.3353356300855	0.00339102450055801	c28
PRDM14	0.000316585480513671	0.00163136265334742	0.0859106529209622	0.0049075900788159	0.00439587264375632	c28
AC036214.1	0.00233850624103014	0.00186574073750613	0.0859106529209622	0.00687062611034225	0.0229166987035888	c28
AC012213.2	0.00153940702811383	0.00217750229965206	0.171821305841924	0.0235564323783163	0.0162866349870289	c28
AC108136.1	1.67765441279386e-05	0.00189912503317891	0.171821305841924	0.0137412522206845	0.000357461505395011	c28
FBXO32	3.78879591629981e-06	0.056527068635351	8.76288659793814	5.66630350500083	9.69249713507727e-05	c28
LINC00861	2.5180919187352e-07	0.0888131984317542	13.4879725085911	9.20173139777981	8.58249662302248e-06	c28
AC100803.3	0.0045531666600755	0.00186667976830741	0.257731958762887	0.0559465268985012	0.039377025127801	c28
GML	0.0027409162947091	0.00414828873402033	0.257731958762887	0.0520204548354485	0.0260441023089117	c28
LY6E	4.51454042132475e-06	0.161712795333087	63.1443298969072	58.2324823572137	0.000113494460474573	c28
EEF1D	0.00486709601020416	0.0392695746877441	87.9725085910653	89.4575149926877	0.0413247255671461	c28
RANBP6	0.000764426518982915	0.0298090564100214	4.63917525773196	2.97399958776243	0.00922538200563116	c28
AL133480.1	0.000594315788607478	0.00262484452095318	0.171821305841924	0.0206118783310268	0.00745685107307055	c28
MLLT3	0.00247557772144609	0.0382538910452514	9.36426116838488	7.11600561428305	0.0239474835944214	c28
DNAJA1	3.87221959221425e-67	0.662728007250453	69.3298969072165	57.1361267336062	9.27617862026298e-64	c28
TRBV20OR9-2	6.53178986381111e-05	0.000831285851810082	0.0859106529209622	0.00392607206305272	0.00115722751427627	c28
AL133410.1	1.04710622006435e-05	0.00892416463304904	0.77319587628866	0.193359049105346	0.000236324686463783	c28
FAM189A2	8.70560862745781e-08	0.00170921515119623	0.171821305841924	0.00883366214186861	3.30281337271131e-06	c28
CEMIP2	0.0030995910030339	0.0804520930717724	27.9209621993127	24.8697034834074	0.0288360840665051	c28
ANXA1	1.26352957497261e-16	0.317992985061487	55.4123711340206	45.4923785126076	1.98019882642203e-14	c28
RORB	2.19466104230067e-06	0.0143806062270905	1.03092783505155	0.281695670524032	5.98897819663789e-05	c28
PRUNE2	0.000813166976521212	0.00835874391956114	0.77319587628866	0.263046828224532	0.00971224859635627	c28
SEMA4D	2.11791487240959e-07	0.136283513237261	27.319587628866	22.3776292413847	7.33030226943993e-06	c28
AL158071.1	0.00328429713913758	0.0031577740060934	0.171821305841924	0.0265009864256058	0.0302772835218242	c28
MUSK	0.00233850624103014	0.00206083240817481	0.0859106529209622	0.00687062611034225	0.0229166987035888	c28
AKNA	0.000955579207605701	0.0899236210715489	27.9209621993127	24.7283648891375	0.011089347911654	c28
STOM	2.97804136963711e-09	0.15444590266274	22.9381443298969	17.7576239411874	1.55089365613182e-07	c28
SPTAN1	0.000353798797849612	0.0873687860981269	21.6494845360825	18.3131631381094	0.00480587447641972	c28
PRRT1B	6.53178986381111e-05	0.000945305948917168	0.0859106529209622	0.00392607206305272	0.00115722751427627	c28
COL5A1	6.5936476485192e-05	0.0106689918782876	1.54639175257732	0.616393313899277	0.00116582046845101	c28
AL592301.1	0.0045991677618	0.0018596724234186	0.0859106529209622	0.00785214412610544	0.0394921641490813	c28
PAXX	3.98502875257784e-05	0.127158735503903	47.2508591065292	44.2419245605253	0.000762406698824618	c28
CLIC3	3.60562847820088e-13	0.131005756153544	17.8694158075601	11.2216954742204	3.5882957834392e-11	c28
ABCA2	0.00229284462976282	0.0351862113615399	5.84192439862543	4.10078226985856	0.0226679850256218	c28
AC136475.3	2.58532201763723e-11	0.025818045028915	2.23367697594502	0.642894300324882	2.01643092622133e-09	c28
IFITM2	3.74589514111993e-19	0.31360913815101	82.5601374570447	75.928270663408	7.70735160999265e-17	c28
IFITM1	9.92191398999433e-30	0.532134688030615	85.2233676975945	68.1732968208631	6.05020275266236e-27	c28
SIGIRR	0.000580025096155127	0.0999197851273744	28.4364261168385	25.4193535722348	0.00730487483096156	c28
ANO9	0.00024933222645291	0.0312414755528673	4.89690721649485	3.04859495696044	0.00361370104182268	c28
OR52H1	6.52726483055712e-05	0.0013610331021583	0.0859106529209622	0.00392607206305272	0.00115722751427627	c28
ARNTL	0.000699536353527662	0.0569658602407214	11.7697594501718	9.09376441604586	0.00854994541713219	c28
LDHC	0.00503100726027631	0.00313210316765217	0.171821305841924	0.0284640224571322	0.0424691471168253	c28
NAV2-AS2	6.25279034359955e-06	0.00146926119524833	0.0859106529209622	0.00294455404728954	0.000150890003194896	c28
AC100768.2	8.31525761308847e-21	0.00155932199631217	0.0859106529209622	0	2.09731801334851e-18	c28
AC024475.1	0.00259635530978766	0.00306645591990165	0.171821305841924	0.0255194684098427	0.0249360149999022	c28
AP000790.2	8.31525761308847e-21	0.000766280780801295	0.0859106529209622	0	2.09731801334851e-18	c28
CD6	6.80702368772591e-07	0.106250278150263	25.7731958762887	20.0641912782309	2.08107530026392e-05	c28
AHNAK	1.89887969467069e-08	0.178552203921225	37.5429553264605	32.6148621457947	8.51398759356493e-07	c28
AP002990.1	0.00326957777299256	0.0164724033126753	1.54639175257732	0.78423289459478	0.0301664647457014	c28
RARRES3	1.03903270226713e-16	0.259237033350202	49.6563573883162	39.8820215345053	1.64373013059599e-14	c28
STIP1	6.41248051580601e-21	0.230638317714355	24.5704467353952	16.1008215305792	1.82255738592459e-18	c28
AP003774.4	0.00227736286562236	0.0171881566468498	2.23367697594502	1.2396572539089	0.0225570572319087	c28
MALAT1	1.19712157342584e-23	0.319930452603994	99.8281786941581	98.6239117419	4.46100703661732e-21	c28
CTSW	2.52305268758093e-11	0.155498961040849	28.5223367697594	20.1613615617915	1.97245084000208e-09	c28
PTPRCAP	4.73212729510554e-07	0.215760870967968	73.7113402061856	63.5002895478146	1.49581607184967e-05	c28
AP002336.2	6.52726483055712e-05	0.0011634082932211	0.0859106529209622	0.00392607206305272	0.00115722751427627	c28
SERPINH1	1.3065125287757e-53	0.215526735468627	14.0034364261168	4.64945084067018	2.19089085950396e-50	c28
CCDC89	0.00259516802148752	0.00334745574777012	0.171821305841924	0.0255194684098427	0.0249317516770692	c28
SYTL2	1.5526567877402e-07	0.0778222147556133	12.0274914089347	7.93655467546107	5.51620798169819e-06	c28
CCDC81	0.00116450493673441	0.0070691208209801	0.429553264604811	0.108948499749713	0.0129321743603307	c28
NAALAD2	0.00332639715855577	0.00620323779716853	0.429553264604811	0.122689751970397	0.030572953659535	c28
CHORDC1	7.86399406483055e-42	0.388936763768664	34.6219931271478	21.3391831807073	9.09457354987196e-39	c28
GPR83	0.000173800795248277	0.00259624609314974	0.171821305841924	0.0176673242837372	0.00267161421688197	c28
MMP12	1.43769934509223e-05	0.0506997018548194	6.01374570446735	3.61100477999274	0.000312527185424774	c28
DYNC2H1	0.00308229403953813	0.0206764515507199	2.06185567010309	1.14150545233258	0.0287229723528841	c28
MPZL3	0.00222808254815167	0.0421583245911833	8.50515463917526	6.37299647635032	0.0221408688888624	c28
CD3E	1.23919724709049e-39	0.530206549763925	75.3436426116838	53.0598824141417	1.34065152493293e-36	c28
CD3D	6.43489063971923e-28	0.41189771148837	65.807560137457	46.5533994876476	3.53792397171973e-25	c28
CD3G	6.61564772717284e-26	0.276547555138164	42.8694158075601	28.7437550916247	3.1781976484717e-23	c28
HSPA8	1.26719213651892e-70	0.630534137622197	85.3951890034364	76.6339821167417	3.26916075958244e-67	c28
ETS1	5.639330744137e-05	0.102978971272705	34.106529209622	29.028395316196	0.00103181600925732	c28
KCNJ1	0.000593560449860575	0.00246111998216497	0.171821305841924	0.0206118783310268	0.00745016106565269	c28
LINC02551	5.85915027468785e-05	0.00424970258860989	0.257731958762887	0.0333716125359481	0.00106564089974231	c28
AP000911.1	0.00286306825936787	0.00588079403533272	0.515463917525773	0.159987436569398	0.0270254948726934	c28
B3GAT1	4.99769467321434e-07	0.020806812831826	2.14776632302405	0.80877084498886	1.57087801265476e-05	c28
GATA3	3.0767366845035e-05	0.0797073421259099	21.1340206185567	16.5680241060825	0.000609211622161568	c28
CELF2	0.000144852174276743	0.125582994035485	41.2371134020619	39.2067371396602	0.00228852309953209	c28
OPTN	0.000163894371162368	0.0901723289963464	25.3436426116838	21.4834663290245	0.00253771441368583	c28
C1QL3	0.00027239664796365	0.00133535622302371	0.171821305841924	0.0186488422995004	0.00389730622350119	c28
GJD4	6.25550180773065e-06	0.00163044861178813	0.0859106529209622	0.00294455404728954	0.000150890003194896	c28
ZNF365	0.000962439872207728	0.00901146035399955	1.03092783505155	0.406348458525956	0.0111535274478586	c28
PRF1	6.18184242700342e-12	0.166375729737996	35.1374570446735	25.3830374056516	5.20921184213168e-10	c28
SPOCK2	1.38854912623537e-13	0.18861042698742	39.5189003436426	29.3689820676659	1.47838605065657e-11	c28
DDIT4	2.10824497663333e-06	0.172680742575421	51.2886597938144	47.4632666882601	5.77666013286998e-05	c28
PLCE1	5.90181369417726e-05	0.00726258868824923	0.601374570446735	0.144283148317187	0.00107165689049982	c28
KCNIP2-AS1	0.000173686850806019	0.00268833297404812	0.171821305841924	0.0176673242837372	0.00267161421688197	c28
BORCS7-ASMT	1.30477793673948e-07	0.00163541731321467	0.0859106529209622	0.00196303603152636	4.76198940789569e-06	c28
ATP5MD	0.00577740478542527	0.0756578197197874	55.1546391752577	55.6618866739299	0.0473399955273864	c28
SORCS1	6.58546618417813e-13	0.00324299702453129	0.257731958762887	0.010796698173395	6.36493846930738e-11	c28
BAG3	1.60206562489623e-128	0.633556609560451	36.5979381443299	14.1044138865169	2.68650384638848e-124	c28
AL731566.1	0.00460004888553276	0.00147653881668606	0.0859106529209622	0.00785214412610544	0.0394921641490813	c28
BUB3	0.0035079330362128	0.0857135847723237	31.4432989690722	28.7908679563813	0.0319178128509237	c28
SLC6A13	0.00111136080066287	0.00437697035733334	0.257731958762887	0.0461313467408694	0.0124782543658727	c28
FBXL14	8.52217716904563e-10	0.04026186475522	3.1786941580756	1.20628564137295	4.97938637448523e-08	c28
CACNA1C-AS2	0.000280977139656033	0.00580730140934962	0.343642611683849	0.0647801890403698	0.00399466354802206	c28
FKBP4	4.15981888421581e-54	0.408560368794004	28.4364261168385	14.5549306557522	7.34273714414894e-51	c28
CCND2	0.00577408812243546	0.0764945017513209	23.6254295532646	21.0859515326404	0.0473243810973217	c28
LAG3	0.00038563131190575	0.0762945936215658	25.085910652921	20.6452499435627	0.00517610624638893	c28
C12orf57	0.00330630429669992	0.0871697529544377	58.1615120274914	57.6474976198188	0.0304216278471116	c28
KLRG1	6.39664206734966e-09	0.082789529647733	10.5670103092784	6.46624068784783	3.14100412378877e-07	c28
A2M-AS1	0.000255867875491307	0.0122719326065135	1.20274914089347	0.464258021455984	0.00369405803195328	c28
KLRB1	6.27438788136018e-31	0.306364846645272	33.4192439862543	19.7294936348557	4.20860841530115e-28	c28
CD69	1.01880367440369e-08	0.230844729293411	63.4020618556701	56.4372859063828	4.78330045375389e-07	c28
KLRF1	2.1539431762174e-05	0.042621604076108	6.01374570446735	3.65124701863903	0.000443728171031812	c28
CLEC2B	1.90093067748236e-07	0.165804163662271	45.8762886597938	40.6505501408478	6.62029211437212e-06	c28
KLRD1	3.5691321539908e-09	0.112612873742476	22.3367697594502	15.6247852929341	1.81917255593531e-07	c28
KLRC4-KLRK1	0.00158963176800746	0.0137066967200079	1.46048109965636	0.688044129049989	0.0167020896727551	c28
KLRC4	2.50194203250073e-05	0.0255160746373496	2.92096219931271	1.43792389309306	0.000507009860338426	c28
KLRC1	1.36341948419278e-09	0.100307751745441	14.0034364261168	8.88666411471983	7.62106044347626e-08	c28
LINC02446	2.26710732975112e-09	0.116252643805207	15.1202749140893	9.91038740516082	1.20307350672774e-07	c28
DUSP16	0.000411025362546042	0.0418008426125756	12.6288659793814	9.49226073044571	0.00545075864336463	c28
KIAA1551	0.000120412641406548	0.126766492419187	33.4192439862543	30.1512519262291	0.00195091747221875	c28
KIF21A	4.80116236737868e-05	0.0612928296553831	8.84879725085911	6.11093116614155	0.000898556827439432	c28
AC079601.1	0.000354943460100704	0.00299549288042257	0.257731958762887	0.0402422386462904	0.00481752074660356	c28
NELL2	0.000230502079656192	0.0427399531111559	8.4192439862543	5.86064407212194	0.00338763310583233	c28
AC074029.3	0.00114703929839306	0.00300475136826038	0.171821305841924	0.0225749143625531	0.0127975395840008	c28
CCDC65	0.000552932588092181	0.0108376932380877	1.11683848797251	0.438738553046141	0.00702700005283652	c28
WNT10B	0.000806115341789699	0.00972132319806037	0.687285223367698	0.219860035530952	0.00964864251711025	c28
AC025259.1	3.33248755366152e-05	0.0015674120852447	0.171821305841924	0.0147227702364477	0.000652645570305969	c28
KRT81	0.00223191311150717	0.0176443223329549	2.57731958762887	1.48111068578664	0.0221657986182195	c28
KRT74	6.25550180773065e-06	0.00136682357914742	0.0859106529209622	0.00294455404728954	0.000150890003194896	c28
RPS26	1.70016624562246e-30	0.29351333547366	93.127147766323	92.9409224306312	1.05592917677196e-27	c28
RPL41	1.23676836958447e-18	0.169972380210503	96.5635738831615	96.5970770393491	2.37021357594994e-16	c28
AC034102.7	6.53178986381111e-05	0.000991001701622122	0.0859106529209622	0.00392607206305272	0.00115722751427627	c28
PTGES3	5.23528941856912e-16	0.256317594845069	59.6219931271478	54.6715349960249	7.50346737264834e-14	c28
HELB	2.40785689245198e-05	0.0714107001571823	9.87972508591065	6.90497924089397	0.000490016410552516	c28
IFNG	2.34383164397908e-31	0.319396243215913	31.9587628865979	18.6743617679102	1.63765470157855e-28	c28
PHLDA1	0.000435046244067133	0.120479974648656	37.8865979381443	33.9536527192957	0.00573303769490118	c28
LINC00615	6.52726483055712e-05	0.00208911941249514	0.0859106529209622	0.00392607206305272	0.00115722751427627	c28
CDK17	0.000856557175602676	0.0808282020538589	19.7594501718213	16.7721798533612	0.0101366318120545	c28
C12orf75	9.46710700812661e-09	0.151832291233731	31.4432989690722	25.0797483387808	4.49091704156365e-07	c28
CRY1	0.000162866009627332	0.0690314164281036	12.7147766323024	9.69052736962987	0.00252528905727298	c28
AC126177.8	0.000316494174208712	0.00170290376278767	0.0859106529209622	0.0049075900788159	0.00439587264375632	c28
AC083806.3	0.000987799776871716	0.00149821733786994	0.0859106529209622	0.00588910809457908	0.0113517315854366	c28
AC131238.1	0.0045991677618	0.00189363829320506	0.0859106529209622	0.00785214412610544	0.0394921641490813	c28
DYNLL1	7.28725285190951e-11	0.197481707768066	54.2096219931271	50.6600708656007	5.199997577603e-09	c28
RHOF	1.82052355556075e-06	0.119960286150272	29.9828178694158	25.0424506541818	5.0669476353856e-05	c28
UBC	2.66504259743747e-62	0.602530321699689	90.2920962199313	87.040036119863	5.25765874310928e-59	c28
LINC00427	4.63061445548329e-12	0.00355417348576506	0.257731958762887	0.0117782161891582	4.01295988651159e-10	c28
USPL1	0.000254615136012215	0.0787231959767577	10.5670103092784	8.02979888695857	0.00368072518602485	c28
ALOX5AP	0.000189128949427028	0.129426425982523	57.8178694158076	51.7259994307195	0.00287273854433138	c28
HSPH1	1.80624152496656e-88	0.894594043390034	55.8419243986254	36.252367912213	8.65396118061835e-85	c28
AL161719.1	0.000988776009112192	0.00107769285296485	0.0859106529209622	0.00588910809457908	0.0113517315854366	c28
NAA16	1.43879174159416e-05	0.0671464669533347	9.10652920962199	6.200249305576	0.000312527185424774	c28
LCP1	4.98073451318235e-07	0.157277419994039	59.3642611683849	55.1328484634335	1.56701570453198e-05	c28
AL137058.1	6.52726483055712e-05	0.00180971199525707	0.0859106529209622	0.00392607206305272	0.00115722751427627	c28
DCT	0.0045991677618	0.00152201978719513	0.0859106529209622	0.00785214412610544	0.0394921641490813	c28
MBNL2	0.0025289159174918	0.0849416599097556	16.1512027491409	13.7903281214727	0.0243790692845185	c28
OR11G2	8.31525761308847e-21	0.00138903676883304	0.0859106529209622	0	2.09731801334851e-18	c28
AL163636.1	0.00460181159164968	0.00100100289424243	0.0859106529209622	0.00785214412610544	0.0394921641490813	c28
RNASE1	4.47694952831157e-51	0.241504920748283	15.4639175257732	5.37871872638222	6.52817101219624e-48	c28
OR5AU1	0.00233901096751842	0.00125671018613153	0.0859106529209622	0.00687062611034225	0.0229166987035888	c28
TRAV9-1	0.00329008608184697	0.00332440194427133	0.171821305841924	0.0265009864256058	0.0303173218968573	c28
TRAV13-2	0.000388252514307013	0.024739941509031	3.52233676975945	2.04057595477165	0.00520177025428262	c28
TRAV17	0.000880467670368194	0.0199622525234984	3.1786941580756	1.84525386963478	0.010375658724107	c28
TRDV2	0.00298466057622594	0.0151186929711332	1.89003436426117	1.00801900218879	0.0280233892512502	c28
TRAJ37	0.000106006455309059	0.00292374587526036	0.171821305841924	0.016685806267974	0.00174447718260805	c28
TRAJ22	3.19474686700384e-06	0.0017572099577166	0.171821305841924	0.0117782161891582	8.39040097302857e-05	c28
TRAJ5	1.30628846540165e-07	0.000866564202992057	0.0859106529209622	0.00196303603152636	4.76198940789569e-06	c28
TRAC	9.98110708320613e-05	0.0931297724895954	29.46735395189	24.6694738081917	0.00166374935067876	c28
AL132800.1	6.53178986381111e-05	0.00077127725708394	0.0859106529209622	0.00392607206305272	0.00115722751427627	c28
GZMH	1.31023655557459e-25	0.295870701408323	39.2611683848797	25.132750311632	6.10315466678621e-23	c28
GZMB	4.31748974054317e-24	0.367625492730248	49.4845360824742	33.0418224826517	1.74457796287153e-21	c28
AL162311.1	6.25279034359955e-06	0.00133476566901312	0.0859106529209622	0.00294455404728954	0.000150890003194896	c28
RPS29	3.41432998562643e-21	0.253660312637029	91.9243986254295	89.7303770010699	1.00447192156087e-18	c28
GNG2	1.37963213322444e-14	0.223778592307687	50.085910652921	40.662328357037	1.66439217568637e-12	c28
PTGDR	1.86767397036514e-07	0.0355083628266447	4.46735395189003	2.19860035530952	6.51800724433985e-06	c28
CCDC198	6.53178986381111e-05	0.00101715340855324	0.0859106529209622	0.00392607206305272	0.00115722751427627	c28
PRKCH	1.25216960134374e-07	0.124972362395919	28.6082474226804	22.6406760696093	4.62701497650044e-06	c28
SYNE2	1.22774420679111e-14	0.208103508251971	31.701030927835	23.2816073339026	1.48650127102384e-12	c28
LINC02324	0.000837756722097771	0.00215608268628118	0.171821305841924	0.0215933963467899	0.0099486581276036	c28
SRSF5	0.00414905084295036	0.0728105723393002	65.893470790378	67.440102863088	0.0365321257996506	c28
BATF	6.02591755643297e-05	0.121628278716263	36.6838487972509	31.6421777921734	0.00109143491940006	c28
NGB	6.25279034359955e-06	0.0015041326231193	0.0859106529209622	0.00294455404728954	0.000150890003194896	c28
AHSA1	2.85011233092807e-51	0.385376699438487	33.0756013745704	18.5987848806965	4.34486669793935e-48	c28
AL356805.1	8.31525761308847e-21	0.00151958772657326	0.0859106529209622	0	2.09731801334851e-18	c28
CALM1	8.13463006779428e-12	0.170911275507149	79.9828178694158	78.6372603869144	6.71968530082967e-10	c28
GPR68	0.00351517091520917	0.0293425123787134	3.95189003436426	2.60887488589853	0.0319663237945458	c28
CCDC88C	5.70677067937613e-05	0.0791131501221656	17.6975945017182	13.946389485979	0.0010424492104843	c28
CATSPERB	6.85579888133895e-06	0.00621934813303368	0.429553264604811	0.0696877791191857	0.000163302402615302	c28
TC2N	1.07256161521124e-10	0.112049362953015	14.6907216494845	9.37644160458565	7.49407738561553e-09	c28
IFI27	3.73161038780924e-14	0.156776654510684	14.1752577319588	8.09654211203047	4.15783219888194e-12	c28
BCL11B	0.00021825260869455	0.0696513717049023	16.2371134020619	12.7832906372996	0.00324313513088074	c28
AL110504.1	0.000987799776871716	0.00138585395198126	0.0859106529209622	0.00588910809457908	0.0113517315854366	c28
EVL	4.49173724864892e-10	0.191161970796345	52.233676975945	45.5012121747495	2.80528647756401e-08	c28
AL845552.2	8.31525761308847e-21	0.00110307160007226	0.0859106529209622	0	2.09731801334851e-18	c28
PPP2R5C	4.70675653154411e-17	0.237987822548846	39.6907216494845	30.5045984119038	7.66287381334594e-15	c28
HSP90AA1	8.26237130446368e-85	0.881921341715758	86.6838487972509	79.1221302867014	3.07892676454559e-81	c28
CRIP1	2.92063684279701e-10	0.247147060332251	82.2164948453608	76.5633128196068	1.88369843141781e-08	c28
IGHV1OR15-4	0.0046053388391394	0.000973511566184783	0.0859106529209622	0.00785214412610544	0.0394921641490813	c28
APBA2	0.00332226193968646	0.0297196188178958	4.38144329896907	2.93670190316343	0.0305433171417775	c28
GOLGA8A	3.63380964929148e-05	0.0424936009578054	6.78694158075601	4.33634659364173	0.000704454959641259	c28
RASGRP1	4.49698587401519e-05	0.0763153984171474	14.9484536082474	11.372849248648	0.000849211217582891	c28
SRP14	1.48063658570911e-07	0.0974674034568888	75.3436426116838	76.351304928202	5.28834822273826e-06	c28
AC020659.1	4.1974225225933e-05	0.0290953282391747	5.06872852233677	2.98774083998312	0.000797129991861461	c28
B2M	8.93021877649679e-27	0.226332200531145	99.914089347079	99.7133967393972	4.60771811270999e-24	c28
RAB27A	0.000670739135633952	0.0840521099142543	23.1958762886598	19.7599206933443	0.00825816781603946	c28
RORA	8.70231825836571e-15	0.172970323594737	29.2096219931272	20.2732546155885	1.08497527787758e-12	c28
RAB8B	2.17832455496565e-05	0.112467257557289	26.5463917525773	22.6524542857984	0.000448200300149926	c28
SLC51B	6.25821439692587e-06	0.000893708531261092	0.0859106529209622	0.00294455404728954	0.000150890003194896	c28
DNAJA4	3.66185248551687e-50	0.256247412742332	16.8384879725086	6.51433507062022	5.11713369413604e-47	c28
AC021739.2	8.02399995428561e-05	0.00627805576367714	0.429553264604811	0.0844105493556334	0.00137510940453158	c28
KLHL25	1.05557452966741e-06	0.022709242703843	1.97594501718213	0.738101547853911	3.07574792145836e-05	c28
SYNM	0.000592216159339002	0.0110470879840291	0.859106529209622	0.300344512823533	0.007436070966646	c28
HBM	6.16131195179798e-11	0.000928717274438667	0.0859106529209622	0.000981518015763179	4.44382968256776e-09	c28
IL32	6.79355101164981e-81	0.828721879960918	83.5910652920962	55.9828430650845	2.07129194389737e-77	c28
ZSCAN10	6.16131195179798e-11	0.00161585154429713	0.0859106529209622	0.000981518015763179	4.44382968256776e-09	c28
AC006111.1	8.31525761308847e-21	0.00160855015742512	0.0859106529209622	0	2.09731801334851e-18	c28
ABCC1	0.0043190368315188	0.0520137586057994	9.96563573883162	7.91986886919309	0.0377573371180295	c28
AC092338.1	6.64109265405638e-06	0.00404937480102213	0.257731958762887	0.027482504441369	0.000158978562049781	c28
LINC02195	0.00057562253890383	0.0441403953382893	11.340206185567	8.45774074183132	0.00725760477810401	c28
GTF3C1	1.19550835524688e-10	0.108109328589993	13.9175257731959	8.85623705623117	8.31845626935057e-09	c28
NUPR1	5.86812946947802e-22	0.0892252803059908	6.95876288659794	2.51268612035374	1.85665402025805e-19	c28
LAT	0.000342310971687727	0.0831719741917081	32.4742268041237	27.4775968512902	0.00467634434560611	c28
SEPT1	5.29789357247007e-05	0.106463866208306	35.9965635738832	30.9767085774859	0.000978957325804414	c28
ITGAL	5.35942167801311e-08	0.113748076284826	21.3917525773196	16.08904331439	2.14748248789969e-06	c28
AC018845.1	8.31525761308847e-21	0.00197893950887225	0.0859106529209622	0	2.09731801334851e-18	c28
AC007493.2	0.00098804375123229	0.00139851107929411	0.0859106529209622	0.00588910809457908	0.0113517315854366	c28
RBL2	2.48745656663523e-07	0.123799187839336	23.7113402061856	18.6488422995004	8.49534809896257e-06	c28
MT2A	5.1203627583387e-33	0.635126512344188	57.6460481099656	44.9721739642531	4.08873157593246e-30	c28
MT1E	8.31016805616427e-67	0.543074839780246	28.2646048109966	12.7931058174573	1.85804277511758e-63	c28
MT1M	0.000129730357908181	0.0203765979941049	1.71821305841924	0.744972173964253	0.00207980396804691	c28
MT1F	2.40255725049745e-17	0.226092920736116	21.4776632302405	13.9935023507356	4.04909372196902e-15	c28
MT1G	1.26875916809528e-47	0.201975391356088	10.1374570446735	2.93179431308462	1.63660172998383e-44	c28
MT1X	1.13150620968039e-37	0.604312547141396	42.7835051546392	30.2238842593956	1.14995318970488e-34	c28
ADGRG1	0.00184457143333151	0.0353006683655068	8.16151202749141	5.976463197982	0.0189184210186765	c28
TAT	0.00233850624103014	0.00124129618100924	0.0859106529209622	0.00687062611034225	0.0229166987035888	c28
MAF	0.00011539693588058	0.094083308734816	19.2439862542955	15.6934915540375	0.00188605381850044	c28
SLC7A5	0.00497310186015802	0.0921152102006348	29.9828178694158	27.7857935082398	0.0420862705490738	c28
AC138028.1	0.00233901096751842	0.00207443668450944	0.0859106529209622	0.00687062611034225	0.0229166987035888	c28
LINC02138	0.00233951579376156	0.00131844940759236	0.0859106529209622	0.00687062611034225	0.0229166987035888	c28
CPNE7	0.000525422129296166	0.0380256193485961	5.24054982817869	3.41273814080857	0.00673094246460459	c28
AC144836.1	6.52500342668268e-05	0.00175828974869043	0.0859106529209622	0.00392607206305272	0.00115722751427627	c28
AC027796.3	6.52726483055712e-05	0.00164640002309044	0.0859106529209622	0.00392607206305272	0.00115722751427627	c28
AC116914.1	6.15596432596613e-11	0.00149341989798553	0.0859106529209622	0.000981518015763179	4.44382968256776e-09	c28
PFN1	0.00217098526493083	0.113000503082486	95.53264604811	94.359215963409	0.0216762440652724	c28
ACAP1	2.5713463651118e-07	0.14400699331542	37.1993127147766	31.7521078099389	8.7462286402758e-06	c28
VAMP2	4.82191756190708e-06	0.11752854144675	27.9209621993127	23.3139974284228	0.000120594683960656	c28
UBB	3.77637797381115e-52	0.498939287090231	80.6701030927835	74.8878615666991	6.03105545169897e-49	c28
AC122129.1	6.52500342668268e-05	0.00144063785810682	0.0859106529209622	0.00392607206305272	0.00115722751427627	c28
FBXW10	6.15596432596613e-11	0.0019195736871563	0.0859106529209622	0.000981518015763179	4.44382968256776e-09	c28
AC068418.1	0.00115037913954894	0.00211216307154818	0.171821305841924	0.0225749143625531	0.0128151447574678	c28
AC024267.5	2.12642161900023e-09	0.00228261442387242	0.171821305841924	0.00687062611034225	1.13379854146311e-07	c28
CCL8	0.000941570775634001	0.0122896360645568	1.80412371134021	0.883366214186861	0.0109457194707844	c28
AC060766.4	0.00049531670435267	0.00540487160504838	0.343642611683849	0.0687062611034226	0.00639166280514807	c28
SLFN12L	3.9161720871318e-06	0.0742078233762588	12.0274914089347	8.40964635905892	9.96514259925845e-05	c28
CCL5	3.65392775190358e-88	1.06645345788396	79.6391752577319	46.2982048035492	1.53181786179178e-84	c28
CCL4	2.86427694481239e-05	0.191498836696901	54.639175257732	46.8360766761874	0.00057077908600783	c28
AC243829.5	0.00234153609663467	0.000635390280860005	0.0859106529209622	0.00687062611034225	0.0229166987035888	c28
TBC1D3I	6.25279034359955e-06	0.000870067081652469	0.0859106529209622	0.00294455404728954	0.000150890003194896	c28
LINC00672	0.000164162199386341	0.0199378463155054	2.23367697594502	1.08261437138679	0.00253834570909134	c28
PLXDC1	0.000331112950330214	0.0223816524371097	2.40549828178694	1.23573118184584	0.00455304064295807	c28
AC009283.1	0.00388368472081147	0.00813041141035587	0.601374570446735	0.209063337357557	0.0346596642274016	c28
KRTAP4-12	0.00233951579376156	0.000999530767766996	0.0859106529209622	0.00687062611034225	0.0229166987035888	c28
TBX21	0.00010001369536583	0.0499688686903971	9.45017182130584	6.65174759282707	0.00166550146413908	c28
AC018521.7	0.00460004888553276	0.00134588513662705	0.0859106529209622	0.00785214412610544	0.0394921641490813	c28
SKAP1	2.90137205712893e-13	0.157743699271851	31.5292096219931	22.7319572450752	2.9216294649809e-11	c28
AC036222.1	1.63414172047605e-08	0.00151404981397855	0.171821305841924	0.00785214412610544	7.44644633441928e-07	c28
AC091180.4	7.72902014131888e-06	0.00160857657760132	0.171821305841924	0.0127597342049213	0.000180764210250734	c28
NGFR	0.000570068396027893	0.00778165990606747	0.77319587628866	0.255194684098427	0.00720654122351431	c28
FLJ45513	0.00236712047791008	0.00521229630530799	0.429553264604811	0.117782161891582	0.0231251053271623	c28
TOB1	0.000269904001441758	0.0969085138656375	25.6013745704467	21.949687386512	0.0038634402050165	c28
C17orf67	0.00456326020697095	0.0250990158161021	2.83505154639175	1.75299117615304	0.039423652967901	c28
DGKE	0.00238112699400797	0.0372633559782776	5.58419243986254	3.89760804059558	0.0232281085296798	c28
DDX5	0.000401444585022235	0.0551273693825389	76.8041237113402	80.1792251896784	0.00534888077614911	c28
PRKCA-AS1	0.000564960478082403	0.00450692575614732	0.343642611683849	0.0696877791191857	0.00715275368589189	c28
AC002546.1	8.31525761308847e-21	0.00158345097522101	0.0859106529209622	0	2.09731801334851e-18	c28
SLC9A3R1	0.00138977185390604	0.0970487816223807	33.9347079037801	30.9865237576436	0.0149439462764671	c28
TSEN54	4.39421169231625e-08	0.110595717226642	20.7903780068729	15.3460341764573	1.79504350471257e-06	c28
JMJD6	1.30449360796644e-05	0.11921606469581	23.4536082474227	19.6745286259729	0.000286885945075269	c28
SRSF2	0.003303204660156	0.0864680971470628	58.5910652920962	59.1502017019522	0.0304014483787904	c28
AC021683.3	6.52726483055712e-05	0.000876732418751833	0.0859106529209622	0.00392607206305272	0.00115722751427627	c28
RNF213	8.89518590211504e-10	0.199232146343262	45.360824742268	39.4324862832857	5.15244809646173e-08	c28
CD7	2.70149760401312e-22	0.39113205663451	65.0343642611684	48.3005015557061	8.97057689538536e-20	c28
YES1	9.33526737569723e-07	0.0599422071698738	7.30240549828179	4.41192348085549	2.75990123049837e-05	c28
MYL12A	5.97280814059012e-24	0.279681694800408	80.9278350515464	76.4789022702512	2.32925627231525e-21	c28
GAPLINC	0.0039392602199257	0.0140898390909495	1.46048109965636	0.736138511822384	0.0350324871659189	c28
AP001099.1	0.000316402892555767	0.00171976723888953	0.0859106529209622	0.0049075900788159	0.00439587264375632	c28
GNAL	0.00432896463085201	0.0108871513544621	1.11683848797251	0.513333922244143	0.0378110204887518	c28
AP005482.1	0.00419439203442656	0.0180918387478595	2.4914089347079	1.47620309570782	0.0368346478268127	c28
AC027449.1	0.00460269317408028	0.00120037810519215	0.0859106529209622	0.00785214412610544	0.0394921641490813	c28
RNF125	5.15385512551276e-09	0.118031299462016	18.3848797250859	13.0561526456818	2.5607406399918e-07	c28
MAPRE2	0.00014045860801097	0.113528505791075	28.3505154639175	25.0483397622763	0.00222622910939126	c28
SLC14A1	1.93731791105356e-07	0.0293003179042411	2.92096219931271	1.22689751970397	6.72606295040519e-06	c28
EPG5	0.00124083118021491	0.0480567574804587	6.09965635738832	4.27254792261712	0.013617472553026	c28
AC093567.1	0.00259992015515375	0.00177493485934265	0.171821305841924	0.0255194684098427	0.024951671554741	c28
AC090377.1	2.12002961347042e-09	0.00321427167408361	0.171821305841924	0.00687062611034225	1.13219033720655e-07	c28
CD226	6.5263197250801e-05	0.0634005514499897	10.6529209621993	7.6823415093784	0.00115722751427627	c28
TSHZ1	0.00310958851300908	0.0329583830669879	4.38144329896907	2.95142467339988	0.0289050386777435	c28
AC124254.1	0.00460181159164968	0.00120771555925174	0.0859106529209622	0.00785214412610544	0.0394921641490813	c28
PARD6G	0.000475480370256164	0.0228669253424509	2.31958762886598	1.20039653327837	0.00618327284127617	c28
SNPH	0.000902130459398566	0.00902981947293127	0.859106529209622	0.310159692981165	0.0105825992820249	c28
PROKR2	6.25821439692587e-06	0.00127997359121861	0.0859106529209622	0.00294455404728954	0.000150890003194896	c28
DSTN	0.000273687354670136	0.111909536560054	26.0309278350515	23.2325314331145	0.00390925319460265	c28
ZNF133	0.000238999912377916	0.0102053866793519	1.3745704467354	0.560446787000775	0.00348806747664514	c28
AL110503.1	6.25821439692587e-06	0.000612605106283818	0.0859106529209622	0.00294455404728954	0.000150890003194896	c28
CST7	2.62863454576941e-28	0.401131563666408	61.340206185567	44.773907325069	1.49422280332228e-25	c28
ITCH-AS1	0.000316676811476791	0.00118226969397404	0.0859106529209622	0.0049075900788159	0.00439587264375632	c28
RBM39	0.00416334321593457	0.0788455379178075	56.1855670103093	58.351246037121	0.0366291198258168	c28
CNBD2	0.000316799576002118	0.0626680650376586	11.7697594501718	8.95144430376019	0.00439587264375632	c28
SLA2	2.73872396536464e-05	0.0782049850143804	19.3298969072165	14.986798582688	0.000548693693849458	c28
PLCG1	0.000138912831184978	0.0444350482779804	8.59106529209622	5.96468498179284	0.0022057641957988	c28
NFATC2	1.13728284688043e-06	0.107732626165045	22.1649484536082	17.3404787844881	3.28812001023069e-05	c28
AL035541.1	1.15036162992991e-06	0.002449047369476	0.171821305841924	0.010796698173395	3.32306876353051e-05	c28
ATP5F1E	1.90372452414996e-08	0.115973392462173	92.2680412371134	91.9544968247892	8.52431416434465e-07	c28
C20orf197	0.00370165968304989	0.00790805446552634	0.601374570446735	0.208081819341794	0.0333099711430446	c28
RPS21	2.24776802567049e-05	0.0921285932480012	95.8762886597938	96.0277965902064	0.000461074275504201	c28
AL450469.1	8.31525761308847e-21	0.000697332357801241	0.0859106529209622	0	2.09731801334851e-18	c28
LIME1	3.2544438139593e-09	0.122195355946526	19.5876288659794	14.0651531658864	1.67919287127026e-07	c28
GZMM	4.86298092972859e-24	0.232196971975903	34.2783505154639	22.102804196971	1.94160302882426e-21	c28
PRTN3	0.00460004888553276	0.00135214763671194	0.0859106529209622	0.00785214412610544	0.0394921641490813	c28
MUM1	1.80388852002959e-05	0.0664464817656881	7.98969072164948	5.3208091634522	0.000381455316423407	c28
AC005954.2	2.12002961347042e-09	0.0030333590289187	0.171821305841924	0.00687062611034225	1.13219033720655e-07	c28
MATK	3.12516860181985e-16	0.147805217185748	18.213058419244	11.0469852674146	4.70008540662934e-14	c28
TNFSF14	7.88614207775482e-34	0.185903610030822	14.6907216494845	6.33079120167251	6.96014297378267e-31	c28
S1PR5	1.22218588339171e-07	0.0397254473169827	5.67010309278351	2.97988869585701	4.53927687233568e-06	c28
AC020934.2	0.000987799776871716	0.00129157713958594	0.0859106529209622	0.00588910809457908	0.0113517315854366	c28
DNAJB1	4.65021164855832e-92	1.14031353214306	75.3436426116838	61.2614469538588	2.59931330448915e-88	c28
CCDC194	0.00346192274165084	0.00429845865896112	0.343642611683849	0.0863735853871598	0.0316020590390544	c28
AC010335.1	0.00233951579376156	0.00108272161377524	0.0859106529209622	0.00687062611034225	0.0229166987035888	c28
PBX4	2.46870559974049e-08	0.0904217288774843	19.0721649484536	13.4664271762708	1.07666382840178e-06	c28
HCST	2.00246361396673e-31	0.386962565767597	73.7972508591065	62.9378797247824	1.45997010185253e-28	c28
CLIP3	3.19771896391663e-05	0.00970635221680877	0.687285223367698	0.171765652758556	0.000630482649099564	c28
AC012309.2	6.53178986381111e-05	0.000631345391854737	0.0859106529209622	0.00392607206305272	0.00115722751427627	c28
ACTN4	0.00308022676397842	0.0885739688048732	27.4914089347079	25.1288242395689	0.0287196678371722	c28
LGALS4	0.000370592028157837	0.00677772535740823	0.515463917525773	0.130541896096503	0.00500358914668177	c28
AC243960.1	0.00408095976856417	0.0573391010525872	17.0103092783505	14.2801056113385	0.0360556450785314	c28
ARHGEF1	0.000514798381087563	0.1133357939089	39.2611683848797	37.1857915452038	0.00661506057659567	c28
DEDD2	1.64688817637918e-25	0.24336247858156	27.1477663230241	17.1903065280763	7.45273172525884e-23	c28
APOE	5.35063109381873e-21	0.13602303284209	16.2371134020619	8.21530579193781	1.53375611644866e-18	c28
APOC1	4.42964629970389e-32	0.241491285348347	20.7903780068729	10.0635042156199	3.30136616887709e-29	c28
GNG8	0.00185157965030813	0.0145855309887842	2.57731958762887	1.46540639753443	0.0189670978350745	c28
SELENOW	1.61727066066248e-05	0.132801752304742	43.9862542955326	41.3346681978348	0.000346360302792453	c28
DBP	0.00346731382902582	0.0313028057203854	4.03780068728522	2.68347025509653	0.0316340509243384	c28
FTL	3.33683114110571e-08	0.192391972732364	93.7285223367698	94.1403374458938	1.39539454875815e-06	c28
PTH2	0.000316585480513671	0.00163090453494643	0.0859106529209622	0.0049075900788159	0.00439587264375632	c28
FLT3LG	8.480714150189e-05	0.0723333465998496	17.0962199312715	13.403610023262	0.00144159245397384	c28
SHANK1	0.000988776009112192	0.000795325132685034	0.0859106529209622	0.00588910809457908	0.0113517315854366	c28
NKG7	4.84320052830378e-46	0.677985692428883	64.5189003436426	41.5613988594761	6.01597256734267e-43	c28
ZNF600	0.000131382416100451	0.0493780605415358	8.59106529209622	5.99609355829726	0.00210425189645507	c28
AC245884.1	0.000316494174208712	0.00110841365379739	0.0859106529209622	0.0049075900788159	0.00439587264375632	c28
LAIR2	2.00516113295857e-09	0.106684358840292	18.2989690721649	12.3543672644111	1.08377182390631e-07	c28
NCR1	0.000117158627060087	0.0258229676697085	3.43642611683849	1.88942218034412	0.00191080789571277	c28
AC010737.1	0.000316676811476791	0.00089805869497834	0.0859106529209622	0.0049075900788159	0.00439587264375632	c28
RIMBP3C	3.18562069695234e-06	0.00164033506096216	0.171821305841924	0.0117782161891582	8.37955662230492e-05	c28
SPECC1L-ADORA2A	0.000316676811476791	0.000938955914226505	0.0859106529209622	0.0049075900788159	0.00439587264375632	c28
MIAT	0.000980259709857625	0.0450698676314036	8.50515463917526	6.21202752176516	0.0113248192039976	c28
CCDC117	0.000898475586901147	0.0619125580413597	7.81786941580756	5.74580646427765	0.0105544918506097	c28
RFPL2	1.51861645217813e-10	0.0114421647581651	0.601374570446735	0.0726323331664753	1.03729854527801e-08	c28
APOL6	0.000211794360663395	0.094836955098178	21.0481099656357	17.6211929369964	0.00316681197856842	c28
MYH9	1.65760174972108e-07	0.159633863319842	47.3367697594502	43.973970142222	5.83343625206146e-06	c28
TMPRSS6	1.4044856131051e-05	0.00819433875877625	1.46048109965636	0.524130620417538	0.000306265529859031	c28
IL2RB	6.4125023050772e-07	0.105404661276112	29.2096219931272	22.6661955380191	1.97667741091617e-05	c28
LGALS1	9.00485909164156e-34	0.484900012990225	73.0240549828179	54.8972841396504	7.74371703116601e-31	c28
APOBEC3G	8.42464918291076e-06	0.105809893041326	28.8659793814433	23.6094343511675	0.000194189611200317	c28
APOBEC3H	0.00193931120351171	0.0398164476605523	8.84879725085911	6.6134683902123	0.0197370911531828	c28
GRAP2	0.000219259792334612	0.0521289735708517	11.5120274914089	8.52448396690321	0.00325377651120276	c28
AL022238.2	0.00179708937700653	0.00221443784769735	0.257731958762887	0.049075900788159	0.0185505643355017	c28
ST13	0.000791105455330968	0.114665885973434	39.0034364261168	38.7552388524091	0.00949609690797781	c28
AL035681.1	2.23608000529593e-07	0.0091256144403722	0.515463917525773	0.0775399232452912	7.69955351310216e-06	c28
Z83851.2	6.52726483055712e-05	0.00166582990574326	0.0859106529209622	0.00392607206305272	0.00115722751427627	c28
PRR5	9.64735491532063e-05	0.0476919879445809	8.59106529209622	5.91462756298892	0.00161373061920211	c28
AL022328.2	0.00571013930072922	0.00219170891840353	0.257731958762887	0.0579095629300276	0.0469149073659619	c28
SMIM34B	0.00460269317408028	0.000876671616879314	0.0859106529209622	0.00785214412610544	0.0394921641490813	c28
LINC01695	0.000987799776871716	0.00206700851128082	0.0859106529209622	0.00588910809457908	0.0113517315854366	c28
AF165147.1	7.69559643706176e-05	0.0220787353801894	2.74914089347079	1.38295888421032	0.00132628424103894	c28
SOD1	1.30487343072864e-30	0.365756160982215	64.3470790378007	56.4431750144774	8.27934633416229e-28	c28
EVA1C	0.00273660612639647	0.0198288524335889	3.1786941580756	1.95812844144754	0.0260148232049561	c28
SLC5A3	3.0187153230681e-09	0.125212345119111	15.2920962199313	10.4669081200985	1.56720858366963e-07	c28
COL6A2	0.000180347272073811	0.0208480533854104	2.83505154639175	1.4928889019758	0.00275557485686172	c28
