p_val	avg_log2FC	pct.1	pct.2	p_val_adj	cluster	gene
0	2.24172059268366	0.925	0.288	0	c24	FCER1G
0	3.40476451770882	0.726	0.098	0	c24	C1QA
0	2.23790900811553	0.884	0.26	0	c24	CST3
0	2.09267323543465	0.959	0.338	0	c24	TYROBP
0	2.57117233449281	0.833	0.222	0	c24	AIF1
0	3.33092956654735	0.687	0.091	0	c24	C1QB
0	3.43756890190295	0.685	0.092	0	c24	C1QC
0	4.02196356158912	0.655	0.093	0	c24	APOC1
0	2.71236972969664	0.749	0.196	0	c24	CD68
0	1.82583281585772	0.753	0.212	0	c24	LYZ
0	3.7836051535014	0.581	0.075	0	c24	APOE
0	2.28907506102696	0.831	0.34	0	c24	NPC2
0	2.40038240234979	0.802	0.317	0	c24	CTSB
0	2.76167192964472	0.574	0.15	0	c24	MS4A6A
0	1.94417942357425	0.717	0.297	0	c24	GLUL
0	2.27792043625931	0.71	0.32	0	c24	CAPG
0	1.78213325116947	0.911	0.525	0	c24	HLA-DRA
0	1.85110915397681	0.911	0.546	0	c24	LGALS1
0	2.5393724354754	0.496	0.135	0	c24	TMEM176B
0	4.04309755387244	0.406	0.05	0	c24	RNASE1
0	2.06692050508556	0.727	0.379	0	c24	PSAP
0	2.69036786789481	0.806	0.459	0	c24	CSTB
0	2.31519944076879	0.481	0.137	0	c24	GSN
0	2.43053210156039	0.466	0.125	0	c24	TMEM176A
0	3.09363936149421	0.416	0.08	0	c24	SPP1
0	2.07978523440242	0.949	0.636	0	c24	S100A11
0	3.37620078040427	0.347	0.065	0	c24	GPNMB
0	4.32419688124106	0.291	0.032	0	c24	MMP12
0	3.10628329461845	0.33	0.076	0	c24	MS4A4A
0	3.00186685392429	0.282	0.054	0	c24	TREM2
0	4.42249690765017	0.239	0.034	0	c24	SLC40A1
0	4.3125760880396	0.198	0.023	0	c24	NUPR1
0	4.42912481984703	0.179	0.019	0	c24	SELENOP
0	4.75623849019911	0.167	0.02	0	c24	CCL18
0	3.03096255029512	0.998	0.94	0	c24	FTL
0	0.997963972259549	0.997	0.987	0	c24	TMSB10
1.65394256905348e-300	2.37268433349435	0.448	0.136	5.54699258809155e-296	c24	MS4A7
1.82856998172329e-296	2.15601441995391	0.612	0.258	6.13265800470357e-292	c24	GRN
2.14663595583719e-294	1.97866609606239	0.699	0.359	7.19938766868678e-290	c24	ANXA2
1.04000680272121e-291	2.30414313183351	0.521	0.188	3.4879748149664e-287	c24	FCGRT
5.20789348300085e-290	1.83179950151634	0.693	0.313	1.74662331632883e-285	c24	IFITM3
1.88072320979984e-288	3.07662440494652	0.368	0.101	6.30756950102671e-284	c24	LGMN
9.09066270307327e-282	2.65092174098413	0.423	0.134	3.04882645735671e-277	c24	CREG1
4.20589373315568e-278	2.32888546218986	0.427	0.13	1.41057264022575e-273	c24	CTSL
3.31834107351867e-270	3.29185787215345	0.289	0.068	1.11290522923669e-265	c24	DAB2
5.44759447725646e-267	3.13848416538038	0.306	0.076	1.82701423578227e-262	c24	HNMT
1.19077949621962e-263	1.27890042230859	0.994	0.976	3.99363627442136e-259	c24	FTH1
4.56537753559547e-263	1.00126264086002	0.963	0.932	1.53113631788801e-258	c24	SERF2
4.52211547465905e-259	3.52683973703034	0.216	0.041	1.51662708789115e-254	c24	PLTP
6.06303464365771e-255	1.44430196745628	0.959	0.852	2.03342055878992e-250	c24	CD74
4.56164806521077e-250	2.36726254518192	0.556	0.24	1.52988552811039e-245	c24	CTSD
2.54436690242081e-249	1.97648257458475	0.453	0.151	8.53329771733891e-245	c24	CD14
2.17890823207533e-248	4.18326895755731	0.173	0.028	7.30762242873425e-244	c24	MT1G
2.56536583940094e-244	2.24069881766853	0.591	0.29	8.60372395218288e-240	c24	ATOX1
4.95581898506522e-242	1.54748405411551	0.833	0.574	1.66208257121117e-237	c24	HLA-DPA1
1.86079988436896e-240	1.46701032550662	0.857	0.645	6.24075065219661e-236	c24	S100A10
3.14121970969782e-240	1.90944162501102	0.676	0.361	1.05350226623845e-235	c24	LGALS3
1.06655621659616e-238	1.8925914421419	0.541	0.219	3.57701623922021e-234	c24	SPI1
6.79140743897577e-234	2.29136331791344	0.413	0.139	2.27770222688369e-229	c24	FCGR2A
4.74988500089131e-232	1.1099758494984	0.488	0.169	1.59301643159893e-227	c24	C15orf48
3.75248687373618e-229	1.6964346696635	0.727	0.47	1.25850904771364e-224	c24	VAMP8
1.56821839122264e-225	3.15829627696137	0.245	0.057	5.2594908404825e-221	c24	C1orf54
1.89267695655543e-224	4.10226337165419	0.158	0.026	6.3476599768956e-220	c24	FOLR2
4.49845274477537e-221	1.19312420893453	0.87	0.708	1.50869108154276e-216	c24	GABARAP
5.21224140437197e-217	2.20308126289698	0.464	0.184	1.74808152219827e-212	c24	CTSZ
1.21586401295454e-216	2.07191693275887	0.703	0.464	4.07776472664694e-212	c24	PRDX1
4.83360165967256e-216	3.15250425240383	0.225	0.051	1.62109332462098e-211	c24	VSIG4
1.19136608121214e-214	1.35691087145257	0.821	0.556	3.99560356316928e-210	c24	HLA-DPB1
8.77349204938998e-207	1.73538398536418	0.698	0.454	2.94245376352441e-202	c24	ATP6V1F
2.03110740300652e-206	1.66269874747873	0.698	0.426	6.81192800820328e-202	c24	CD63
3.06669914975935e-206	3.13782337959361	0.216	0.048	1.02850956084629e-201	c24	MSR1
3.63991937919381e-205	1.58789730153855	0.508	0.209	1.22075616139402e-200	c24	LST1
8.09315866564435e-200	2.68677036636261	0.248	0.063	2.7142835532838e-195	c24	PLA2G7
5.818660751349e-197	1.50065784704598	0.842	0.625	1.95146244278743e-192	c24	HLA-DRB1
5.97071842341616e-196	4.47446641758887	0.085	0.009	2.00245954484531e-191	c24	MT1H
2.18290530831938e-195	2.72950057709134	0.259	0.069	7.32102782304154e-191	c24	MRC1
2.24288459019352e-195	2.38580336061524	0.41	0.159	7.52218633859104e-191	c24	LY96
6.41163916290568e-188	1.92364478597151	0.384	0.135	2.15033554245531e-183	c24	FCGR3A
1.22393223730297e-187	1.67579399705357	0.628	0.364	4.10482393746671e-183	c24	AP2S1
1.53247320521175e-187	2.44312223621596	0.307	0.096	5.13960863563917e-183	c24	LILRB4
1.51560860406964e-186	2.61658295371288	0.293	0.088	5.08304813632875e-182	c24	FBP1
8.01452266725152e-181	0.801694513385429	0.922	0.753	2.68791061214282e-176	c24	SAT1
1.07952637468857e-178	2.97165102404888	0.199	0.046	3.62051555543054e-174	c24	A2M
1.74811895772826e-178	3.32510284090273	0.136	0.023	5.86284136042903e-174	c24	CXCL9
4.05262774728822e-174	1.62302370304434	0.685	0.415	1.35917029388552e-169	c24	HLA-DQA1
6.65260589228813e-174	1.49265734170227	0.669	0.391	2.23115096415559e-169	c24	TYMP
4.53479866937831e-172	3.55081812344415	0.162	0.033	1.5208807777361e-167	c24	NR1H3
1.62216465026292e-169	1.32125082665778	0.742	0.537	5.44041580405179e-165	c24	GPX4
3.8235006438687e-167	4.81247610946916	0.087	0.011	1.28232564594069e-162	c24	CHI3L1
2.32522469192331e-166	1.78770155037541	0.445	0.189	7.79833857177239e-162	c24	RNF130
8.61486604306629e-166	1.75902454360619	0.364	0.133	2.88925377352357e-161	c24	CD9
4.46168386649362e-164	2.47802015839515	0.262	0.078	1.49635953514463e-159	c24	CD163
3.7643181491911e-163	2.50120628573034	0.39	0.163	1.26247702087571e-158	c24	PLD3
2.12571072694172e-159	3.24951752602124	0.239	0.069	7.12920863601713e-155	c24	STAB1
1.42078235344753e-157	1.88147448916223	0.4	0.162	4.76501985699234e-153	c24	CYBB
7.16380080746283e-153	1.79015234221941	0.407	0.17	2.40259551480688e-148	c24	IFI30
4.15350179207241e-152	1.43265637207703	0.639	0.387	1.39300143102524e-147	c24	ANXA5
2.93985924912306e-151	2.44974447939291	0.343	0.133	9.85969994970891e-147	c24	LIPA
4.09273970732157e-148	1.5451549830858	0.586	0.337	1.37262304304151e-143	c24	CTSS
1.24959791654384e-147	1.14620361392347	0.877	0.778	4.19090149250473e-143	c24	S100A6
1.86860089160973e-147	1.79142461361956	0.386	0.158	6.26691367028071e-143	c24	CXCL16
2.99146189342853e-147	2.89127908355778	0.171	0.04	1.00327648981806e-142	c24	SDS
2.55679179486048e-144	1.88959586583793	0.349	0.135	8.57496832160309e-140	c24	MAFB
5.70936472100052e-143	3.89093070152514	0.101	0.016	1.91480674012916e-138	c24	LINC02345
5.33403330104862e-142	3.7978745094237	0.139	0.029	1.78892808850569e-137	c24	F13A1
5.91797366082473e-139	1.31921431364784	0.643	0.387	1.9847700063674e-134	c24	HLA-DQB1
5.38780842487778e-138	2.7808609947975	0.276	0.097	1.80696318953551e-133	c24	HMOX1
5.56076929455796e-136	3.00049865943239	0.236	0.074	1.86497080600885e-131	c24	MMP9
1.98744492060999e-134	2.74982993055993	0.238	0.076	6.66549277474179e-130	c24	RAB13
4.01942591663734e-134	2.66168574296689	0.225	0.07	1.34803506392183e-129	c24	FPR3
3.36284113512977e-133	2.0093107987718	0.379	0.168	1.12782965989982e-128	c24	BRI3
2.22177534711284e-132	2.40240329893685	0.156	0.037	7.45139015914706e-128	c24	CXCL10
3.60278090913083e-131	4.15767489684765	0.046	0.004	1.2083006613043e-126	c24	LYVE1
1.1479641867904e-130	2.11278193040347	0.308	0.118	3.85004228965764e-126	c24	TGFBI
2.13419033007001e-130	2.02854646728829	0.31	0.119	7.15764752898881e-126	c24	MNDA
5.59211480033739e-130	1.29937354716677	0.405	0.171	1.87548346173715e-125	c24	SERPINA1
2.53928281725662e-129	4.41497697165971	0.073	0.01	8.51624671251524e-125	c24	FABP3
4.58939146009823e-129	2.12449188846177	0.291	0.108	1.53919010788775e-124	c24	IGSF6
6.02690395587024e-128	2.71112281364223	0.172	0.045	2.02130304871976e-123	c24	SERPING1
1.35746046758527e-125	1.58501790910336	0.459	0.232	4.55265091618748e-121	c24	CTSH
1.02698263469713e-124	2.28104386345145	0.28	0.104	3.44429436024722e-120	c24	CSF1R
1.28833367347158e-121	1.49406008638056	0.574	0.36	4.32081347408898e-117	c24	HLA-DMA
6.94374723287496e-121	0.718231221924287	0.907	0.866	2.3287939469616e-116	c24	OAZ1
1.62912152079476e-119	4.0001166919623	0.083	0.013	5.46374775644145e-115	c24	OTOA
3.83690436916933e-119	1.82178699897525	0.519	0.302	1.28682098733201e-114	c24	FABP5
2.08501764423225e-118	3.58502423990436	0.116	0.024	6.99273217522611e-114	c24	ADAMDEC1
2.53771069378523e-116	2.19642049815548	0.343	0.155	8.51097412481689e-112	c24	BLVRB
9.32775760223816e-116	4.19906967121318	0.066	0.009	3.12834334463863e-111	c24	LILRB5
3.61025966662399e-114	0.652484083103688	0.943	0.919	1.21080888699235e-109	c24	ATP5F1E
4.07551164323659e-112	1.85583467578822	0.388	0.189	1.36684509490869e-107	c24	MFSD1
1.68255766135295e-110	0.671933827027925	0.927	0.896	5.64296188464553e-106	c24	MYL6
2.60107575767803e-109	2.18438033868591	0.156	0.041	8.72348787610058e-105	c24	FN1
1.25203114247193e-106	2.92470815256983	0.167	0.049	4.19906204562235e-102	c24	NPL
1.70828190952421e-106	3.02841205943327	0.163	0.047	5.72923586816231e-102	c24	GPR34
4.40900065064636e-106	2.33666371299473	0.247	0.093	1.47869063821378e-101	c24	KCTD12
2.55800237432297e-104	4.20407182856089	0.07	0.011	8.57902836300436e-100	c24	TMIGD3
3.57089004172178e-104	2.28607972074089	0.275	0.111	1.19760510219265e-99	c24	RNASE6
3.2839801145953e-101	1.67391004025799	0.458	0.265	1.10138125083297e-96	c24	GSTO1
3.14700885179789e-100	3.11254609435079	0.126	0.031	1.05544382871598e-95	c24	GPX3
1.63662509172384e-99	2.08247413324043	0.224	0.079	5.4889132326234e-95	c24	IFI27
2.41914973091334e-99	2.864672603266	0.163	0.048	8.11334436753716e-95	c24	SLCO2B1
5.64769116908389e-99	0.593671579128189	0.995	0.993	1.89412266428736e-94	c24	TMSB4X
7.45336636077387e-99	4.286065647673	0.043	0.004	2.49971001007634e-94	c24	CCL13
8.24427147853784e-98	1.5200550846004	0.461	0.264	2.76496376847202e-93	c24	ASAH1
1.8507077022591e-97	0.959762612485584	0.718	0.587	6.20690349183658e-93	c24	NME2
1.01227777267449e-95	2.48605278316207	0.211	0.076	3.39497719399571e-91	c24	IL18
5.05252312619207e-95	1.11523234923078	0.764	0.696	1.6945152060623e-90	c24	ITM2B
7.16148799562951e-94	1.94414170726096	0.223	0.082	2.40181984397422e-89	c24	LGALS2
1.26020368036023e-93	4.72601137592864	0.039	0.004	4.22647110319215e-89	c24	AC015660.3
2.05870539552528e-93	4.47569054321474	0.052	0.007	6.9044861555127e-89	c24	GAPLINC
4.75220005487463e-93	2.61419742683648	0.19	0.065	1.59379285440385e-88	c24	IDH1
8.13788501267872e-93	1.57772777844075	0.461	0.268	2.72928387555219e-88	c24	YWHAH
6.32736601430811e-92	2.59673066405765	0.162	0.05	2.12207201387866e-87	c24	CLEC10A
1.75970427518873e-91	2.56078218244334	0.143	0.04	5.90169619812795e-87	c24	MARCO
2.12840764652624e-91	0.829564553396485	0.68	0.506	7.1382535649197e-87	c24	GSTP1
7.0533325108597e-90	2.51524373314016	0.179	0.06	2.36554665749213e-85	c24	MMP14
4.09872516694622e-88	3.2920621851788	0.092	0.02	1.37463044649042e-83	c24	PDK4
7.93688580896296e-87	0.815125877871037	0.79	0.721	2.66187276261e-82	c24	ARPC3
1.34718577860236e-86	1.71218717009566	0.233	0.093	4.51819166427659e-82	c24	CFD
1.64450291174515e-86	2.23813507627358	0.224	0.088	5.51533386541087e-82	c24	RASSF4
5.29186770090359e-86	4.51457493516149	0.045	0.006	1.77478658952905e-81	c24	MMP7
2.3098527740912e-85	4.65536754779323	0.039	0.004	7.74678423374707e-81	c24	AC015660.2
2.99295901993671e-84	1.73370499995602	0.355	0.187	1.00377859610637e-79	c24	HLA-DMB
5.814335613121e-84	1.56431674742135	0.374	0.196	1.95001187792852e-79	c24	C1orf162
7.26803307464097e-84	1.49554718380132	0.353	0.176	2.43755293257309e-79	c24	RAB31
9.48312959557421e-83	0.824940095808588	0.787	0.716	3.18045200376368e-78	c24	YBX1
1.02649376939637e-82	0.554757217810389	0.995	0.992	3.44265480380153e-78	c24	ACTB
1.07796973822542e-82	0.594373296102048	0.908	0.878	3.61529490806041e-78	c24	PPIA
7.26442954698932e-82	2.34670767245798	0.2	0.076	2.43634438146928e-77	c24	TNFSF13
2.55872714362654e-81	3.57492381570351	0.043	0.005	8.58145909429468e-77	c24	AC092484.1
1.13591097540277e-80	0.999318629211159	0.63	0.479	3.8096182293058e-76	c24	TXN
3.57651146717359e-80	2.10414658845949	0.22	0.089	1.19949041586068e-75	c24	TIMP2
1.17918537079789e-79	1.96249616592794	0.22	0.088	3.95475189658197e-75	c24	PILRA
1.72816512085087e-79	1.01111126041705	0.665	0.52	5.79592018230965e-75	c24	RAC1
3.84418740875074e-79	1.62506629123905	0.415	0.25	1.28926357314682e-74	c24	MGST3
9.31237822965418e-79	1.82716207320894	0.145	0.045	3.12318541066142e-74	c24	S100B
1.00460474761538e-78	1.78520604702623	0.288	0.136	3.36924340255247e-74	c24	CALHM6
3.37862726236669e-78	1.48382321362559	0.247	0.104	1.13312401125254e-73	c24	SMIM25
2.0005492786273e-76	2.20224427814514	0.196	0.075	6.70944217066023e-72	c24	PMP22
4.60851795923385e-76	1.61940106355909	0.37	0.207	1.54560475316785e-71	c24	PPT1
1.43554290270428e-75	2.62813788237641	0.169	0.061	4.81452378708961e-71	c24	TSPAN4
1.91379050193504e-75	2.36321505871898	0.134	0.041	6.41847058538974e-71	c24	VMO1
6.11141087988936e-75	1.57801880651568	0.382	0.219	2.04964498089729e-70	c24	LGALS9
5.80459322874972e-74	3.21533011642146	0.092	0.022	1.94674447705808e-69	c24	OLFML3
5.99240065375493e-74	2.03894254984474	0.231	0.1	2.00973133125633e-69	c24	SLC7A7
4.69165788748235e-73	1.02635756360263	0.66	0.549	1.57348822230383e-68	c24	DBI
1.29895750209856e-72	1.07142026619759	0.608	0.473	4.35644367053816e-68	c24	TSPO
2.92820438883162e-72	3.38269788640673	0.076	0.017	9.8206118792635e-68	c24	C2
3.77414224433679e-72	1.64266200076411	0.285	0.136	1.26577182590567e-67	c24	FGL2
4.59999212844822e-72	3.66507124541113	0.069	0.014	1.54274536003896e-67	c24	SDC3
8.08113844241238e-72	3.60199047063678	0.07	0.014	2.71025221081627e-67	c24	HSD17B14
2.30669412985962e-71	1.65952829673795	0.289	0.143	7.73619077272319e-67	c24	MARCKS
2.80928050908897e-71	1.77610657631334	0.129	0.039	9.42176497138258e-67	c24	CCL2
2.83642539027166e-71	3.00754373096482	0.106	0.029	9.51280347389308e-67	c24	SIGLEC1
6.51879506398005e-70	2.44727887809631	0.152	0.053	2.18627348855763e-65	c24	RENBP
2.70027687989358e-69	1.20064097660793	0.589	0.437	9.0561885997871e-65	c24	CTSC
7.2011900231212e-67	1.04461151560614	0.601	0.471	2.41513510995439e-62	c24	ATP6V0B
7.8819343348242e-67	1.9656537108371	0.24	0.111	2.64344313721334e-62	c24	ALDH2
1.10744404938518e-66	1.05218832984416	0.647	0.545	3.71414585282803e-62	c24	UQCR10
1.24142381793436e-66	1.39877377406256	0.439	0.288	4.16348720058827e-62	c24	HSBP1
1.31746410120726e-66	2.5842201586261	0.159	0.059	4.41851110262892e-62	c24	ADAP2
1.1799569527065e-65	1.56856043859593	0.294	0.15	3.95733962798705e-61	c24	TNFSF13B
2.48344085783337e-65	2.28698366476237	0.065	0.013	8.32896394900155e-61	c24	SPARC
2.60723633507712e-65	0.784848702440804	0.724	0.662	8.74414922058165e-61	c24	COX6B1
3.61655521932797e-65	2.15676849005275	0.2	0.085	1.21292028945821e-60	c24	MPP1
1.87777532770309e-64	1.09525556653258	0.56	0.41	6.29768289405064e-60	c24	SDCBP
5.67622759984174e-64	4.2091727254231	0.053	0.01	1.90369321243492e-59	c24	RAB42
7.88294918107055e-64	1.30200467219017	0.455	0.303	2.64378349634744e-59	c24	PYCARD
1.1034253037184e-63	2.16420318652939	0.207	0.091	3.70066778361075e-59	c24	ZNF385A
1.80233387871158e-62	3.69243631369553	0.061	0.012	6.04466736242288e-58	c24	CTSK
2.20080012390985e-62	2.36688423021263	0.178	0.073	7.38104345556885e-58	c24	MGST2
4.6652843857056e-62	1.76168646547235	0.304	0.163	1.56464307727794e-57	c24	CD81
6.40991744646247e-61	1.21355184597434	0.51	0.372	2.14975811319458e-56	c24	CHCHD10
6.59910237036738e-61	2.14177510863858	0.216	0.099	2.21320695297381e-56	c24	GM2A
2.71416418637331e-60	1.10837060816023	0.658	0.585	9.1027638482588e-56	c24	ALDOA
3.24321718533987e-60	2.07335656974223	0.227	0.108	1.08771017961929e-55	c24	FCGR2B
3.76759641749441e-60	0.520008986263545	0.922	0.924	1.26357648649928e-55	c24	SH3BGRL3
5.82115813484665e-60	1.69001237477031	0.236	0.112	1.95230001526487e-55	c24	NCF2
7.49100114940673e-60	1.94632178470305	0.21	0.095	2.51233196548803e-55	c24	CPVL
3.69116630517311e-59	2.42833738686196	0.146	0.055	1.23794335542896e-54	c24	SLAMF8
3.84520019939122e-59	2.73346259913641	0.078	0.02	1.28960324287183e-54	c24	PDPN
4.88154892402431e-59	1.58516707967335	0.368	0.228	1.63717387813927e-54	c24	AKR1A1
7.26530992501318e-59	3.07530844007581	0.067	0.015	2.43663964265092e-54	c24	PPIC
8.07423384934596e-59	1.56101050686766	0.323	0.184	2.70793654839365e-54	c24	PGD
9.11530547772879e-59	0.869966823431291	0.678	0.622	3.05709115112068e-54	c24	ATP6V0C
1.92242788801413e-58	0.712873628419528	0.773	0.73	6.4474386508218e-54	c24	RHOA
2.09973794214706e-58	3.99855329441236	0.043	0.007	7.04210111037281e-54	c24	MT1M
3.00042504207995e-58	1.38056620470006	0.404	0.263	1.00628255061277e-53	c24	LAMTOR2
3.2720389538066e-58	3.98120233713294	0.051	0.01	1.09737642432766e-53	c24	CD209
2.03887587998078e-57	1.98257427174116	0.2	0.09	6.83798192627953e-53	c24	CD302
1.0818575183624e-56	1.85885740745271	0.206	0.094	3.62833374508383e-52	c24	CLEC4A
1.95691984119958e-56	0.963586157449243	0.598	0.472	6.56311776341515e-52	c24	PKM
2.60909824304364e-56	1.88715291114982	0.216	0.102	8.75039368751976e-52	c24	SCARB2
4.28477006842976e-56	0.671837758486424	0.798	0.745	1.43702618554997e-51	c24	LAPTM5
6.64466826608239e-56	0.885604773053692	0.793	0.804	2.22848884307871e-51	c24	MIF
2.12926951905896e-55	1.30801760256284	0.301	0.162	7.14114411301994e-51	c24	CLEC7A
1.46625980353455e-53	2.98796805639915	0.072	0.018	4.91754212909419e-49	c24	KCNMA1
1.50938393737996e-53	2.46162399352127	0.142	0.055	5.06217184918491e-49	c24	TFEC
1.78915171314408e-53	1.03234481406708	0.544	0.422	6.00045701554261e-49	c24	RGS10
1.37753322219161e-52	1.5974558854734	0.307	0.177	4.61997092058623e-48	c24	HEXB
1.44147490797476e-52	3.40621730138724	0.047	0.009	4.83441854636573e-48	c24	RARRES1
3.66513723676046e-51	3.53895871346452	0.039	0.007	1.22921372646472e-46	c24	CLLU1OS
4.25206019314755e-51	1.24164314221107	0.433	0.307	1.42605594757782e-46	c24	FAM96A
1.21987213333466e-50	4.15582652462429	0.033	0.005	4.09120716077777e-46	c24	IGSF21
2.88485926747318e-50	0.732059198033402	0.682	0.586	9.67524101125155e-46	c24	GNG5
3.97483089141349e-50	1.54640175130889	0.256	0.136	1.33307878436226e-45	c24	LAIR1
1.0968388891345e-49	0.717863177222625	0.722	0.648	3.67857826637928e-45	c24	TPI1
1.25139074500108e-49	3.31395651857331	0.063	0.015	4.19691428058463e-45	c24	SLC12A5
2.18604532482976e-49	2.11880738502343	0.163	0.071	7.33155881041403e-45	c24	VAT1
7.11525931059044e-49	2.31053549298645	0.172	0.078	2.38631566758582e-44	c24	GNB4
8.26703366438667e-49	2.96521419952538	0.073	0.02	2.772597750362e-44	c24	EPHX1
2.03975705542344e-47	1.90412948544971	0.213	0.107	6.84093721247913e-43	c24	SERPINB6
2.64225619054617e-47	0.993663628075523	0.552	0.442	8.86159881185376e-43	c24	ARPC5
3.66270375287878e-47	1.51212663717215	0.284	0.162	1.22839758464048e-42	c24	PEA15
4.54108541007239e-47	2.62857833725305	0.094	0.031	1.52298922483008e-42	c24	FCHO2
4.92378603114412e-47	1.20388630771781	0.464	0.335	1.65133935912511e-42	c24	HLA-DRB5
5.9511022410366e-47	0.435571060070562	0.903	0.888	1.99588066959885e-42	c24	CFL1
1.74438002709659e-46	1.9511777680025	0.12	0.045	5.85030173487655e-42	c24	SDC2
1.96555205695029e-46	0.508644717655182	0.873	0.811	6.59206848859988e-42	c24	VIM
2.17807065634022e-46	0.283426249864929	0.555	0.382	7.30481336723384e-42	c24	SOD2
4.51523279673419e-46	1.59554379257617	0.245	0.131	1.51431877536871e-41	c24	CD86
6.7241836967054e-46	0.915000576401371	0.609	0.534	2.25515672820106e-41	c24	COX7B
1.45042654534141e-45	1.85045826834732	0.185	0.088	4.86444054776603e-41	c24	NAIP
4.62705563681271e-45	1.40701920620164	0.375	0.255	1.55182191947425e-40	c24	ATP6AP2
4.8961775233669e-45	0.693348923581493	0.707	0.672	1.64208001778679e-40	c24	UQCR11
5.42466577947049e-45	2.85764061550105	0.068	0.019	1.81932440911881e-40	c24	CYP27A1
3.6883733457438e-44	1.41721139702642	0.342	0.223	1.23700665269556e-39	c24	GNG10
6.24640845840002e-44	3.26699644321958	0.061	0.016	2.0949204687782e-39	c24	GAL3ST4
8.57412828055254e-44	0.792928123787719	0.659	0.606	2.87559114273171e-39	c24	COX5B
9.32296800500449e-44	0.78304230246982	0.591	0.476	3.1267370095184e-39	c24	TUBA1B
1.5022764495926e-43	0.821515104452326	0.614	0.547	5.03833475664367e-39	c24	NDUFB2
1.72514894381543e-43	2.81244377981846	0.094	0.032	5.7858045277682e-39	c24	MERTK
6.42699986914637e-43	3.52886694430915	0.045	0.01	2.15548721611431e-38	c24	DNAJC5B
4.93026794244127e-42	4.50382773109716	0.023	0.003	1.65351326253595e-37	c24	CHIT1
5.05693767816558e-42	1.99532117065988	0.16	0.073	1.69599575850317e-37	c24	LRP1
1.621537447389e-41	0.477126194208518	0.925	0.917	5.43831229105323e-37	c24	GAPDH
2.42778084669523e-41	0.733722450344958	0.746	0.741	8.14229140364647e-37	c24	CYBA
2.4884356635495e-41	0.812639797707878	0.618	0.556	8.3457155284123e-37	c24	ATP5MD
4.55403372672908e-41	1.59213732150629	0.283	0.172	1.5273318312704e-36	c24	ATP6V1B2
1.31956989601301e-40	2.21519272619645	0.158	0.073	4.42557351724842e-36	c24	LPAR6
1.63896372873991e-40	2.54568777683447	0.063	0.017	5.49675655344792e-36	c24	SLAMF9
2.72227817105287e-40	3.80319649211696	0.037	0.007	9.12997653007713e-36	c24	ABCA6
4.33764451763917e-40	1.01142513064443	0.373	0.247	1.45475921832583e-35	c24	PTMS
9.10822361732264e-40	1.72281590985237	0.238	0.136	3.05471603677767e-35	c24	FUOM
1.27646681165859e-39	2.08855640272457	0.132	0.056	4.28101439294057e-35	c24	LRRC25
1.49463381177203e-39	1.58424804434369	0.172	0.083	5.01270287792103e-35	c24	ITGAM
1.93887085253264e-39	0.816282313229102	0.577	0.487	6.50258506522396e-35	c24	ENO1
2.05366352452888e-39	0.747682583200981	0.24	0.13	6.88757672856497e-35	c24	CSTA
5.0745130941982e-39	3.65789558894926	0.043	0.01	1.70189020153219e-34	c24	TMEM37
1.38926369731723e-38	2.55229304000162	0.105	0.04	4.65931258806252e-34	c24	TCEAL9
2.25168599110706e-38	3.31466779139038	0.048	0.012	7.55170447697486e-34	c24	ADORA3
2.87101568256491e-38	2.51356027412241	0.1	0.038	9.62881239618621e-34	c24	TNFAIP8L2
3.04272820875182e-38	1.15665171660348	0.419	0.312	1.02047018665119e-33	c24	TALDO1
3.20795576763597e-38	2.98421242768805	0.094	0.035	1.07588420534975e-33	c24	STAC3
3.56371001830334e-38	1.81610763467975	0.174	0.086	1.19519706593858e-33	c24	SIRPA
3.88363885907336e-38	1.06101117082411	0.422	0.302	1.30249480055602e-33	c24	ACP5
5.07169271115494e-38	1.54885627392994	0.247	0.144	1.70094430146714e-33	c24	PCBD1
2.20174001181806e-37	3.77039277804476	0.034	0.007	7.38419565163542e-33	c24	RBP1
2.29141109054524e-37	4.48186259751595	0.016	0.002	7.68493451547063e-33	c24	MAMDC2
1.31438338709918e-36	0.805614656703481	0.612	0.567	4.40817900365323e-32	c24	POMP
2.26349334466031e-36	0.8019303386724	0.583	0.508	7.59130397932174e-32	c24	ATP5MF
4.08709670802517e-36	1.63038233376779	0.236	0.137	1.37073049393748e-31	c24	LAMP2
5.02498169608631e-36	2.00922548823165	0.13	0.058	1.68527836123343e-31	c24	FCGR1A
6.52057128438846e-36	2.51167995507742	0.107	0.044	2.1868691973582e-31	c24	SDSL
7.00300008695244e-36	2.00085311490575	0.138	0.063	2.34866616916211e-31	c24	LGALS3BP
1.64204094681624e-35	2.68853056371471	0.085	0.031	5.5070769274323e-31	c24	HSD3B7
2.1504387896598e-35	1.70068625558371	0.207	0.115	7.21214161276103e-31	c24	BLVRA
3.81894378844163e-35	2.28058219380647	0.126	0.056	1.28079736776755e-30	c24	CYFIP1
4.9492720922523e-35	1.51461577063582	0.258	0.158	1.65988687429958e-30	c24	CYSTM1
1.39672825462073e-34	2.25102058960919	0.089	0.033	4.684347220347e-30	c24	TGM2
2.77133773213201e-34	2.31740722648227	0.098	0.039	9.29451248602435e-30	c24	H1F0
3.39888098612945e-34	1.6692734538117	0.191	0.104	1.1399167051281e-29	c24	DBNDD2
6.3237934136696e-34	2.40123395442313	0.092	0.036	2.12087383507651e-29	c24	SMPDL3A
8.01003974624497e-34	3.17283758537491	0.047	0.012	2.68640713009564e-29	c24	ITGB5
9.14147117438717e-34	0.921506464236581	0.522	0.444	3.06586660246597e-29	c24	NOP10
1.09108021695467e-33	3.31532992026258	0.026	0.005	3.65926483162258e-29	c24	GFRA2
1.15075066698303e-33	0.589804011979064	0.694	0.664	3.85938758692769e-29	c24	COX8A
1.98672472861969e-33	0.68062810730249	0.606	0.533	6.66307739484472e-29	c24	FKBP1A
2.12491569173794e-33	2.06422988547034	0.145	0.07	7.12654224695071e-29	c24	BCAT1
2.30589452768688e-33	2.76486826651723	0.067	0.022	7.73350906695625e-29	c24	SPR
2.62125166732044e-33	2.05704063853425	0.097	0.039	8.7911538418593e-29	c24	SERPINF1
2.80349706869836e-33	1.83549319183645	0.174	0.091	9.40236846900056e-29	c24	GAA
3.74026130907895e-33	1.58732137238979	0.188	0.102	1.2544088378389e-28	c24	ANXA4
7.27089740705233e-33	1.2644174147987	0.339	0.234	2.43851357237721e-28	c24	CTSA
9.27997224365912e-33	1.32740305075978	0.298	0.196	3.1123170910784e-28	c24	ATP6AP1
1.0513771903944e-32	2.04847053703993	0.154	0.077	3.52610882114472e-28	c24	SMIM30
1.67457721536416e-32	3.06637960803509	0.052	0.015	5.61619706488833e-28	c24	LINC01094
1.76010487319484e-32	3.11607393593556	0.047	0.012	5.90303972372086e-28	c24	KLHDC8B
1.82906304179377e-32	1.11629436369362	0.433	0.337	6.13431162956795e-28	c24	CLTA
5.66289669455472e-32	1.32512307098963	0.539	0.45	1.89922229341976e-27	c24	MT2A
6.72856478543809e-32	1.32545463681898	0.306	0.204	2.25662605774023e-27	c24	SNX10
6.85992778853957e-32	2.87680772092337	0.038	0.009	2.3006825817204e-27	c24	APOC2
7.24772646236099e-32	2.3122735089788	0.085	0.032	2.43074250094663e-27	c24	RGL1
9.12866474730672e-32	1.1555057294495	0.378	0.282	3.06157158295173e-27	c24	RNH1
1.16530536827318e-31	1.08488945233718	0.36	0.254	3.90820114411458e-27	c24	SAMHD1
1.27753942922772e-31	0.912389423765018	0.507	0.434	4.28461173774392e-27	c24	MINOS1
1.75532648028988e-31	1.71407306943278	0.2	0.114	5.88701394959619e-27	c24	NAGK
2.1158640914663e-31	2.46494082829733	0.099	0.041	7.09618498995967e-27	c24	NRP1
2.18309303109382e-31	1.34629466803641	0.213	0.122	7.32165740768246e-27	c24	HCK
2.25248663178516e-31	2.06147807546213	0.133	0.064	7.55438966568106e-27	c24	C3AR1
2.77888533170566e-31	4.14525290747237	0.025	0.005	9.31982562547443e-27	c24	L3MBTL4-AS1
4.78635569904609e-31	1.2414190791819	0.361	0.268	1.60524797434608e-26	c24	PRDX3
7.17087109012556e-31	0.876589162111091	0.408	0.3	2.40496674620631e-26	c24	GRINA
8.98722272983863e-31	0.927530031307087	0.508	0.434	3.01413475913328e-26	c24	SH3BGRL
1.14861067034127e-30	4.58742775540085	0.017	0.002	3.85221046619055e-26	c24	PKD2L1
1.15666196850805e-30	1.99520488043299	0.036	0.009	3.87921290998228e-26	c24	CCL8
1.89971303993619e-30	1.6264267952983	0.193	0.109	6.37125759333801e-26	c24	TFPT
1.94150483065568e-30	2.75277573414555	0.041	0.01	6.51141890105303e-26	c24	SCG5
2.01389808557886e-30	1.9978124468699	0.118	0.054	6.75421139941439e-26	c24	AC244090.1
2.60778425626224e-30	3.02576245697227	0.046	0.013	8.7459868386523e-26	c24	ME1
3.01815135826954e-30	4.20716935736766	0.016	0.002	1.01222760253644e-25	c24	LINC02154
3.13166495460988e-30	1.64708181209768	0.163	0.085	1.05029779247706e-25	c24	MPEG1
3.50875723657713e-30	0.678767454005565	0.575	0.506	1.17676700200324e-25	c24	DYNLL1
3.74645342720847e-30	0.877492551270095	0.482	0.387	1.25648555041718e-25	c24	C4orf48
4.04846271851207e-30	1.64499205343124	0.209	0.123	1.35777342653458e-25	c24	SMCO4
5.77168164679191e-30	2.72242338412016	0.065	0.022	1.93570659070107e-25	c24	OLFML2B
1.1264332396349e-29	1.80126876264207	0.169	0.091	3.77783179908754e-25	c24	CAMK1
1.35125752208766e-29	1.84760167715727	0.156	0.082	4.5318474775776e-25	c24	IL13RA1
1.58066842349137e-29	2.43259082448219	0.091	0.038	5.30124575870537e-25	c24	TCN2
1.70026160252794e-29	2.26805358941729	0.096	0.04	5.70233736255822e-25	c24	SLC38A6
3.29333409895194e-29	2.14306503725904	0.11	0.05	1.1045183901065e-24	c24	LRMDA
3.65165127307603e-29	1.39475886952275	0.222	0.133	1.22469080396424e-24	c24	HLA-DQA2
4.62068714194015e-29	1.21891662513148	0.244	0.151	1.54968605366389e-24	c24	CD4
7.2466365528424e-29	1.37049940774575	0.247	0.156	2.43037696709228e-24	c24	ARHGAP18
9.11273946904807e-29	0.979792539657857	0.486	0.402	3.05623056312934e-24	c24	ITGB2
1.09082404756019e-28	0.257884197905249	0.958	0.944	3.65840569070736e-24	c24	PFN1
1.20368114140806e-28	1.07139154695599	0.39	0.302	4.03690581205435e-24	c24	RNF181
5.65735970495762e-28	2.06534963480901	0.108	0.049	1.89736529784869e-23	c24	CLEC11A
1.41159699407094e-27	0.563557188145201	0.654	0.622	4.73421399871512e-23	c24	RNASEK
1.86118004796799e-27	1.47886165050635	0.233	0.147	6.24202564487505e-23	c24	HEXA
2.41897112626185e-27	2.02699001032942	0.096	0.042	8.11274536325698e-23	c24	CA2
7.11208391514492e-27	2.38319615218287	0.07	0.027	2.3852507034613e-22	c24	SCD
8.61913963155407e-27	1.70883740002905	0.19	0.113	2.89068704963061e-22	c24	VAMP3
9.38618449340578e-27	1.40167693532853	0.185	0.106	3.14793855539843e-22	c24	ALOX5
1.66306774907626e-26	0.955372380561142	0.399	0.307	5.57759661685195e-22	c24	H2AFY
2.58311081801291e-26	0.73349134204578	0.532	0.468	8.66323706145171e-22	c24	UQCRQ
3.52486660059794e-26	1.80567257976437	0.139	0.072	1.18216976050854e-21	c24	TTYH3
3.55798061170534e-26	2.41375849455995	0.098	0.044	1.19327553755374e-21	c24	SPRED1
4.59305118226446e-26	1.64554748606706	0.142	0.075	1.54041750550785e-21	c24	ENG
4.77117117861224e-26	2.37170826833322	0.04	0.011	1.60015538988297e-21	c24	ECM1
5.76810605547408e-26	2.78703431355399	0.036	0.009	1.9345074088849e-21	c24	CCL24
1.00473351675252e-25	1.25078897807067	0.326	0.239	3.36967526848461e-21	c24	LAP3
1.33044117986099e-25	0.906854517824161	0.486	0.413	4.46203362901778e-21	c24	SELENOW
1.85710939259839e-25	2.02767857544951	0.043	0.013	6.22837348089647e-21	c24	HAMP
1.99355200859795e-25	1.03260716521906	0.394	0.312	6.68597472643581e-21	c24	CAPZA2
2.06201650286361e-25	2.30782919555717	0.082	0.034	6.91559094730399e-21	c24	SLC1A3
2.75708158967256e-25	1.22553867147947	0.31	0.224	9.24670023544384e-21	c24	COMT
3.4797771146303e-25	2.53011327447501	0.043	0.013	1.16704764870471e-20	c24	TM4SF19
5.10949616284449e-25	4.3801888038322	0.016	0.002	1.71362282309478e-20	c24	AP003481.1
5.30397382606399e-25	1.94352017141984	0.115	0.056	1.77884674178534e-20	c24	ACP2
5.45195411688548e-25	0.755868484342973	0.463	0.365	1.82847637172105e-20	c24	IFI6
1.34122108114422e-24	1.48091330926192	0.183	0.107	4.4981872619415e-20	c24	GNS
1.8564316008532e-24	1.40842183090556	0.202	0.125	6.22610030294145e-20	c24	ATF5
2.01884318633518e-24	1.72965618814732	0.134	0.071	6.77079627833093e-20	c24	GNPDA1
2.27589889118301e-24	2.3175526559023	0.081	0.034	7.63290970124957e-20	c24	SIGLEC9
3.19888813493175e-24	1.90863354829703	0.117	0.058	1.07284310269341e-19	c24	CD36
3.20780546167738e-24	0.504633034931784	0.678	0.636	1.07583379573736e-19	c24	ARPC1B
4.41449502466353e-24	1.88357474770418	0.128	0.066	1.48053334137166e-19	c24	ADAM9
6.23186739209334e-24	1.0961007312782	0.283	0.196	2.09004368596026e-19	c24	APLP2
1.17084510895718e-23	1.62157447694122	0.163	0.094	3.92678032642058e-19	c24	GLMP
1.34019067807761e-23	1.55280785310019	0.255	0.178	4.49473149613667e-19	c24	RB1
1.40799065622528e-23	0.546003400740621	0.671	0.665	4.72211906284835e-19	c24	ELOB
1.64260014269041e-23	0.899516083148619	0.453	0.386	5.50895235855509e-19	c24	ATP5PD
1.98758367438656e-23	3.03851504560037	0.054	0.019	6.66595812715766e-19	c24	PTPRO
2.11477195943727e-23	2.09184677394461	0.05	0.017	7.09252219756071e-19	c24	LPL
2.71513286982575e-23	3.05940711009646	0.037	0.011	9.10601261882159e-19	c24	PDGFC
4.47359451301436e-23	2.40130402659277	0.06	0.023	1.50035412777475e-18	c24	CMKLR1
4.89823786600494e-23	1.11658822812864	0.251	0.171	1.64277101550074e-18	c24	EIF4EBP1
5.88998892216141e-23	2.38301779889148	0.092	0.043	1.9753844847145e-18	c24	ETV5
6.61075105928093e-23	1.51023779420741	0.169	0.099	2.21711369026164e-18	c24	PLXDC2
1.97386374837465e-22	3.25333815079701	0.041	0.013	6.61994423929889e-18	c24	RCN3
2.88631861564465e-22	2.43155155540302	0.073	0.031	9.68013537314902e-18	c24	ENPP2
3.00088040466279e-22	2.8709722694742	0.05	0.017	1.00643527011581e-17	c24	SLC7A8
3.25143603281111e-22	2.05239478422839	0.094	0.045	1.09046661668419e-17	c24	AC098613.1
3.81790482381e-22	1.56099525568291	0.121	0.063	1.2804489198094e-17	c24	PLAU
4.3310888409467e-22	0.574358432390818	0.608	0.578	1.4525605754767e-17	c24	ATP6V0E1
4.86378352600088e-22	3.96487045158348	0.023	0.005	1.63121571895018e-17	c24	ATP6V0D2
5.85824423002198e-22	1.8246170461202	0.126	0.067	1.96473794986477e-17	c24	LTBR
5.99207454719036e-22	1.0948087865702	0.291	0.209	2.0096219616367e-17	c24	TPP1
7.38389085472952e-22	2.08393313344109	0.079	0.035	2.47640931485919e-17	c24	S100A13
8.08917783890008e-22	1.80700528528973	0.11	0.056	2.71294846361031e-17	c24	SLC31A1
8.36545064734801e-22	3.72870525764204	0.02	0.004	2.80560483810757e-17	c24	AP002954.1
1.05490543367038e-21	2.71341508606114	0.064	0.026	3.53794184344372e-17	c24	ARPIN
1.06583078990678e-21	3.01917418291238	0.06	0.023	3.57458330318935e-17	c24	GATM
1.42505941509873e-21	1.83294013853709	0.087	0.04	4.77936426635811e-17	c24	HK3
1.77080518068928e-21	0.786905155033338	0.514	0.469	5.93892641499571e-17	c24	SNX3
2.66164051787405e-21	2.35424743002752	0.066	0.027	8.92660996884598e-17	c24	ALDH3B1
3.8175664443646e-21	3.42959999233363	0.018	0.003	1.280335434111e-16	c24	AC026310.2
4.27083471068235e-21	2.16469319717825	0.084	0.039	1.43235254526865e-16	c24	RGS18
4.49971754807352e-21	0.703461002928382	0.558	0.516	1.5091152712729e-16	c24	CAPZB
6.46479482143794e-21	3.86754501865412	0.015	0.002	2.16816288721386e-16	c24	GAL
7.1806110274247e-21	1.92426204133836	0.088	0.041	2.4082333263777e-16	c24	OSCAR
7.97280680778865e-21	2.15453089854496	0.086	0.04	2.67391994719616e-16	c24	SHTN1
8.3161312096699e-21	1.44972398455295	0.175	0.107	2.78906408509909e-16	c24	TBXAS1
8.38951728328072e-21	1.33195444760414	0.22	0.147	2.81367630646669e-16	c24	CD59
9.28220735495068e-21	2.1630987698655	0.092	0.045	3.11306670270336e-16	c24	LHFPL2
1.08462660632657e-20	0.703672619833073	0.508	0.447	3.63762071229805e-16	c24	RNASET2
1.59229214047919e-20	1.41787518279309	0.105	0.053	5.3402293807391e-16	c24	CLEC12A
1.67102811260972e-20	0.772259045397585	0.494	0.437	5.60429408407048e-16	c24	RBX1
1.78207815772019e-20	2.3662400796811	0.059	0.024	5.97673372536199e-16	c24	MRAS
2.15058646590006e-20	1.85187195640543	0.103	0.052	7.21263688933562e-16	c24	PLXND1
2.50320537836732e-20	3.49738250687478	0.01	0.001	8.39525019796831e-16	c24	AC013457.1
2.7158153022966e-20	1.28403399489995	0.129	0.071	9.10830136084235e-16	c24	PLBD1
3.06438464270604e-20	0.609125476963454	0.483	0.398	1.02773332147075e-15	c24	HSPB1
3.60961061873786e-20	1.65956447501581	0.138	0.079	1.2105912093123e-15	c24	RAB34
3.6910854063857e-20	1.56613013106216	0.195	0.127	1.23791622359364e-15	c24	SCPEP1
3.82385886766903e-20	1.36022082031397	0.214	0.142	1.28244578703884e-15	c24	ADA2
3.8732833654839e-20	1.76211127418892	0.03	0.008	1.29902177511599e-15	c24	COL6A1
9.53304927874842e-20	0.70553697210542	0.541	0.499	3.19719406710664e-15	c24	ATP5MPL
1.0321225416513e-19	1.4211739344104	0.13	0.072	3.46153258019014e-15	c24	IL4I1
1.09383357808139e-19	2.26840956829946	0.081	0.038	3.66849905416936e-15	c24	FAM198B
1.18963839884291e-19	3.38569485864374	0.02	0.004	3.98980926203936e-15	c24	CD163L1
1.65529001591156e-19	0.898929094315958	0.41	0.344	5.55151165536417e-15	c24	LAMTOR1
2.45485657619806e-19	2.64138051621299	0.049	0.018	8.23309798525307e-15	c24	ARHGEF10L
2.58075797154877e-19	1.66059442620758	0.128	0.072	8.65534608498025e-15	c24	RAB32
2.64582842098434e-19	1.69277551443523	0.143	0.084	8.87357935829729e-15	c24	DPYSL2
2.71368339912082e-19	1.9314500464607	0.111	0.06	9.10115138397141e-15	c24	DAPK1
3.77469847970361e-19	1.809461084005	0.096	0.048	1.265958376123e-14	c24	TM6SF1
8.86676618208855e-19	0.354245678155647	0.729	0.657	2.97373604214886e-14	c24	COTL1
9.01464835326703e-19	1.00134687352262	0.375	0.312	3.0233327647187e-14	c24	BCAP31
9.95473844401791e-19	2.95983222393732	0.028	0.008	3.33862017935473e-14	c24	SLC22A18AS
1.12114009424017e-18	0.521266237652549	0.647	0.638	3.76007964806269e-14	c24	NDUFA4
1.66443746064865e-18	1.55131818375156	0.128	0.073	5.58219035552344e-14	c24	MCOLN1
1.71188936385709e-18	3.62353924931896	0.012	0.002	5.74133454850392e-14	c24	LINC00520
1.86238886242968e-18	1.47322431635973	0.049	0.019	6.24607976681666e-14	c24	CNRIP1
2.50401241854814e-18	2.42603229527038	0.055	0.022	8.39795684932675e-14	c24	RRAGD
2.55756074202661e-18	1.49134280042083	0.155	0.095	8.57754721660883e-14	c24	CREBL2
2.81834121149315e-18	1.03620880949526	0.313	0.238	9.45215275510572e-14	c24	SGK1
3.50544401435048e-18	2.41585979402257	0.07	0.032	1.17565581353287e-13	c24	TP53I3
4.23224344752102e-18	3.2901529451601	0.02	0.005	1.4194098074296e-13	c24	GPC4
4.60814131568743e-18	1.63631604982224	0.119	0.066	1.54547843445525e-13	c24	SLC15A3
5.46890863413725e-18	1.49817323822083	0.186	0.119	1.83416257771695e-13	c24	HSPA6
5.63300108566657e-18	4.44889564485982	0.016	0.003	1.88919590411085e-13	c24	DNM1
8.26311668777413e-18	2.77551264549341	0.054	0.022	2.77128407474569e-13	c24	TSPAN15
8.53632405499785e-18	1.84816365531638	0.122	0.07	2.86291236156518e-13	c24	DUSP3
8.54648203620919e-18	1.52073157226491	0.139	0.082	2.86631914530384e-13	c24	DMXL2
9.20944877556313e-18	1.08519195665803	0.253	0.183	3.08866493034836e-13	c24	DUSP23
9.25883130624588e-18	1.59443981115808	0.143	0.086	3.10522684348874e-13	c24	RAB20
1.05336141196651e-17	1.68950476554394	0.123	0.07	3.53276350345328e-13	c24	BMP2K
1.85650594622947e-17	1.2223253512473	0.156	0.096	6.22634964246438e-13	c24	LILRB2
2.42444249737774e-17	2.53954878600971	0.03	0.009	8.13109524770548e-13	c24	AC073611.1
3.11848444614769e-17	2.52910928927329	0.054	0.023	1.04587731354901e-12	c24	SNX24
3.94754146605001e-17	1.99177343948412	0.088	0.045	1.32392645688385e-12	c24	TMEM51
5.57391569615508e-17	0.480796438937613	0.644	0.646	1.86937984617649e-12	c24	COX6C
6.42992866699228e-17	1.38753530030853	0.162	0.103	2.15646947633587e-12	c24	MARCH1
7.59976945335486e-17	1.63818097101419	0.105	0.057	2.54881067926615e-12	c24	CPM
7.83523366028927e-17	2.9681578678773	0.033	0.011	2.62778066498782e-12	c24	ACE
1.14403597602287e-16	2.77436937778622	0.03	0.01	3.8368678563855e-12	c24	UBD
1.17351752569435e-16	2.01531682179763	0.082	0.041	3.9357430776737e-12	c24	TRPM2
1.62402731823669e-16	0.808769414819655	0.368	0.299	5.44666281990222e-12	c24	ARRB2
1.68975848375785e-16	0.479406394115003	0.204	0.131	5.66711200282707e-12	c24	SLC11A1
2.18299831665514e-16	2.13641090229378	0.053	0.022	7.32133975439801e-12	c24	RMRP
2.65370427935447e-16	2.18030728806392	0.035	0.012	8.89999341209901e-12	c24	TNS1
3.15132768221658e-16	0.452397650008146	0.45	0.375	1.0568922780618e-11	c24	TUBB
3.53259878437743e-16	1.72333183670126	0.131	0.079	1.1847629803045e-11	c24	UNC93B1
3.5692789565895e-16	0.790454401941496	0.402	0.345	1.19706477646099e-11	c24	TMEM219
4.0886683193259e-16	1.32603011579117	0.233	0.169	1.37125758093552e-11	c24	AKR1B1
4.59301433845053e-16	1.40944193037473	0.174	0.114	1.54040514882954e-11	c24	PDXK
4.64563393010695e-16	0.864004696702419	0.355	0.291	1.55805270747927e-11	c24	NDUFB3
5.86030667638008e-16	1.3390061264098	0.084	0.043	1.96542965312435e-11	c24	MGST1
6.30883247533755e-16	1.66481744032613	0.101	0.056	2.11585623557871e-11	c24	LPCAT2
6.49464447343779e-16	0.736361469595351	0.524	0.481	2.17817386350157e-11	c24	UCP2
6.86223877680457e-16	0.558185159219508	0.539	0.499	2.30145764096472e-11	c24	COX5A
6.87785772596248e-16	0.610849729044833	0.566	0.54	2.3066959241333e-11	c24	ATP5MC3
8.54761289641749e-16	1.25256037145731	0.164	0.105	2.8666984132005e-11	c24	ABCA1
9.81011287277505e-16	0.688814309303464	0.364	0.287	3.2901156552713e-11	c24	NINJ1
1.06116985063348e-15	0.983880954213592	0.225	0.159	3.55895144505456e-11	c24	SPINT2
1.08449151408827e-15	1.4025015049324	0.156	0.1	3.63716763994925e-11	c24	CBR1
1.30732985591926e-15	1.29784225693868	0.187	0.127	4.38452287078202e-11	c24	LY86
1.45458665165625e-15	1.72376775181323	0.106	0.06	4.87839271232471e-11	c24	KIAA0930
1.46975189899668e-15	1.50300929666128	0.132	0.08	4.92925391885506e-11	c24	COLGALT1
1.58689428258734e-15	1.93598633261495	0.086	0.045	5.32212604494143e-11	c24	SLC37A2
1.67317506895068e-15	0.705943928292436	0.481	0.429	5.61149454624678e-11	c24	TPM4
1.86334130192103e-15	0.672373448261765	0.492	0.457	6.24927405838275e-11	c24	ATP5PF
2.68107193421644e-15	1.18535617932137	0.039	0.015	8.99177905297511e-11	c24	COL6A2
2.73782885556634e-15	1.67828737786763	0.121	0.072	9.18213041579839e-11	c24	TCEAL4
2.74892153350669e-15	1.23170780207631	0.161	0.103	9.21933303907472e-11	c24	CD300A
2.91898246103123e-15	1.98619519971787	0.079	0.041	9.78968337780653e-11	c24	CDK2AP1
3.97138261263779e-15	3.2046367107105	0.022	0.006	1.33192230062646e-10	c24	PRSS36
5.59697328578267e-15	1.8682006604195	0.087	0.047	1.87711290058579e-10	c24	CD33
6.16855537147714e-15	2.35104538829789	0.042	0.017	2.068810100486e-10	c24	MYL9
6.58028605719232e-15	1.49657491204404	0.144	0.091	2.20689633786116e-10	c24	SLC31A2
7.35951667019363e-15	1.93349291758816	0.085	0.045	2.46823470084954e-10	c24	FUCA1
8.131679248073e-15	0.683769286349274	0.463	0.419	2.72720258621872e-10	c24	PSMB3
9.30357884449065e-15	0.837563186844903	0.369	0.311	3.12023427286527e-10	c24	VPS29
1.11661176765218e-14	1.55951866459868	0.133	0.083	3.74489254635189e-10	c24	HEBP1
1.11893454605145e-14	1.54974392284604	0.114	0.067	3.75268268054735e-10	c24	HSD17B4
1.17712676836336e-14	1.13899885434535	0.208	0.148	3.94784775573704e-10	c24	CD151
1.38394166440817e-14	1.27683861005643	0.135	0.083	4.64146355409213e-10	c24	APP
1.61052887104307e-14	0.636972720956309	0.507	0.47	5.40139172770426e-10	c24	RPS27L
1.72717279609449e-14	1.11050095805933	0.256	0.198	5.79259212354171e-10	c24	CRTAP
1.99228873381259e-14	2.23979041215244	0.054	0.024	6.68173795546065e-10	c24	PROCR
2.10103681059565e-14	0.526532277315304	0.568	0.558	7.04645725537568e-10	c24	NDUFA1
2.15451206487059e-14	0.499196340228008	0.567	0.511	7.22580256316299e-10	c24	LITAF
2.23845835665366e-14	2.44234774569308	0.047	0.02	7.50734163654505e-10	c24	CYBRD1
2.30679096408889e-14	2.09824039097845	0.065	0.031	7.73651553536133e-10	c24	SIGLEC7
2.31529057455715e-14	1.70003492409638	0.109	0.064	7.76502152894978e-10	c24	AP2A2
2.73758819455039e-14	0.535825256798007	0.59	0.583	9.18132328688311e-10	c24	SEC61G
2.80264581017259e-14	1.76408141528489	0.059	0.027	9.39951351815684e-10	c24	FAM213A
3.57773298730642e-14	1.41373696674084	0.124	0.076	1.19990008928283e-09	c24	BEX3
3.86395075237263e-14	1.76242875932394	0.134	0.086	1.29589180333073e-09	c24	UBE2E2
4.69125468420954e-14	2.07214482116336	0.073	0.037	1.5733529959902e-09	c24	AXL
4.70135154924766e-14	3.9176509252426	0.013	0.003	1.57673928258668e-09	c24	CRYBB1
8.19261872265205e-14	1.61983465698683	0.355	0.303	2.74764046720304e-09	c24	MT1X
8.44512652079719e-14	1.9838593953174	0.061	0.03	2.83232653254496e-09	c24	PYGL
1.01633928286396e-13	2.22281284723375	0.067	0.034	3.40859868686916e-09	c24	ST3GAL6
1.24533433946852e-13	1.85737718089498	0.056	0.026	4.17660230770952e-09	c24	C3
1.28335607921281e-13	0.917462389621986	0.293	0.231	4.30411961846393e-09	c24	CHMP5
1.32854787668689e-13	2.91357640883687	0.023	0.007	4.45568386883249e-09	c24	CASP5
1.43672013223524e-13	0.777526797710031	0.428	0.385	4.81847197949053e-09	c24	ZNF706
1.52699640032163e-13	0.910937540459311	0.272	0.211	5.12124052739869e-09	c24	AP1S2
1.56285765222355e-13	3.93020523091247	0.013	0.003	5.24151199402735e-09	c24	AC110995.1
1.6308751172554e-13	1.2661485314851	0.103	0.06	5.46962896825116e-09	c24	CLEC5A
1.75676262745449e-13	2.08432709674353	0.059	0.029	5.89183049995688e-09	c24	MGLL
1.78589532377435e-13	1.93113761716969	0.097	0.056	5.98953573687441e-09	c24	CTNND1
2.44595986599452e-13	1.07015327973064	0.283	0.226	8.20326019857242e-09	c24	TIMM8B
4.13724490592304e-13	0.544696765771719	0.545	0.52	1.38754919654847e-08	c24	C4orf3
4.50945279339443e-13	3.43700064807501	0.013	0.003	1.51238027784862e-08	c24	AC078850.1
5.50573722058679e-13	2.59667378912136	0.034	0.013	1.8465141490404e-08	c24	ZGLP1
6.44527317586621e-13	0.85050106370127	0.091	0.051	2.16161571772201e-08	c24	LTC4S
7.46198906965669e-13	0.698995672193604	0.333	0.274	2.50260189418146e-08	c24	TKT
7.52313091582614e-13	1.31204474443778	0.139	0.09	2.52310764654977e-08	c24	ACTN1
8.71085752696862e-13	2.22443644700228	0.043	0.019	2.92144739739474e-08	c24	PTGR1
8.77201732064751e-13	2.78163730658261	0.036	0.014	2.94195916899876e-08	c24	GSDME
1.06232735041742e-12	1.69008046064135	0.101	0.06	3.56283346782994e-08	c24	SCIMP
1.0629864461137e-12	2.31238368701892	0.05	0.023	3.56504394297614e-08	c24	SLC2A5
1.31974255304698e-12	2.19143794183928	0.063	0.032	4.42615257440898e-08	c24	FMNL2
1.47805782347359e-12	2.86712712608022	0.037	0.015	4.95711032836572e-08	c24	CPED1
1.68423485381584e-12	1.76416809470847	0.061	0.031	5.64858685272756e-08	c24	ABCC5
1.96384084742927e-12	1.49702659545566	0.13	0.084	6.58632943410829e-08	c24	NAGA
1.96553239329611e-12	1.07655304480096	0.197	0.143	6.59200254063649e-08	c24	DDAH2
2.05035831066325e-12	0.943223772315546	0.313	0.262	6.87649170230241e-08	c24	SPG21
2.0914804568704e-12	0.875426536416938	0.313	0.258	7.01440715625195e-08	c24	TMEM14C
2.17998331519551e-12	0.993246849371895	0.249	0.193	7.31122804250268e-08	c24	IFNGR2
2.20136309417909e-12	3.1493646455544	0.026	0.009	7.38293154525783e-08	c24	AC074327.1
2.46441387228427e-12	2.53239849128744	0.042	0.018	8.26515124486697e-08	c24	ABCC3
2.74963634905225e-12	1.68776731612134	0.081	0.045	9.22173038745144e-08	c24	PLEKHO2
2.97320799498105e-12	1.60022081802287	0.121	0.077	9.97154497356744e-08	c24	TCEAL8
3.47687503946019e-12	0.772010700178918	0.328	0.271	1.16607435073416e-07	c24	LIMS1
3.61516587100777e-12	0.713818990806342	0.525	0.504	1.21245432981859e-07	c24	PSME2
4.23767955517709e-12	2.03701849466964	0.05	0.024	1.42123296921529e-07	c24	FAM20C
6.21110142198408e-12	0.78363664207402	0.052	0.024	2.08307919490502e-07	c24	HPGDS
6.75733976326299e-12	2.62050457329051	0.022	0.007	2.26627660980314e-07	c24	LAMB2
6.90994606066429e-12	1.89109265665981	0.03	0.011	2.31745770982559e-07	c24	CAMP
7.03194242440904e-12	1.48798375983241	0.089	0.051	2.3583728502983e-07	c24	CPQ
7.31443469222394e-12	1.3582337417729	0.097	0.058	2.45311510707807e-07	c24	BX284668.5
8.63874184272964e-12	2.60133566525834	0.041	0.018	2.89726123921467e-07	c24	SEPT10
8.72112152879628e-12	1.45071488791545	0.141	0.095	2.9248897383277e-07	c24	CORO1C
8.76483057448222e-12	2.00336871911384	0.069	0.037	2.93954887806985e-07	c24	MILR1
8.76833219340228e-12	2.81767982707309	0.023	0.008	2.94072325102326e-07	c24	AC011899.2
8.7884207164457e-12	0.77344624797078	0.123	0.078	2.94746053988156e-07	c24	ANPEP
9.54998340813507e-12	2.4142137286025	0.056	0.028	3.20287343542034e-07	c24	P2RY6
1.23985693534028e-11	1.75156981735818	0.092	0.054	4.15823218974422e-07	c24	ST14
1.25168576619709e-11	2.82828017244014	0.012	0.003	4.1979037226718e-07	c24	SIGLEC15
1.38195657366912e-11	1.39384885012511	0.192	0.14	4.63480595677151e-07	c24	MT1F
1.45804912691151e-11	2.02346808326781	0.065	0.035	4.89000516183582e-07	c24	SORT1
1.62501628705201e-11	0.274318059964016	0.781	0.825	5.44997962351503e-07	c24	COX4I1
1.66912684974071e-11	1.57946772098497	0.113	0.072	5.59791762866039e-07	c24	SLC8A1
1.73021553025801e-11	1.51110101040206	0.147	0.101	5.80279684537932e-07	c24	OAZ2
1.73043197163438e-11	0.73990290564605	0.393	0.353	5.80352274646739e-07	c24	VDAC1
1.80691847939644e-11	2.06344852821395	0.035	0.014	6.06004319619978e-07	c24	RNASE4
2.17769141039169e-11	1.6925295260408	0.074	0.041	7.30354145217164e-07	c24	MYOF
2.2598768232937e-11	1.71961140820842	0.094	0.056	7.57917488996239e-07	c24	PTAFR
2.4267472240098e-11	2.83744029097245	0.022	0.007	8.13882483988407e-07	c24	FZD2
2.66101070774804e-11	1.57612630833598	0.109	0.068	8.92449771164538e-07	c24	NEK6
2.71685462922242e-11	2.58421038157964	0.038	0.017	9.11178705548617e-07	c24	APOL4
3.14333176115194e-11	2.56458406502329	0.04	0.018	1.05421060605514e-06	c24	RAB7B
3.42608698858211e-11	2.26977623248072	0.043	0.02	1.14904105423067e-06	c24	HOMER3
3.64253001514822e-11	1.11324831196509	0.234	0.184	1.22163171648041e-06	c24	MAN2B1
3.74669656283723e-11	1.88260615007788	0.063	0.033	1.25656709324435e-06	c24	RCAN1
3.89143864224028e-11	1.52974620618984	0.075	0.042	1.30511069183455e-06	c24	AC020656.1
4.61532243100024e-11	2.33725124806264	0.023	0.008	1.54788683690886e-06	c24	CCL23
4.76534910369127e-11	2.06266724938473	0.042	0.019	1.59820278239598e-06	c24	TNNI2
5.24630784751835e-11	1.23759567397788	0.191	0.143	1.75950672590071e-06	c24	ABHD12
5.90406263597381e-11	2.3591570332684	0.031	0.012	1.98010452685289e-06	c24	PDCD1LG2
6.14994805990139e-11	2.29641000964138	0.035	0.015	2.06256958032973e-06	c24	C11orf74
6.80504601477469e-11	2.89071581781432	0.025	0.009	2.28227633243514e-06	c24	COLEC12
6.83483115786493e-11	2.02453660071952	0.068	0.037	2.29226567372474e-06	c24	DOCK4
7.39906324195372e-11	0.616870937292404	0.505	0.492	2.48149783008644e-06	c24	ATP5ME
7.54290004326662e-11	1.474096095275	0.083	0.048	2.52973781651076e-06	c24	ATP6V0A1
8.73817867265279e-11	1.69516873667958	0.052	0.026	2.93061036323429e-06	c24	LILRA6
9.35325014011331e-11	1.05689705100875	0.2	0.15	3.1368930319912e-06	c24	PTTG1IP
9.64663976133149e-11	2.65361477526654	0.036	0.015	3.23529004315535e-06	c24	TRPM4
1.07210595649804e-10	1.71683704077734	0.07	0.039	3.59562895690311e-06	c24	ASGR1
1.19192679186685e-10	0.945282709217396	0.205	0.155	3.99748407456304e-06	c24	GCA
1.26018480757386e-10	0.969188715887994	0.234	0.184	4.22640780764122e-06	c24	NENF
1.29206648902961e-10	0.966331586360086	0.267	0.218	4.33333259090751e-06	c24	SMS
1.49579144406249e-10	1.34829761745236	0.145	0.101	5.01658534509679e-06	c24	BEX4
1.51961845680154e-10	0.943502778784684	0.315	0.268	5.09649638042101e-06	c24	LAMP1
1.67249262178255e-10	1.21992843085642	0.071	0.04	5.60920575493431e-06	c24	PDLIM4
1.77179061827699e-10	1.30908229496856	0.134	0.091	5.94223137557736e-06	c24	NTAN1
1.78353761424486e-10	0.546205764410003	0.51	0.495	5.98162845065443e-06	c24	LAMTOR4
2.21994780538892e-10	3.6564434512661	0.01	0.002	7.44526094971336e-06	c24	APOC4-APOC2
2.35049533863198e-10	0.758635762962957	0.337	0.292	7.88309126670393e-06	c24	SCP2
2.56837393330413e-10	1.74417334004451	0.048	0.023	8.6138124975154e-06	c24	AC090204.1
2.6049864297084e-10	0.879561795735216	0.282	0.235	8.73660348795605e-06	c24	NDUFB5
2.64064192185443e-10	2.27940032223813	0.022	0.008	8.85618487751539e-06	c24	RAI14
3.03482040159478e-10	0.732860831125523	0.23	0.176	1.01781806628686e-05	c24	CEBPD
3.17261552352947e-10	0.487421567333016	0.568	0.557	1.06403179428131e-05	c24	SLC25A5
3.19885954391136e-10	0.874324992976849	0.278	0.229	1.07283351383699e-05	c24	ARPC4
3.3323178678309e-10	1.21270482025528	0.07	0.04	1.11759276651313e-05	c24	HLA-DQB2
3.37215579212288e-10	0.807149037088427	0.3	0.252	1.13095360956217e-05	c24	H2AFJ
3.96376707515138e-10	2.95172252265176	0.016	0.005	1.32936820166427e-05	c24	C11orf45
4.22902054536383e-10	0.909518133952974	0.244	0.192	1.41832891050412e-05	c24	SLC16A3
4.35367589838744e-10	3.05984512993114	0.027	0.011	1.46013582280118e-05	c24	TMEM144
4.71843398468109e-10	0.314846133586366	0.724	0.728	1.58246838978234e-05	c24	CLIC1
5.36593751649037e-10	2.55392783741348	0.031	0.013	1.79962812428054e-05	c24	CCDC170
5.42650259798214e-10	1.80455728988161	0.09	0.056	1.81994044131125e-05	c24	PLBD2
5.51440331789945e-10	0.13855323945914	0.673	0.794	1.84942058475712e-05	c24	HSP90AA1
6.38299762792734e-10	1.74433377590094	0.048	0.024	2.14072974445427e-05	c24	ARRDC4
7.03807356030148e-10	0.842831576686795	0.245	0.194	2.36042911065391e-05	c24	SMIM37
7.62079564358197e-10	2.93045978631478	0.015	0.004	2.55586244294452e-05	c24	RAB3IL1
9.11071099017835e-10	2.42630340137162	0.05	0.026	3.05555025188602e-05	c24	OSBPL1A
1.09386787804155e-09	0.58280530547364	0.371	0.328	3.66861408937577e-05	c24	LAPTM4A
1.15766562847636e-09	0.624088357002563	0.404	0.371	3.88257898478401e-05	c24	ATP5F1C
1.16212706530926e-09	1.21807210298301	0.141	0.1	3.89754175163421e-05	c24	DNASE2
1.43877326370188e-09	1.48290393903359	0.066	0.037	4.82535777180336e-05	c24	CACNA2D4
1.49756004425589e-09	0.880069860008016	0.287	0.244	5.02251687642541e-05	c24	SDHD
1.55986380553237e-09	2.3320723928909	0.028	0.012	5.23147123099447e-05	c24	SIRPB2
1.62135565790573e-09	0.561088464278644	0.442	0.41	5.43770260548422e-05	c24	ANAPC11
1.72595734445707e-09	0.833705003003832	0.364	0.329	5.78851574184011e-05	c24	RAB5C
1.78073920456342e-09	2.50554603081483	0.023	0.008	5.9722431442648e-05	c24	VENTX
1.89176069507528e-09	2.63004969463472	0.016	0.005	6.34458701914349e-05	c24	SPOCD1
1.92563374797767e-09	1.2863054749359	0.151	0.109	6.4581904639675e-05	c24	PEPD
2.1434950333571e-09	1.39254949733167	0.157	0.116	7.18885364287306e-05	c24	BCKDK
2.24766243942458e-09	1.88383244713037	0.019	0.007	7.53821028934216e-05	c24	MMP1
2.41030804997385e-09	2.10983435588576	0.044	0.022	8.08369113800229e-05	c24	KCNMB1
2.61895612137035e-09	1.56068981048671	0.057	0.031	8.78345503985188e-05	c24	NDRG2
2.95756009746993e-09	0.95265408542769	0.035	0.016	9.91906505489465e-05	c24	IGFBP2
3.13088480391955e-09	1.05731785517521	0.213	0.169	0.000105003614553854	c24	RTN3
3.17785849321826e-09	0.929986057255861	0.193	0.146	0.000106579018145554	c24	WARS
3.20822265459737e-09	2.72182793369809	0.018	0.006	0.000107597371389887	c24	CRABP2
3.56861624257033e-09	2.97792012677713	0.011	0.003	0.000119684251543324	c24	CLEC4G
3.64699005390913e-09	1.71664610999271	0.067	0.039	0.000122312752428004	c24	SULT1A1
3.80656777606917e-09	1.17648669130451	0.181	0.138	0.000127664670073808	c24	STX7
4.13260882690132e-09	0.947026369201774	0.218	0.172	0.000138599434836616	c24	SQOR
4.43964087412743e-09	2.97832072636968	0.01	0.003	0.000148896675636486	c24	PRUNE2
4.6684990925154e-09	0.904900371662478	0.222	0.176	0.000156572122564781	c24	BID
4.98238958160398e-09	1.44721792993351	0.058	0.032	0.000167099381787834	c24	HTRA1
5.0129064206846e-09	2.01745843765125	0.061	0.035	0.00016812285553692	c24	ADAMTSL4
5.06951580944465e-09	1.11688758724814	0.162	0.12	0.000170021421217155	c24	SYK
5.33928343963547e-09	0.768087988985388	0.25	0.201	0.000179068887998494	c24	CISD3
5.49081617694488e-09	0.169429155075664	0.305	0.237	0.000184150992942377	c24	IER3
5.64440629777898e-09	1.06222177901424	0.234	0.192	0.000189302098414911	c24	SDHB
5.70208342893158e-09	0.404342665237976	0.613	0.627	0.000191236474039507	c24	UQCRH
5.72567689045822e-09	1.44652589033106	0.094	0.06	0.000192027751552188	c24	MFSD12
5.9575212189981e-09	0.505133246596904	0.524	0.517	0.000199803346642758	c24	BRK1
5.98691414048797e-09	1.74111544082321	0.057	0.031	0.000200789126443686	c24	GSTM4
6.06730460299638e-09	2.07307836448207	0.036	0.017	0.000203485261775293	c24	TLR8
6.38898550309327e-09	1.75799991946401	0.058	0.033	0.000214273795802742	c24	ANKRD22
6.54320344505252e-09	1.18674039023801	0.169	0.127	0.000219445957140171	c24	AP1B1
7.2852896460007e-09	1.96490814268051	0.026	0.011	0.000244334044147572	c24	ARHGAP6
7.82119313935483e-09	0.81246428483707	0.31	0.269	0.000262307175507682	c24	MGAT1
8.05360003607306e-09	2.24201996769526	0.04	0.02	0.000270101638009818	c24	ARHGAP22
8.13880428702784e-09	1.35295095134468	0.085	0.053	0.00027295921817834	c24	RCBTB2
8.35246904892956e-09	1.43780244099305	0.129	0.091	0.000280125106963	c24	FUCA2
8.82827385212761e-09	1.641477980105	0.087	0.056	0.000296082648452656	c24	PLXNB2
1.0245690068826e-08	1.28392371540363	0.13	0.092	0.000343619953528287	c24	COMMD9
1.02508964944646e-08	1.28347057651615	0.152	0.113	0.000343794566631353	c24	SMIM4
1.05045954462548e-08	1.18249974030497	0.158	0.117	0.000352303122076493	c24	CYB5A
1.11911837252408e-08	2.22970943251992	0.038	0.019	0.000375329919777126	c24	RNASE2
1.22154022976606e-08	2.08761296148145	0.05	0.027	0.000409680162258941	c24	TMEM150A
1.25194261749803e-08	2.37378964484993	0.038	0.019	0.00041987651505649	c24	RTN1
1.33049897568853e-08	1.82204200451752	0.048	0.025	0.000446222746466418	c24	CCND1
1.34621831435443e-08	2.64985859850453	0.025	0.01	0.00045149469826819	c24	TIFAB
1.38243599668529e-08	0.78981624190701	0.331	0.293	0.000463641384568311	c24	SUMO3
1.50721671055395e-08	2.2757880741192	0.023	0.009	0.000505490340385583	c24	ZNF358
1.59015720760871e-08	1.39816170761711	0.087	0.055	0.000533306924287809	c24	MARCH2
1.59657377584783e-08	1.39354310877926	0.123	0.087	0.000535458912943845	c24	TPMT
1.61776712049458e-08	2.132023281183	0.034	0.016	0.000542566736871471	c24	MARVELD1
1.68370365683844e-08	2.05694611521782	0.042	0.021	0.000564680532430475	c24	FAM20A
1.69390198619765e-08	0.491187441758205	0.614	0.631	0.000568100848130968	c24	CALM2
1.74457386040513e-08	0.898829832193965	0.224	0.18	0.000585095181302674	c24	JOSD2
1.75528450430455e-08	1.85702252432549	0.048	0.026	0.000588687317053661	c24	FCGR1B
1.81879790028132e-08	1.75908133352701	0.06	0.034	0.00060998843979635	c24	CD276
1.8302099167984e-08	2.13297788261669	0.041	0.021	0.000613815801895849	c24	KCNE3
1.83496756311823e-08	0.38599348763146	0.275	0.366	0.000615411421318593	c24	HSPH1
1.85849378929082e-08	2.26965726524451	0.023	0.009	0.000623301647052354	c24	PROS1
1.90150191288542e-08	0.526364027481866	0.498	0.479	0.000637725711543513	c24	ROMO1
2.00913433854475e-08	1.79783782039909	0.062	0.036	0.000673823474461137	c24	NRP2
2.20554668159646e-08	1.05765955946132	0.162	0.122	0.000739696246073821	c24	PLEKHO1
2.28532962086772e-08	1.00187226412171	0.182	0.14	0.000766453848246615	c24	GPR137B
2.50084347244041e-08	1.55110451697213	0.074	0.046	0.000838732883787063	c24	RILP
2.99852863649826e-08	1.2705356929979	0.09	0.058	0.00100564653410879	c24	TMEM251
3.22153895052525e-08	1.70308127144141	0.03	0.013	0.00108043973322716	c24	VNN1
3.36354385069902e-08	1.55656013509953	0.061	0.035	0.00112806533664744	c24	ASCL2
3.47497371326125e-08	1.47028369736684	0.097	0.065	0.00116543668395356	c24	EPB41L3
3.7234839390604e-08	2.25666517490992	0.048	0.026	0.00124878204348208	c24	CLIC2
3.79728023167337e-08	0.828584707149083	0.305	0.269	0.00127353184409861	c24	ATP6V0D1
3.80005494623623e-08	0.789821323486943	0.235	0.192	0.00127446242786871	c24	HCFC1R1
3.81133627603132e-08	1.78102225505445	0.067	0.04	0.00127824596025538	c24	VASH1
3.85707741584833e-08	1.50554589753999	0.023	0.009	0.00129358662372721	c24	CXCL11
3.9048499161391e-08	2.0114801749761	0.063	0.037	0.00130960856487473	c24	CARD9
4.18487838420956e-08	2.60606318992709	0.022	0.009	0.0014035245124962	c24	SLC46A1
4.21903762608297e-08	2.19291479078625	0.033	0.016	0.00141498083903571	c24	ACO1
4.61307972767342e-08	2.69287600424625	0.023	0.009	0.00154713467906711	c24	AL161935.3
4.71144669773691e-08	3.3646644261367	0.01	0.003	0.00158012499348701	c24	ZBED3-AS1
4.91632218575436e-08	1.6592728315823	0.077	0.049	0.0016488361346583	c24	SRD5A3
5.58214110769537e-08	2.72084044806602	0.016	0.006	0.00187213848469887	c24	FAM198B-AS1
5.79310559617405e-08	0.972308192958091	0.205	0.165	0.00194289175484485	c24	CNDP2
6.39287323874064e-08	2.25298484379156	0.033	0.016	0.00214404182680884	c24	LBX2-AS1
6.77229835224975e-08	1.38836689852818	0.098	0.067	0.00227129342137752	c24	IL18BP
6.95882226411905e-08	0.303401411488336	0.804	0.768	0.00233384981094025	c24	S100A4
7.06775474715759e-08	1.36854383560729	0.076	0.047	0.00237038358710171	c24	AC007388.1
7.44001569695609e-08	1.26231457288031	0.125	0.09	0.00249523246444514	c24	EMILIN2
7.50378454839727e-08	0.662678020591005	0.32	0.282	0.00251661926184148	c24	TXNDC17
7.84448433504676e-08	0.704978841667531	0.334	0.298	0.00263088315628798	c24	CANX
8.7298759028435e-08	1.02628566331164	0.076	0.047	0.00292782578029565	c24	KIFC3
9.45946431308002e-08	0.932479785702845	0.231	0.191	0.00317251514132078	c24	PLEKHB2
9.68375225539214e-08	3.03689746177842	0.017	0.006	0.00324773683141342	c24	RTL8B
1.00065914771068e-07	1.24739263435794	0.059	0.035	0.00335601064959207	c24	SELENON
1.05719221652611e-07	1.82031671454858	0.033	0.016	0.00354561125578528	c24	ALDH1A1
1.14652472253406e-07	1.30796192756741	0.125	0.091	0.00384521461443473	c24	ATP6V1C1
1.19182114539839e-07	3.0400063810616	0.011	0.003	0.00399712975743711	c24	ANTXR1
1.22392779488779e-07	1.63732437509368	0.056	0.033	0.00410480903849467	c24	VEGFB
1.23489473807941e-07	1.46313706933539	0.066	0.04	0.00414158997257072	c24	FAH
1.34872559043197e-07	0.30346882723958	0.671	0.695	0.00452335588519075	c24	UBL5
1.4445020354222e-07	1.45576941614974	0.081	0.053	0.00484457092639896	c24	METTL7A
1.59003621784638e-07	1.25645686787005	0.131	0.097	0.0053326634674132	c24	ATP6V1A
1.59978489420739e-07	1.52588583925639	0.098	0.068	0.00536535857819273	c24	ACOT13
2.09768446979866e-07	3.00922631348403	0.01	0.003	0.00703521417481075	c24	BATF2
2.09960929020616e-07	0.850519762751277	0.234	0.195	0.00704166963749342	c24	MMP24OS
2.40395738049257e-07	3.2572994401052	0.01	0.003	0.00806239226269599	c24	ST3GAL6-AS1
2.49599187732539e-07	1.30679587861037	0.132	0.098	0.00837105755817389	c24	MKNK1
2.70605073728153e-07	1.50827580903144	0.06	0.036	0.00907555296269479	c24	NCEH1
2.71517903293597e-07	1.91187594490123	0.045	0.025	0.00910616744066066	c24	GIMAP8
2.79813015536914e-07	0.669013326057188	0.38	0.355	0.00938436891507702	c24	GDI2
2.80687016030172e-07	3.33352144924849	0.012	0.004	0.00941368114361991	c24	AC093895.1
3.01346107429416e-07	1.42781475624571	0.085	0.057	0.0101065457509677	c24	TUBB6
3.25056965433037e-07	1.2856524754812	0.095	0.065	0.0109017605066932	c24	FES
3.32567085608203e-07	2.78389476672845	0.017	0.007	0.0111536349171279	c24	AL590617.2
3.76774025713332e-07	1.06639462070649	0.105	0.073	0.0126362472743737	c24	LILRB3
3.80717426053636e-07	3.35650930251057	0.014	0.005	0.0127685010349869	c24	LINC00900
4.62009431148935e-07	1.37035753008694	0.107	0.076	0.015494872301873	c24	CPPED1
4.67162760580607e-07	2.2010004492856	0.048	0.028	0.0156677046643524	c24	SNCA
4.67298659677774e-07	1.0844557924752	0.173	0.138	0.0156722624482732	c24	THEMIS2
4.97671622237053e-07	1.33194703946273	0.112	0.081	0.0166909108665863	c24	ALCAM
5.08739818419636e-07	1.38781433712189	0.107	0.076	0.0170621160301577	c24	CSF2RA
5.21235995373082e-07	0.526145302454142	0.524	0.53	0.0174812128128224	c24	PGK1
5.69830068442456e-07	1.79453345422602	0.052	0.031	0.0191109608354231	c24	CEBPA
5.89404332440743e-07	0.834196797350672	0.221	0.183	0.0197674425013976	c24	UQCC2
5.94859535612116e-07	1.38218876031896	0.125	0.093	0.0199503991053591	c24	NUDT16
6.22380012415741e-07	1.3241427180787	0.079	0.052	0.0208733808563991	c24	VKORC1
6.25960018642886e-07	1.0036445725552	0.295	0.266	0.0209934471052451	c24	VAMP5
6.5238455025148e-07	1.37835519809121	0.166	0.129	0.0218796730463341	c24	MT1E
6.56680673085573e-07	1.01744130192636	0.176	0.14	0.0220237564139439	c24	NAA20
6.65198565458054e-07	3.02310006579309	0.016	0.006	0.0223094294883322	c24	AC004921.1
6.91715623143091e-07	0.755215059480451	0.125	0.089	0.023198758568973	c24	FCN1
6.96355705365215e-07	2.49939353312854	0.02	0.008	0.0233543776465386	c24	FARP1
7.15560390652107e-07	2.38624128835388	0.019	0.008	0.0239984643816904	c24	SPIRE1
7.72276710209175e-07	1.33394719325853	0.054	0.032	0.0259006163069953	c24	TMEM91
8.16061712651127e-07	3.34978877506799	0.015	0.005	0.0273690777188935	c24	ALOX15B
8.20789869201813e-07	1.9294452132597	0.038	0.021	0.0275276506332904	c24	TMEM255B
9.38266592594625e-07	2.61420097922393	0.026	0.012	0.0314675849824385	c24	ACVRL1
9.45104202527109e-07	0.950810883542131	0.156	0.12	0.0316969047443542	c24	ARL2
9.49506322938938e-07	1.04449448843534	0.163	0.129	0.0318445430587261	c24	TNFRSF1A
9.81466597042032e-07	2.76197425356	0.028	0.013	0.0329164267315957	c24	SUCNR1
9.88151038171251e-07	1.30062472312614	0.127	0.096	0.0331406095181874	c24	SNX8
1.05015595664897e-06	0.110407490694667	0.368	0.306	0.0352201304740932	c24	CCL3
1.14309614301104e-06	1.07237265752899	0.163	0.128	0.0383371584443041	c24	CCDC88A
1.15687110338578e-06	1.24675235768291	0.109	0.079	0.0387991430653523	c24	NECTIN2
1.21047998733845e-06	0.598449815256309	0.379	0.357	0.0405970778153569	c24	NDUFB7
1.33238762617773e-06	2.12285061839508	0.031	0.016	0.0446856162067486	c24	ANG
1.4125961349682e-06	2.760462597179	0.017	0.007	0.0473756491745636	c24	MS4A14
1.46356771067571e-06	1.09646182343524	0.154	0.12	0.049085133880642	c24	PLIN3
1.47374085502205e-06	2.69145114266032	0.019	0.008	0.0494263207957295	c24	SOWAHD
