p_val	avg_log2FC	pct.1	pct.2	p_val_adj	cluster	gene
0	3.6201256116808	0.943	0.175	0	c30	IL1B
0	3.83003605116381	0.904	0.158	0	c30	CXCL2
0	3.58318439934044	0.967	0.231	0	c30	CXCL8
0	4.49496866913357	0.853	0.119	0	c30	CXCL3
0	3.4386184009526	0.903	0.175	0	c30	G0S2
0	3.39575910646719	0.947	0.222	0	c30	PLAUR
0	3.56063934858764	0.866	0.169	0	c30	C15orf48
0	3.38442930097764	0.823	0.127	0	c30	SLC11A1
0	3.48525823661855	0.809	0.114	0	c30	EREG
0	2.45850772012639	0.984	0.292	0	c30	FCER1G
0	3.9394512105547	0.819	0.131	0	c30	IL1RN
0	4.26465820174433	0.95	0.262	0	c30	TIMP1
0	3.7185742417272	0.788	0.128	0	c30	PTGS2
0	2.83388405484562	0.953	0.302	0	c30	BCL2A1
0	2.46101087384296	0.879	0.233	0	c30	IER3
0	4.48346252102939	0.778	0.136	0	c30	CCL20
0	1.73723280071877	0.983	0.342	0	c30	TYROBP
0	3.35092383816724	0.921	0.302	0	c30	CCL3
0	2.0228937157371	0.803	0.19	0	c30	S100A9
0	1.80880455836796	0.786	0.179	0	c30	S100A8
0	2.4410388833194	0.777	0.17	0	c30	SERPINA1
0	3.58256972327781	0.682	0.082	0	c30	AQP9
0	3.05613279742696	0.976	0.381	0	c30	SOD2
0	1.76819671006368	0.802	0.216	0	c30	LYZ
0	3.77949940589706	0.783	0.204	0	c30	CCL3L1
0	3.44257599548446	0.661	0.096	0	c30	TREM1
0	3.05167652727614	0.69	0.13	0	c30	CTSL
0	2.80183685493332	0.641	0.087	0	c30	VCAN
0	3.28645435673127	0.677	0.131	0	c30	SLC25A37
0	2.21741074383108	0.949	0.426	0	c30	NAMPT
0	2.52107584543117	0.802	0.285	0	c30	NINJ1
0	2.82834593400462	0.657	0.157	0	c30	BASP1
0	3.48687230985474	0.595	0.098	0	c30	OLR1
0	2.53509460199514	0.658	0.165	0	c30	ETS2
0	3.57460434797548	0.577	0.084	0	c30	VEGFA
0	2.95503806194224	0.587	0.1	0	c30	NLRP3
0	2.84402534657941	0.577	0.103	0	c30	SMIM25
0	2.67898227449321	0.608	0.138	0	c30	AC015912.3
0	5.0042965977448	0.481	0.032	0	c30	INHBA
0	3.63011240552417	0.518	0.075	0	c30	ANPEP
0	3.42527450356072	0.503	0.062	0	c30	MCEMP1
0	2.65285869859212	0.531	0.111	0	c30	C5AR1
0	3.58506607024585	0.499	0.081	0	c30	SPP1
0	3.29488776996293	0.477	0.076	0	c30	CD93
0	3.37050598177385	0.456	0.058	0	c30	TNFAIP6
0	3.23802444225085	0.439	0.061	0	c30	CD300E
0	3.92502898095426	0.414	0.043	0	c30	SDC2
0	3.72649945861588	0.417	0.058	0	c30	CLEC5A
0	4.04271566131459	0.399	0.047	0	c30	IL1A
0	4.18434471557447	0.385	0.04	0	c30	PID1
0	4.00144512345753	0.371	0.045	0	c30	MMP19
0	4.49817323374159	0.367	0.042	0	c30	CXCL1
0	3.84068445985822	0.365	0.053	0	c30	IL6
0	3.92205473218935	0.334	0.037	0	c30	MIR3945HG
0	3.76192590590723	0.325	0.032	0	c30	SERPINB2
0	6.63468749234318	0.306	0.014	0	c30	CXCL5
0	3.72885708027133	0.279	0.032	0	c30	AC005280.2
0	2.36139524748775	0.997	0.754	0	c30	SAT1
0	5.16344535461783	0.135	0.007	0	c30	ANGPTL4
0	2.82545321176401	1	0.976	0	c30	FTH1
4.39914136201425e-307	2.82513393854469	0.593	0.146	1.47538402999234e-302	c30	ATP13A3
2.25747268299208e-306	3.27100772591897	0.31	0.04	7.57111188421882e-302	c30	MARCO
2.57774965698778e-295	2.10956336182595	0.392	0.062	8.64525679960562e-291	c30	S100A12
1.18049306245028e-292	2.61537610030128	0.629	0.168	3.95913763284575e-288	c30	GK
4.01586643210874e-288	2.98698885099592	0.506	0.11	1.34684128400063e-283	c30	ITGAX
1.56781082201575e-287	2.14979968016264	0.865	0.387	5.25812393487642e-283	c30	ANXA5
4.20192220629546e-287	4.1204092536101	0.222	0.023	1.40924066954737e-282	c30	SLC7A11
1.79388783336407e-283	4.40618221305	0.154	0.011	6.01634101553641e-279	c30	ITGB8
2.15313906334897e-282	2.57438201807321	0.668	0.196	7.22119779065978e-278	c30	ATP2B1-AS1
2.64966002119628e-277	1.74333752935637	0.721	0.2	8.8864297790881e-273	c30	CD68
2.73405359732521e-277	4.39834079608563	0.188	0.017	9.1694689547093e-273	c30	SLAMF9
9.31217205498156e-276	3.23738065357341	0.409	0.074	3.12311626379971e-271	c30	THBS1
1.202364645011e-272	2.17620352473322	0.611	0.153	4.03249054643788e-268	c30	CD14
2.70201930991014e-272	4.20647265822517	0.238	0.027	9.06203236157662e-268	c30	FLT1
6.75662504561085e-267	2.53358121119057	0.541	0.131	2.26603690779697e-262	c30	ACSL1
3.09435029449649e-257	3.09224941028735	0.371	0.066	1.03778320176823e-252	c30	DENND5A
3.20031006917284e-257	3.09372740671074	0.415	0.083	1.07331999099919e-252	c30	ABL2
6.15486534158042e-257	1.55238225733181	1	0.941	2.06421873825924e-252	c30	FTL
6.21450377034841e-255	1.45644730267751	0.996	0.901	2.08422027449945e-250	c30	SRGN
3.93384678875498e-254	1.84661301553685	0.945	0.602	1.31933353601265e-249	c30	CD44
6.84684192802328e-253	3.05092540841865	0.313	0.048	2.29629384582045e-248	c30	LUCAT1
2.45335543273146e-249	4.26076732276776	0.194	0.02	8.22806345029478e-245	c30	F3
1.64004453776135e-245	1.40046066337139	0.844	0.32	5.50038137074401e-241	c30	CTSB
1.38161462712249e-243	5.51101536291015	0.055	0.002	4.6336591364434e-239	c30	SPINK1
7.55051658875204e-240	5.10778460382529	0.13	0.009	2.53229225353566e-235	c30	TNFSF15
2.44620763877405e-237	4.73837269880013	0.109	0.007	8.2040911789204e-233	c30	LINC02376
1.74490689042758e-235	3.52828605704825	0.206	0.023	5.852068729116e-231	c30	FCAR
4.63761401376322e-232	3.02506159598349	0.381	0.076	1.55536298793591e-227	c30	SPHK1
1.85497452331013e-230	2.21291275006032	0.541	0.14	6.22121355627751e-226	c30	FCGR2A
2.65184290383249e-229	2.97932418918069	0.356	0.067	8.89375073087339e-225	c30	TLR2
2.82996661981212e-228	2.61048246169503	0.451	0.104	9.49114204952588e-224	c30	ABCA1
7.83629731649913e-228	2.4353568904028	0.666	0.235	2.62813739400748e-223	c30	PPIF
1.88549973239723e-226	5.69074540351158	0.067	0.003	6.32358900251381e-222	c30	CEMIP
2.55801738605092e-226	3.48462794647007	0.269	0.04	8.57907870933757e-222	c30	GPR84
1.71129476503592e-221	1.70621103077763	0.959	0.646	5.73934038297746e-217	c30	S100A10
4.91279036057249e-217	3.09725080770646	0.244	0.034	1.6476516311288e-212	c30	AC245128.3
9.16919479350306e-217	3.63753736441704	0.191	0.022	3.07516454984506e-212	c30	LAMB3
3.44092938674218e-213	2.25065765632833	0.518	0.138	1.15401889772559e-208	c30	MS4A7
2.01637974568401e-212	3.457594057691	0.263	0.04	6.76253439107504e-208	c30	SLC16A10
2.24443468784224e-212	2.56718168547717	0.438	0.103	7.52738505608531e-208	c30	HBEGF
2.34128630719122e-210	2.82657659675584	0.41	0.094	7.85220601705792e-206	c30	SLC43A2
4.50674064051469e-209	3.31874404190557	0.265	0.042	1.51147067601582e-204	c30	SEMA6B
3.86684091666265e-208	2.97212388351721	0.356	0.073	1.29686110663032e-203	c30	CCRL2
2.22920172157781e-205	2.03820778806576	0.582	0.176	7.47629673382767e-201	c30	RAB31
2.30229658007269e-205	2.10800730831239	0.681	0.253	7.7214422702478e-201	c30	UPP1
3.97047772267093e-205	1.37605206335336	0.991	0.81	1.33161881862938e-200	c30	VIM
1.12735743869081e-199	3.22756611444783	0.339	0.069	3.78093137788124e-195	c30	BCAT1
2.42329136615388e-199	3.00594220789172	0.343	0.069	8.12723458380689e-195	c30	THBD
3.34798560923918e-198	1.45413301511519	0.961	0.638	1.12284741362664e-193	c30	S100A11
1.16361880584687e-188	1.73166458618702	0.742	0.3	3.90254475104925e-184	c30	GLUL
4.5495422877799e-188	2.68155629075202	0.36	0.079	1.52582549247562e-183	c30	IRAK3
5.08880489530396e-188	2.48546566811009	0.327	0.065	1.70668338578704e-183	c30	CLEC4E
1.14728028476944e-186	2.28704889183908	0.409	0.098	3.84774861905974e-182	c30	FPR1
1.24313508235846e-186	1.35599132783661	0.965	0.719	4.16922643921381e-182	c30	NFKBIA
1.53950677724302e-186	0.345581698472073	0.824	0.265	5.16319782951765e-182	c30	CST3
5.83397276398054e-184	1.54889111367248	0.93	0.548	1.95659778558379e-179	c30	LGALS1
3.78359493839908e-180	2.41840863183046	0.485	0.142	1.26894207044028e-175	c30	MARCKS
1.37285312712115e-177	2.47935908796537	0.806	0.462	4.60427481773891e-173	c30	CSTB
4.47629626301994e-176	1.97798053104526	0.384	0.088	1.50126024069163e-171	c30	FCN1
1.35397364395932e-174	1.20689371197558	0.695	0.228	4.54095680711077e-170	c30	AIF1
1.450543991617e-171	5.14180718804145	0.059	0.003	4.86483443908509e-167	c30	FAM124A
4.30202135969606e-170	4.35119733301421	0.088	0.006	1.44281192361486e-165	c30	SYN1
3.75368590046086e-169	2.83816862353556	0.233	0.038	1.25891117729656e-164	c30	FPR2
1.82423591165373e-163	2.47891471598876	0.47	0.146	6.11812240050427e-159	c30	FNDC3B
9.92053562599745e-162	1.96129049440052	0.657	0.271	3.32714923824702e-157	c30	CEBPB
1.8661497540685e-160	5.94742907993504	0.047	0.002	6.25869304519494e-156	c30	CSF3
1.69513376323081e-159	3.12101814699789	0.252	0.046	5.6851396151235e-155	c30	RETN
1.77539370312044e-159	2.8813158972305	0.275	0.055	5.95431540152533e-155	c30	IRAK2
1.77959543282115e-159	4.30514484351273	0.095	0.007	5.96840716259558e-155	c30	ZNF697
2.75257331816123e-159	6.59640121411664	0.03	0.001	9.23158039444914e-155	c30	PPBP
3.75304039382933e-157	2.20569834632235	0.618	0.256	1.25869468728248e-152	c30	BNIP3L
4.38096655386151e-156	2.94546777853212	0.208	0.033	1.46928856283407e-151	c30	DNAAF1
7.02513975201449e-156	2.47609041808983	0.339	0.081	2.35609137003062e-151	c30	DMXL2
3.63229498834299e-155	1.85397308485355	0.717	0.353	1.21819909319047e-150	c30	HIF1A
3.99764609461722e-152	3.77912529127946	0.126	0.013	1.34073054721272e-147	c30	MAMLD1
9.06870738711056e-151	2.76155839451862	0.322	0.076	3.04146308348914e-146	c30	B3GNT5
2.554674199681e-150	1.87550037816771	0.572	0.211	8.56786633089014e-146	c30	ICAM1
8.22417312203685e-150	1.85572098258842	0.622	0.265	2.75822318166872e-145	c30	GSTO1
1.26719841322414e-149	2.40194712478558	0.35	0.088	4.24993003827112e-145	c30	PILRA
2.16815924424077e-149	2.11161316700793	0.639	0.267	7.27157247333471e-145	c30	CCL4L2
2.42972339599463e-146	1.83211369662769	0.493	0.159	8.1488063254868e-142	c30	CXCL16
6.0085601459079e-146	2.47055053555469	0.359	0.094	2.01515090173459e-141	c30	RNF144B
1.92965158799385e-145	1.98233391460893	0.568	0.217	6.47166549581376e-141	c30	PLEK
4.01086583586291e-144	6.45181523696528	0.021	0	1.3451641840317e-139	c30	AL157371.2
2.94680658570746e-141	2.11291318558217	0.601	0.258	9.88299992714568e-137	c30	ATP2B1
4.27596501577169e-141	2.59323424701713	0.352	0.095	1.43407314698951e-136	c30	KYNU
4.89032156756078e-140	1.99625464321371	0.501	0.171	1.64011604732853e-135	c30	IFI30
5.49437847211793e-140	1.95830599820384	0.53	0.194	1.84270465197891e-135	c30	APLP2
1.03624662003999e-139	1.23749194625287	0.924	0.726	3.47536391429013e-135	c30	PNRC1
4.96157500614749e-139	5.76261322802107	0.064	0.004	1.66401302556174e-134	c30	MUCL1
8.42712498442995e-139	2.35938166838707	0.368	0.102	2.82628917727812e-134	c30	PTPN12
2.18202256870358e-138	1.93787759980893	0.612	0.261	7.31806729091805e-134	c30	STXBP2
3.96222616672022e-138	2.42363834880008	0.547	0.218	1.32885141179463e-133	c30	PLIN2
7.81169043380242e-138	1.46049112985226	0.766	0.409	2.61988473768865e-133	c30	SDCBP
1.33666796877534e-136	2.8407652539446	0.3	0.073	4.48291703367873e-132	c30	FNIP2
2.8173297639059e-136	1.79746207780882	0.423	0.129	9.44876056218761e-132	c30	CSTA
6.2016684672883e-136	1.60295327622626	0.668	0.299	2.07991557055915e-131	c30	GRINA
1.14481178464329e-135	1.95126157953368	0.507	0.182	3.83946976333666e-131	c30	MXD1
2.70293599375232e-135	1.14540305182422	0.958	0.778	9.06510673584652e-131	c30	S100A6
2.40057068673923e-134	2.48582756901475	0.304	0.074	8.05103396918602e-130	c30	ADM
9.61998006456354e-134	2.05948170171163	0.339	0.089	3.22634891405332e-129	c30	FBP1
2.39447950484228e-133	1.95919658109245	0.476	0.163	8.03060536334004e-129	c30	THAP2
2.7418291742856e-133	2.64226116856421	0.318	0.082	9.19554668471905e-129	c30	DRAM1
3.3279041970929e-133	5.68850968362775	0.041	0.002	1.11611250962102e-128	c30	MMP10
8.49935878041527e-133	1.87036830212813	0.436	0.136	2.85051494777567e-128	c30	MAFB
2.84640827042489e-131	2.17914968262395	0.431	0.141	9.54628405735098e-127	c30	DSE
1.37630300404786e-129	1.13982224958937	0.752	0.344	4.61584501497572e-125	c30	NPC2
1.74644301695979e-129	1.45176857540834	0.777	0.428	5.85722059027973e-125	c30	CD63
2.82678789004613e-127	2.18450416813458	0.41	0.129	9.48048122563671e-123	c30	DUSP6
6.33021050340645e-124	2.88837558984516	0.225	0.046	2.12302599863246e-119	c30	HPSE
2.10173658359934e-121	1.74473051165778	0.591	0.259	7.04880415407545e-117	c30	SERPINB9
6.8527304636031e-121	1.56989827407793	0.601	0.264	2.29826874288321e-116	c30	ASAH1
1.46444788551852e-119	1.5621153344921	0.711	0.363	4.91146531845202e-115	c30	LGALS3
4.37005661097467e-119	2.40117918575162	0.318	0.087	1.46562958618868e-114	c30	RNF19B
8.06549990938833e-118	1.34510368591265	0.576	0.222	2.70500735961066e-113	c30	SPI1
2.45854083286755e-117	1.95608361648158	0.474	0.178	8.24545424527118e-113	c30	EHD1
3.71328479714582e-115	2.67386064021635	0.244	0.056	1.24536145526677e-110	c30	CKAP4
4.67841794688872e-115	5.5985490797414	0.075	0.006	1.56904781102754e-110	c30	MMP1
2.59425747788613e-113	2.84287780189512	0.259	0.064	8.70062072933449e-109	c30	EPB41L3
2.91617167001058e-112	1.13332860266622	0.908	0.637	9.78025654688149e-108	c30	NEAT1
3.74779201150559e-112	3.91828163222911	0.101	0.012	1.25693448481874e-107	c30	ACKR3
1.17226786120777e-111	2.70577778734546	0.288	0.077	3.93155195291862e-107	c30	RAB13
3.85910514768379e-111	1.3240309070564	0.501	0.184	1.29426668443019e-106	c30	KLF4
5.09664002152196e-110	3.32888956411494	0.156	0.026	1.70931113041804e-105	c30	NRIP3
2.50115126021573e-108	3.69649923248976	0.196	0.039	8.38836109651151e-104	c30	CCL2
3.65828362915353e-108	2.39768032209791	0.275	0.072	1.22691516354551e-103	c30	ITGA5
9.17957786519672e-106	1.88922628096053	0.569	0.26	3.07864682442968e-101	c30	AREG
2.84208294450086e-105	2.04412838530717	0.394	0.137	9.53177777926697e-101	c30	RIPK2
3.53266903252545e-105	3.6164622023308	0.106	0.013	1.18478654012839e-100	c30	AK4
5.1998273512443e-105	2.37469040962765	0.306	0.089	1.74391809706031e-100	c30	ACTN1
1.52364297937789e-104	1.4314758328039	0.643	0.315	5.10999382423758e-100	c30	ZEB2
2.81517647906231e-101	1.54550049573978	0.536	0.231	9.44153887547917e-97	c30	ELL2
3.02873242892087e-101	1.94961373971074	0.466	0.192	1.01577628201148e-96	c30	IFNGR2
1.09148298084274e-100	2.23658366799707	0.201	0.043	3.66061562115038e-96	c30	IL1R1
2.10625363467226e-100	2.85959851721764	0.212	0.048	7.06395343996381e-96	c30	MAP3K20
3.90093133682556e-100	1.00611909568429	0.725	0.382	1.30829435174456e-95	c30	PSAP
9.99758462206316e-100	1.46438446001847	0.541	0.236	3.35298993054754e-95	c30	FOSL2
1.35384763802075e-99	0.863504744490989	0.957	0.857	4.54053420839401e-95	c30	H3F3A
4.48747615106409e-99	2.21708883157068	0.301	0.089	1.50500975154387e-94	c30	EAF1
9.35557907510243e-99	1.32607960670772	0.683	0.368	3.13767411020785e-94	c30	FLNA
3.64721003286928e-98	5.02626395894512	0.033	0.001	1.2232013008237e-93	c30	AL390760.1
6.11210744159179e-98	1.57333674806617	0.495	0.203	2.04987859376105e-93	c30	PTPRE
8.9095194234147e-97	4.32331076866722	0.079	0.008	2.98807462422482e-92	c30	CCL7
6.84822092433923e-96	1.2095325482947	0.728	0.392	2.29675633360489e-91	c30	TYMP
9.27174435497871e-95	3.26997525655235	0.081	0.009	3.10955762177276e-90	c30	ADGRE3
7.65977646093512e-94	2.56583048206271	0.214	0.051	2.56893582946842e-89	c30	EMP1
1.4041827212663e-93	0.608586836007007	0.996	0.978	4.70934801058291e-89	c30	TPT1
1.84232289074886e-93	1.49888556752223	0.728	0.462	6.17878251099354e-89	c30	SLC2A3
3.11464781499787e-93	0.863840460356476	0.959	0.862	1.04459058419399e-88	c30	MT-ND4
1.32617830001563e-92	2.09605195529432	0.272	0.077	4.44773678259243e-88	c30	LILRA5
5.48738493458108e-92	2.1990462018631	0.335	0.113	1.8403591593598e-87	c30	ERO1A
8.40998463595336e-92	3.40476408585969	0.139	0.025	2.82054064720604e-87	c30	HIF1A-AS2
8.80825114742962e-92	2.27871255087086	0.279	0.082	2.95411126982495e-87	c30	ZFYVE16
1.3560422143217e-91	3.91787450312719	0.078	0.008	4.54789437839211e-87	c30	TFPI
3.64998565520001e-91	2.50750313622321	0.135	0.023	1.22413218904098e-86	c30	FOLR3
5.909935626918e-91	2.24570104650282	0.311	0.1	1.98207421055576e-86	c30	SLC7A7
5.93042988514776e-91	1.96759727589998	0.326	0.106	1.98894757488085e-86	c30	SMIM3
6.46277521675552e-91	1.56188512945423	0.566	0.278	2.16748555219547e-86	c30	RILPL2
8.3535157592176e-91	1.54783493281605	0.556	0.27	2.8016021153264e-86	c30	LIMS1
1.66283607536679e-90	0.856750201995006	0.915	0.709	5.57681962956516e-86	c30	GABARAP
5.1291201782274e-90	0.924542180064653	0.884	0.644	1.7202043253739e-85	c30	MCL1
7.70684793147267e-90	1.64391252497164	0.42	0.162	2.5847226592573e-85	c30	CLEC7A
6.05616477413388e-89	2.42172927524267	0.226	0.058	2.03111654194902e-84	c30	PAPSS2
9.52442241935197e-89	5.05930566095935	0.047	0.003	3.19430079100226e-84	c30	AC026310.2
2.72377218016384e-88	2.08465088456515	0.248	0.068	9.13498713783347e-84	c30	GPNMB
1.89444730361787e-87	0.675625722942699	0.749	0.382	6.35359736687361e-83	c30	CD83
3.1935998291354e-87	3.83534065425306	0.087	0.011	1.07106951069543e-82	c30	AC025580.2
4.27862976115506e-87	1.35614461097759	0.532	0.237	1.43496684929618e-82	c30	SGK1
4.40670635311778e-87	2.88444164121711	0.179	0.04	1.47792117670864e-82	c30	HK2
5.99170823638843e-87	1.88146823265957	0.347	0.121	2.00949910831995e-82	c30	HCK
6.81985394723222e-87	1.25816695849105	0.761	0.467	2.28724261682274e-82	c30	CCL4
1.02400220085776e-86	1.83353379616638	0.367	0.133	3.43429858123676e-82	c30	FGR
5.48412145843314e-86	2.32003813177573	0.183	0.041	1.83926465472931e-81	c30	HCAR2
1.81842125446803e-85	1.99419808147761	0.385	0.148	6.09862120323488e-81	c30	JARID2
2.19791694692202e-84	0.799879163235312	0.975	0.917	7.37137385658706e-80	c30	GAPDH
6.9273014476693e-83	2.85649609008057	0.141	0.027	2.32327835951933e-78	c30	PLD1
7.09570274934155e-82	1.53343066314727	0.54	0.269	2.37975678807417e-77	c30	NFKB1
7.51240777513223e-82	2.41300296666546	0.247	0.073	2.51951131962385e-77	c30	ASPH
5.18491711147395e-81	1.98888429044364	0.322	0.112	1.73891750084613e-76	c30	NCF2
1.22646900468326e-80	2.63791821808733	0.221	0.06	4.11333174790673e-76	c30	KMO
3.57749745094555e-80	3.46688487545639	0.12	0.021	1.19982109509812e-75	c30	CDCP1
5.8039817483983e-80	1.85680485210325	0.356	0.131	1.94653939877782e-75	c30	PHLDA2
4.19735765250252e-79	1.34266647342608	0.616	0.339	1.4077098094963e-74	c30	CTSS
2.69769785296375e-78	2.05515496443879	0.309	0.107	9.04753905926983e-74	c30	GNS
7.66651297761222e-78	3.91765919830126	0.062	0.006	2.57119512243159e-73	c30	AC034199.1
2.4342548346553e-77	1.68100705816217	0.424	0.179	8.16400386446696e-73	c30	RBKS
5.67222177429485e-77	1.94166996581231	0.26	0.08	1.90234973866301e-72	c30	CD163
6.3623601230391e-76	0.31024759536944	0.919	0.528	2.13380833806485e-71	c30	HLA-DRA
7.40923046282846e-76	1.8432673636264	0.381	0.158	2.48490771262341e-71	c30	CYSTM1
8.56754543088955e-76	1.17292136496848	0.286	0.094	2.87338338661174e-71	c30	CFD
3.08367888597314e-75	0.988169214318837	0.66	0.362	1.03420422477767e-70	c30	ANXA2
3.66797702934843e-75	2.07141167592184	0.267	0.086	1.23016613610288e-70	c30	RAB20
6.08496721674201e-75	1.76687444656443	0.286	0.095	2.04077630515094e-70	c30	LILRB2
1.18826089339353e-74	3.89078795862083	0.064	0.007	3.98518938426322e-70	c30	MYO10
1.34646157622434e-74	1.32892665544151	0.251	0.075	4.51576283434118e-70	c30	MMP9
1.68364265339872e-74	2.18280715543037	0.271	0.088	5.64660073096864e-70	c30	AC016831.1
2.04817223575522e-74	1.8517878436632	0.325	0.119	6.86916004427586e-70	c30	NDRG1
4.07154993262562e-74	1.30230004157854	0.628	0.363	1.36551641640398e-69	c30	SERPINB1
4.92758821939417e-73	3.87917656443489	0.051	0.005	1.65261453702042e-68	c30	TMEM158
1.02591658496921e-72	1.09609921161668	0.716	0.456	3.44071904266974e-68	c30	ATP6V1F
1.08582242073114e-72	3.32562270893883	0.08	0.011	3.6416312346481e-68	c30	ABHD17C
1.16482343349811e-72	2.36222099601494	0.168	0.04	3.90658483126594e-68	c30	CDA
1.72746168769737e-72	1.62890356456229	0.279	0.092	5.79356100819945e-68	c30	CSF3R
2.3431431920325e-72	0.810874952241577	0.89	0.688	7.85843363743861e-68	c30	PPP1R15A
5.51932075370331e-72	1.76546159977776	0.355	0.141	1.85106979437702e-67	c30	SH3BP5
6.04794981626577e-71	1.75397458436495	0.348	0.138	2.02836140937921e-66	c30	PIK3AP1
1.34869748458879e-70	1.01022891807518	0.48	0.212	4.52326162381389e-66	c30	LST1
3.06394141850776e-70	2.12417604750233	0.272	0.094	1.02758467293913e-65	c30	RBM47
3.11015085924239e-70	1.97930478789869	0.309	0.115	1.04308239517271e-65	c30	QSOX1
3.72177264339758e-70	2.53666684421545	0.125	0.024	1.24820810914268e-65	c30	APOBEC3A
3.91751152641119e-70	2.93406678361315	0.083	0.012	1.31385501572779e-65	c30	LIPN
4.50803605392171e-70	0.611573045943131	0.957	0.866	1.51190513176426e-65	c30	OAZ1
1.99389666264092e-69	4.54945750705893	0.037	0.003	6.68713062716512e-65	c30	MET
2.29764839507669e-68	1.28247833428623	0.537	0.28	7.70585318740821e-64	c30	KDM6B
8.00901312241784e-68	1.62063652427507	0.42	0.196	2.6860628209965e-63	c30	ARL8B
3.68275921630857e-67	2.22788216906091	0.175	0.045	1.23512378596557e-62	c30	HCAR3
5.10122685203613e-67	1.68844496518059	0.325	0.125	1.71084946163588e-62	c30	METRNL
1.08309361922e-66	6.07520931000994	0.013	0	3.63247938014003e-62	c30	AC024597.1
2.23215662967354e-66	2.53691796057819	0.145	0.033	7.48620690459912e-62	c30	IL3RA
7.458998076918e-66	2.03388634971725	0.313	0.122	2.50159877503676e-61	c30	ERGIC1
1.38136738515033e-65	1.4594516290064	0.442	0.211	4.63282993631716e-61	c30	CTNNB1
4.82334874853308e-65	1.20744789945911	0.607	0.338	1.61765470328302e-60	c30	PHLDA1
7.24435613961499e-65	1.47709792795336	0.503	0.268	2.42961216210407e-60	c30	MGAT1
2.17217274914932e-64	1.96574725915287	0.251	0.085	7.28503296609698e-60	c30	IL6R
4.94130415835676e-64	2.23563957340004	0.204	0.061	1.65721458862969e-59	c30	MMP14
1.2512173121614e-63	5.28027823672548	0.025	0.001	4.19633262152691e-59	c30	LINC01705
1.41959097609441e-63	3.04440487274449	0.106	0.02	4.76102421562544e-59	c30	NT5E
4.36621463579676e-63	1.61197236030136	0.382	0.169	1.46434106455352e-58	c30	BRI3
1.03135743780311e-62	2.1140020956609	0.233	0.076	3.45896657490407e-58	c30	PMP22
1.04433833213061e-62	2.7492349150136	0.091	0.015	3.50250189829964e-58	c30	CLEC4D
2.10909235005109e-62	2.20809239354986	0.235	0.078	7.07347392360136e-58	c30	IRAK1
5.15917288128395e-62	1.89016411257559	0.273	0.1	1.73028340092501e-57	c30	PDLIM7
7.6201044257639e-62	2.07547123755922	0.225	0.072	2.5556306223127e-57	c30	LILRB3
8.13191460965898e-62	1.81925537362855	0.309	0.121	2.72728152178743e-57	c30	LPCAT1
8.93282395722922e-62	0.91857370472525	0.745	0.505	2.99589049877554e-57	c30	SAMSN1
1.11411994621573e-61	1.28936158024223	0.423	0.191	3.73653547561832e-57	c30	RNF130
1.38677787661934e-61	1.56766758283932	0.361	0.155	4.65097564260593e-57	c30	GNA15
1.47073165926035e-61	1.07018345935639	0.769	0.585	4.93253983882737e-57	c30	ALDOA
1.50298533452941e-61	3.73896293836666	0.057	0.007	5.04071221494474e-57	c30	C6orf223
2.56040363043171e-61	1.82911912005745	0.269	0.097	8.58708169574188e-57	c30	TNFAIP2
2.7833662189792e-61	1.23729576610825	0.486	0.243	9.33485362521244e-57	c30	CTSD
3.14957592001454e-61	1.57980773515191	0.411	0.194	1.05630477205448e-56	c30	PNP
1.95054962356911e-60	2.70706785928973	0.129	0.029	6.54175332752608e-56	c30	RIN2
3.98215407647908e-60	1.98110696325146	0.263	0.094	1.33553483416955e-55	c30	TNIP3
5.21759666828699e-60	1.62576129044943	0.377	0.172	1.74987757061009e-55	c30	ATP6V1B2
7.51578918913426e-60	1.63518469648571	0.382	0.175	2.52064537825185e-55	c30	BID
1.34481643030585e-59	2.12853791676155	0.218	0.071	4.51024534395976e-55	c30	MCTP1
1.84690651132463e-59	1.22511384616044	0.652	0.428	6.19415505768054e-55	c30	TPM4
2.70151884438596e-59	1.88361578966526	0.222	0.072	9.06035390030164e-55	c30	OSM
2.85599787677696e-59	0.978781935430384	0.75	0.539	9.57844567913457e-55	c30	GPX4
8.50001118133934e-59	2.94950191385427	0.079	0.013	2.85073374999759e-54	c30	LINC00884
1.05857873432078e-58	1.25706251734989	0.586	0.356	3.55026135916504e-54	c30	TNFRSF1B
1.38703150731457e-58	1.85495877667938	0.279	0.105	4.65182626923162e-54	c30	MAP4K4
1.72824501520809e-58	1.16221053543972	0.593	0.354	5.7961881320049e-54	c30	IVNS1ABP
2.62351286684638e-58	1.37230012059358	0.457	0.232	8.79873745282939e-54	c30	GPCPD1
3.30436056455128e-58	0.968827747211146	0.673	0.416	1.10821644613921e-53	c30	NFKBIZ
9.23522369044419e-58	2.15422244778972	0.206	0.066	3.09730932130117e-53	c30	SLC15A3
9.40638275217132e-58	1.93178756497094	0.242	0.085	3.15471264742322e-53	c30	MPP1
1.23153018610614e-57	1.50326599929678	0.405	0.191	4.13030593816278e-53	c30	SLC16A3
1.36582880512297e-57	4.49898552739231	0.029	0.002	4.5807166466214e-53	c30	LINC02154
2.54129449045403e-57	3.70434438917611	0.042	0.004	8.52299346208472e-53	c30	DNAH17
2.89169203184794e-57	3.69886848614579	0.067	0.01	9.69815673641161e-53	c30	EDN1
2.13933258084444e-56	2.03429253775706	0.25	0.092	7.17489360963607e-52	c30	ZNF385A
2.23039469749376e-56	1.2298111050053	0.841	0.804	7.48029773645457e-52	c30	MIF
2.53672275312929e-56	1.6792001225732	0.265	0.098	8.50766076944503e-52	c30	LILRB4
8.27683672441442e-56	3.90766010221993	0.053	0.006	2.77588550063411e-51	c30	SOWAHC
9.12574830834299e-56	1.06979539091357	0.417	0.191	3.06059346765207e-51	c30	FCGRT
1.6215174278609e-55	2.57489744706209	0.156	0.043	5.4382451495599e-51	c30	FAM129B
2.34632492019956e-55	1.24731440890523	0.453	0.231	7.86910451736529e-51	c30	STX11
5.13829857447344e-55	1.90960940202009	0.218	0.074	1.7232825759069e-50	c30	LRP1
7.81729516327749e-55	1.65956348961188	0.296	0.12	2.62176445186e-50	c30	TOM1
9.01527735714186e-55	2.08392534405193	0.196	0.061	3.02354372003824e-50	c30	CRADD
1.0651574946987e-54	3.00686802214889	0.105	0.022	3.57232520572051e-50	c30	SMOX
1.30075320933193e-54	1.53154270916133	0.315	0.131	4.36246611345743e-50	c30	SIPA1L1
4.70038002857089e-54	3.29480402915048	0.066	0.01	1.57641345398211e-49	c30	AL354892.2
6.34825704047341e-54	1.97931788755527	0.256	0.097	2.12907844623397e-49	c30	OTUD1
7.2119976684241e-54	1.57693879714771	0.281	0.11	2.41875977803607e-49	c30	MIR22HG
8.66716674819347e-54	1.07965652637806	0.518	0.282	2.90679438400913e-49	c30	SOCS3
1.26385468855876e-53	0.760681896650338	0.803	0.586	4.23871585448837e-49	c30	GNG5
2.4836058396119e-53	0.928148762031513	0.733	0.51	8.32951726489039e-49	c30	LITAF
4.27924730739715e-53	3.945930845624	0.033	0.003	1.43517396195486e-48	c30	OLIG1
4.90443455160597e-53	1.71325758241004	0.269	0.105	1.64484925991761e-48	c30	PDE4A
7.47275214408239e-53	2.62428927725279	0.141	0.037	2.50621161408235e-48	c30	DOCK4
1.5726871661442e-52	0.681374647686548	0.929	0.82	5.27447821781443e-48	c30	MT-ND2
1.686271173811e-52	4.19891739641769	0.032	0.003	5.65541626272732e-48	c30	S1PR3
2.85964798980089e-52	0.772279856625878	0.723	0.472	9.59068742819424e-48	c30	PKM
4.0111974642106e-52	1.88331354167869	0.24	0.089	1.34527540554695e-47	c30	EMILIN2
5.45363087590062e-52	0.748154469448046	0.71	0.464	1.82903872315955e-47	c30	RGCC
9.36898980558038e-52	2.18624611873813	0.163	0.047	3.14217180099555e-47	c30	IL1RAP
1.04874439326783e-51	2.10764994228227	0.256	0.1	3.51727894614166e-47	c30	SLC39A8
1.38511148305601e-51	1.71114484310761	0.29	0.119	4.64538689187326e-47	c30	TGFBI
1.65850915625486e-51	3.89810423894949	0.05	0.006	5.56230800824756e-47	c30	AC002456.1
1.70036609206453e-51	3.24350588683538	0.13	0.033	5.70268779956603e-47	c30	TGM2
3.70471558184245e-51	2.01744793814201	0.201	0.067	1.24248751183832e-46	c30	SDC4
1.32671013110563e-50	2.84791588800182	0.076	0.013	4.44952043770206e-46	c30	NEU4
6.42369617076742e-50	1.35665791755524	0.423	0.219	2.15437922175198e-45	c30	PFKFB3
8.03645768189017e-50	0.902965764035569	0.522	0.288	2.69526717735232e-45	c30	PLSCR1
1.18896861815218e-49	0.869989774854879	0.695	0.471	3.98756295155879e-45	c30	ATP6V0B
1.29444406304337e-49	1.24742937529191	0.595	0.395	4.34130649863484e-45	c30	MAP3K8
1.65744756344037e-49	2.26828303697333	0.159	0.047	5.55874763826633e-45	c30	KIFC3
1.72364273900317e-49	1.9403531106481	0.213	0.075	5.78075301806882e-45	c30	ADGRE2
1.87503075175788e-49	1.61116840089515	0.304	0.132	6.28847813524557e-45	c30	CD86
3.91395541551062e-49	2.86687661292631	0.099	0.021	1.31266236725395e-44	c30	SGMS2
7.0972713161335e-49	1.63669374364163	0.3	0.13	2.38028285400485e-44	c30	NUMB
1.22889754610492e-48	2.59882066727402	0.133	0.035	4.12147659012668e-44	c30	MFSD2A
1.33079940302018e-48	0.927658272460698	0.629	0.397	4.46323503784907e-44	c30	CDKN1A
2.45054669309673e-48	2.85326892222964	0.058	0.008	8.2186434993078e-44	c30	KCNJ15
4.7706554128594e-48	2.82145978274903	0.116	0.028	1.59998241236478e-43	c30	TCF7L2
4.88777664611317e-48	3.24993380382776	0.079	0.015	1.63926253157344e-43	c30	CFAP58-DT
5.04242260412648e-48	2.10668517611623	0.171	0.054	1.69112769297194e-43	c30	FGD4
6.90624487733982e-48	1.86594960835537	0.244	0.096	2.31621640696223e-43	c30	ASAP1
1.02205416053351e-47	4.84637209172591	0.016	0.001	3.42776524359728e-43	c30	OLIG2
2.25836078908061e-47	1.89074650689002	0.222	0.083	7.57409041441854e-43	c30	P2RX4
2.50092879597431e-47	1.3723224329667	0.382	0.192	8.38761499593866e-43	c30	BACH1
3.38545619748262e-47	2.1951496402045	0.142	0.04	1.13541429951172e-42	c30	CYP1B1
8.06583605600023e-47	3.31413271987654	0.055	0.008	2.70512009646136e-42	c30	CCL23
2.7517946106225e-46	3.83491842360133	0.055	0.008	9.22896876510573e-42	c30	ZP3
4.92796371439865e-46	1.47819737616429	0.306	0.135	1.65274047053502e-41	c30	IRS2
9.65930408103715e-46	3.34338963114834	0.068	0.012	3.23953740269824e-41	c30	TNS1
2.44199064609293e-45	2.63311837469194	0.08	0.016	8.18994822886648e-41	c30	DGAT2
4.26551105017592e-45	2.00068663295819	0.219	0.084	1.430567096008e-40	c30	SLC44A1
6.57307825143456e-45	2.90626486701249	0.07	0.012	2.20447898396612e-40	c30	AP003354.2
9.98062052504697e-45	1.20895266996323	0.313	0.14	3.34730051169025e-40	c30	PHACTR1
2.14958359038403e-44	1.45569403554406	0.189	0.065	7.20927344542997e-40	c30	PLA2G7
2.30033365955128e-44	2.57787830830961	0.122	0.032	7.71485902740308e-40	c30	ERRFI1
2.56045781250367e-44	4.66463009348212	0.016	0.001	8.58726341157481e-40	c30	AC010980.2
4.39403869914569e-44	0.696704575297323	0.491	0.262	1.47367269891948e-39	c30	GRN
7.22017201742672e-44	3.25255382626692	0.078	0.015	2.42150129120457e-39	c30	MELTF
8.00541039149323e-44	2.49097276121863	0.131	0.037	2.684854537099e-39	c30	LILRA2
1.17750860087114e-43	4.25414110008336	0.041	0.005	3.94912834560164e-39	c30	CA12
2.37576319955313e-43	2.37234121038727	0.135	0.039	7.9678346186613e-39	c30	AMPD3
2.57244873584895e-43	1.89427489967172	0.143	0.043	8.62747857029021e-39	c30	MGST1
4.48557547519538e-43	1.15878915553508	0.535	0.346	1.50437230287103e-38	c30	WTAP
6.23975084666591e-43	2.17236407663762	0.139	0.041	2.09268763895481e-38	c30	OSCAR
7.15971807984969e-43	1.27648422033341	0.439	0.25	2.40122624961999e-38	c30	TNIP1
8.69853970417477e-43	1.90976276053609	0.196	0.071	2.91731624598613e-38	c30	MRC1
1.65271858683554e-42	0.388451444757695	0.988	0.932	5.54288759652902e-38	c30	SERF2
3.39562089390434e-42	0.804165380321965	0.319	0.139	1.13882333539764e-37	c30	TMEM176B
5.01949227267613e-42	2.00959976501227	0.233	0.096	1.68343731841012e-37	c30	OGFRL1
7.75044914435341e-42	2.04477112991901	0.154	0.049	2.59934563403325e-37	c30	BEST1
1.00369608389145e-41	1.44045741246528	0.298	0.137	3.36619592615513e-37	c30	CREG1
1.39384924035629e-41	2.69910113487359	0.085	0.019	4.67469158230691e-37	c30	PLCXD1
2.04702564431802e-41	2.92912013815556	0.078	0.016	6.86531460591376e-37	c30	PPARG
2.22860432984558e-41	3.17459781304415	0.045	0.006	7.47429320143611e-37	c30	AC123595.2
3.4260759934685e-41	1.63417765943975	0.191	0.068	1.14903736668947e-36	c30	CFP
1.15536883211759e-40	1.81199515353482	0.217	0.086	3.87487598915598e-36	c30	SIRPA
1.44338853033465e-40	1.28006804459292	0.377	0.201	4.84083645303636e-36	c30	CHMP4B
2.66233767727284e-40	1.254649341042	0.348	0.176	8.92894810203766e-36	c30	MYO9B
5.61280652573729e-40	1.16836477509572	0.42	0.238	1.88242305260177e-35	c30	FLOT1
1.29046152137425e-39	1.99969304580187	0.164	0.056	4.32794985038495e-35	c30	DOT1L
1.39847860531196e-39	0.953384741676456	0.674	0.519	4.69021754649524e-35	c30	C4orf3
2.0391107348876e-39	1.19594977266487	0.427	0.246	6.83876958266602e-35	c30	MAP2K3
2.88034100776304e-39	0.670741595603243	0.732	0.52	9.66008767183569e-35	c30	RAC1
4.5471461945961e-39	2.48333721520912	0.093	0.022	1.52502189074364e-34	c30	PTX3
6.10997419625192e-39	0.943879750716364	0.511	0.314	2.04916314593897e-34	c30	PIM3
6.52842953885776e-39	1.26429869977628	0.353	0.183	2.18950469874211e-34	c30	RUNX1
7.05627248817692e-39	1.072895552839	0.419	0.231	2.36653266708478e-34	c30	NR4A3
7.23910291993643e-39	1.32049313087393	0.296	0.14	2.42785033728828e-34	c30	GCH1
7.90478788690358e-39	3.46349848766171	0.049	0.007	2.65110776150972e-34	c30	GJB2
8.61513019581538e-39	0.952514856211255	0.292	0.129	2.88934236507256e-34	c30	TMEM176A
9.40686938903264e-39	1.49533206348502	0.318	0.159	3.15487585569377e-34	c30	MAP2K1
1.03281286368791e-38	1.32356250969011	0.279	0.126	3.46384778223652e-34	c30	DDX60L
1.10357303545298e-38	1.46954304878739	0.28	0.13	3.7011632463022e-34	c30	ACSL4
1.27338253093731e-38	1.2710125509631	0.361	0.191	4.27067033225754e-34	c30	PLEKHB2
1.32446551465069e-38	1.87694330737584	0.176	0.064	4.44199244303549e-34	c30	RHOQ
1.49592976767732e-38	1.26100008129629	0.39	0.215	5.01704925483619e-34	c30	PNPLA8
1.8200254614812e-38	1.6125865557347	0.252	0.111	6.10400139271565e-34	c30	FNDC3A
2.52611238459028e-38	1.64972418930868	0.188	0.07	8.47207571543889e-34	c30	B4GALT5
3.19610778579877e-38	1.93625187921851	0.148	0.049	1.07191062920119e-33	c30	TLR4
1.31764703733565e-37	3.11381086562462	0.049	0.008	4.41912463381631e-33	c30	KBTBD11
1.54884313342864e-37	1.60651560039665	0.223	0.093	5.19451010089296e-33	c30	NOTCH2
1.65925133967687e-37	4.80111012051523	0.021	0.002	5.5647971430083e-33	c30	BMP6
1.81513545445618e-37	0.832405027680003	0.604	0.398	6.08760128715513e-33	c30	LCP2
2.75267740933929e-37	1.49373695657165	0.272	0.127	9.23192949544211e-33	c30	PDE4DIP
4.47245911310542e-37	1.33269962923988	0.298	0.144	1.4999733373533e-32	c30	DUSP5
7.27624325016551e-37	2.32610493376806	0.099	0.026	2.44030646124051e-32	c30	PRDM8
9.66308737801939e-37	2.34777540101875	0.13	0.041	3.24080624484014e-32	c30	IL10RB-DT
1.11109618533433e-36	1.97225306820268	0.143	0.047	3.72639438637427e-32	c30	AC007032.1
2.25557848467816e-36	0.76625891547829	0.619	0.423	7.56475912191362e-32	c30	CFLAR
3.12835836215853e-36	2.00118541550407	0.13	0.041	1.04918882750073e-31	c30	AL445524.1
5.15929742299739e-36	1.72392964839772	0.204	0.082	1.73032516972486e-31	c30	C9orf72
5.25736991788414e-36	0.967733209807929	0.507	0.323	1.76321672305998e-31	c30	ATP1B3
7.93807153857766e-36	1.4768760893321	0.281	0.136	2.66227043260818e-31	c30	STX4
1.33706634598499e-35	2.0442329336355	0.116	0.034	4.48425311116446e-31	c30	DCUN1D3
3.17968503729689e-35	1.29057430308547	0.381	0.218	1.06640276780863e-30	c30	SMS
3.80442783880672e-35	1.58137181579516	0.248	0.114	1.275929008579e-30	c30	ZMIZ1
5.17574821244803e-35	1.22582151512244	0.225	0.094	1.73584243549082e-30	c30	PTGER2
1.03360338752938e-34	2.63609328487914	0.076	0.017	3.46649904109605e-30	c30	MTMR11
1.23263179789395e-34	3.3701948360114	0.045	0.007	4.13400052377673e-30	c30	ZMIZ1-AS1
1.37302970820442e-34	0.721578666381957	0.74	0.566	4.604867035376e-30	c30	EMP3
2.18528687668616e-34	0.765298291044535	0.551	0.355	7.32901512703003e-30	c30	PDE4B
1.95569876392315e-33	2.46649028637093	0.147	0.053	6.55902251444545e-29	c30	GPAT3
2.22601930551086e-33	1.60496925219214	0.244	0.114	7.46562354682231e-29	c30	PDXK
2.97866813409045e-33	1.83860636149203	0.189	0.077	9.98985718811256e-29	c30	ITGAV
3.74718750259853e-33	2.20662930666935	0.127	0.042	1.2567317446215e-28	c30	CCDC71L
4.87082281412698e-33	1.34314083113835	0.288	0.145	1.63357655540191e-28	c30	QKI
5.27023587903933e-33	1.21940316025285	0.243	0.109	1.76753170911221e-28	c30	IGSF6
5.68236060703662e-33	0.867393755827778	0.607	0.444	1.90575010038794e-28	c30	NOP10
6.17893563886977e-33	1.65949116947365	0.158	0.058	2.07229143456414e-28	c30	SNAI1
8.64167457924503e-33	2.73477879427192	0.075	0.018	2.8982448203872e-28	c30	SEPT10
9.13267230326761e-33	2.1380285125229	0.134	0.046	3.06291563706989e-28	c30	CD300C
9.87712538753259e-33	2.5595565561156	0.059	0.012	3.31259031247068e-28	c30	DLGAP1-AS2
1.48452074741161e-32	1.14769765337036	0.389	0.229	4.97878568266907e-28	c30	UBE2D1
2.51261230684222e-32	0.954149878886028	0.544	0.362	8.42679915468743e-28	c30	CD55
2.79467845738866e-32	1.83745205027589	0.156	0.058	9.37279261039009e-28	c30	RABGEF1
3.59701726833253e-32	1.14617023955674	0.411	0.251	1.20636765145336e-27	c30	EIF4E
3.63754481120388e-32	2.13375869716942	0.137	0.048	1.21995977878156e-27	c30	AGAP3
4.50140545929055e-32	1.51079128889976	0.151	0.054	1.50968136293686e-27	c30	GK5
5.03741932731962e-32	0.750117969931033	0.717	0.582	1.68944969399645e-27	c30	SEC61G
9.60083097152594e-32	1.84793624998492	0.166	0.063	3.21992669123037e-27	c30	TNFSF14
1.06460272470384e-31	1.41912315296902	0.239	0.111	3.57046461811175e-27	c30	MAPK6
1.07061197757581e-31	1.46455629306839	0.222	0.099	3.59061845039375e-27	c30	RYBP
1.44175389198562e-31	1.53777951570876	0.239	0.112	4.83535420294136e-27	c30	TET2
2.90804722533211e-31	3.34148879900282	0.028	0.003	9.75300878431883e-27	c30	TDRD9
5.4743349812954e-31	2.89028960616381	0.037	0.005	1.83598246602685e-26	c30	MGAM
9.12663894332721e-31	1.63298119347642	0.231	0.108	3.06089216881308e-26	c30	FCGR2B
9.75826514957559e-31	1.69894096927927	0.21	0.094	3.27272696586466e-26	c30	FOXO3
1.10393782129919e-30	0.696344958114465	0.661	0.487	3.70238666507324e-26	c30	ENO1
1.23381181331881e-30	0.715162620508701	0.507	0.317	4.13795805950863e-26	c30	IFITM3
1.23970656331567e-30	4.21424981998162	0.011	0	4.1577278720481e-26	c30	NECAB2
1.30968911188025e-30	1.55612325059585	0.196	0.083	4.39243534342398e-26	c30	ITGAM
2.32556766396929e-30	1.54103840474512	0.134	0.047	7.79948883142021e-26	c30	IL10
3.20807188681878e-30	1.27068507438752	0.059	0.012	1.07592314940128e-25	c30	TM4SF1
3.27639045330949e-30	1.00860041183303	0.403	0.238	1.09883583023094e-25	c30	LYN
6.97658392242103e-30	0.439140557217997	0.477	0.289	2.33980671590157e-25	c30	EGR1
7.11742395324652e-30	1.90264708101818	0.162	0.064	2.38704164543982e-25	c30	PHC2
8.78969451420275e-30	1.72849480201143	0.185	0.079	2.94788774617332e-25	c30	NECTIN2
9.20768963837982e-30	1.39432458882799	0.313	0.171	3.08807495091982e-25	c30	YBX3
9.85217659715434e-30	0.983632544394056	0.432	0.271	3.30422298715362e-25	c30	TMEM167A
1.16604465541008e-29	2.19657347046718	0.126	0.044	3.91068056531432e-25	c30	MOB3B
1.27556007605126e-29	1.6649034851789	0.184	0.079	4.27797338306073e-25	c30	HNMT
1.39902990159177e-29	1.00518306545306	0.365	0.209	4.69206648395847e-25	c30	TPP1
1.43232661474545e-29	2.79342018805214	0.037	0.006	4.80373700053328e-25	c30	KREMEN1
1.53001751424153e-29	0.672189919773995	0.771	0.649	5.13137273926326e-25	c30	TPI1
1.53392693651687e-29	1.47289853985799	0.221	0.102	5.14448415969029e-25	c30	ADAM17
1.61677862445913e-29	0.531872589483141	0.942	0.877	5.42235215071105e-25	c30	MT-ND1
1.72566381116078e-29	0.634339490980054	0.719	0.566	5.78753128987104e-25	c30	POMP
2.08495674181354e-29	1.33185713150007	0.254	0.125	6.99252792069424e-25	c30	FAM49A
2.31996229137559e-29	1.66069331541014	0.158	0.062	7.78068953281544e-25	c30	PPARD
2.65793117168478e-29	3.27530757241734	0.03	0.004	8.91416956359641e-25	c30	AL031316.1
2.77986259886697e-29	0.865625615186643	0.534	0.366	9.32310318408004e-25	c30	AP2S1
3.25056435162859e-29	1.18660913857421	0.279	0.142	1.0901742722492e-24	c30	TRAF1
3.94822960798335e-29	2.24044472775522	0.091	0.026	1.32415724592546e-24	c30	LILRA6
4.33906670323286e-29	5.01052685553223	0.011	0.001	1.45523619093024e-24	c30	AC022816.1
5.77793772602982e-29	2.23576322409506	0.097	0.029	1.93780475455588e-24	c30	CYB5D1
7.62864583333748e-29	0.888325688944806	0.501	0.333	2.55849523958472e-24	c30	RTN4
1.02772362884062e-28	1.2543668595402	0.334	0.191	3.44677950640566e-24	c30	RNF13
1.10970581840544e-28	0.375903418947603	0.975	0.924	3.72173137376817e-24	c30	SH3BGRL3
1.36205251641453e-28	4.47302657571656	0.011	0.001	4.56805172955107e-24	c30	IL36G
1.5245254865062e-28	2.34896549330528	0.104	0.033	5.11295357664448e-24	c30	SRC
2.29195659650473e-28	2.13899480919789	0.12	0.041	7.68676403335757e-24	c30	NRP1
3.05484288766203e-28	1.30420190805983	0.267	0.139	1.02453320766409e-23	c30	ARFGAP3
3.32681899947048e-28	1.19524896269169	0.298	0.162	1.11574855604241e-23	c30	LY96
3.72532850266523e-28	0.997434040681865	0.34	0.191	1.24940067322386e-23	c30	PPP1R15B
5.10174930881617e-28	2.07101399855743	0.088	0.025	1.71102468319077e-23	c30	NRG1
5.62338370760007e-28	1.42232211270007	0.234	0.113	1.88597042785491e-23	c30	ARL5B
5.83973027158531e-28	2.72864027592449	0.058	0.013	1.95852873848428e-23	c30	TM4SF19
6.03693769109749e-28	3.63138391998617	0.041	0.007	2.02466816284028e-23	c30	CLLU1OS
7.38042975866667e-28	1.35769365993038	0.25	0.125	2.47524853246163e-23	c30	OXSR1
8.39521149350949e-28	1.95032754748674	0.573	0.45	2.81558603069321e-23	c30	MT2A
1.09635155147007e-27	0.795275944143779	0.541	0.379	3.67694383332031e-23	c30	GRB2
1.2218416090122e-27	3.95220506493271	0.021	0.002	4.09781238830511e-23	c30	AC003092.1
1.32004177671348e-27	1.44664460067536	0.17	0.07	4.42715611074167e-23	c30	BCL6
1.33259646624492e-27	1.28558137738567	0.246	0.121	4.46926202849223e-23	c30	CSGALNACT2
1.42139661800408e-27	1.6744578871976	0.183	0.08	4.76707997746208e-23	c30	SLC36A4
2.22296000873861e-27	1.2769325614603	0.23	0.111	7.45536327730757e-23	c30	PIK3R5
2.29147879179562e-27	1.6651539801668	0.15	0.059	7.68516157192415e-23	c30	MTF1
3.29158884255081e-27	2.30298228370151	0.063	0.015	1.10393306601469e-22	c30	SPACA6
3.30498004607635e-27	1.55781853757173	0.223	0.108	1.10842420785309e-22	c30	ACSL3
7.01038835355381e-27	2.01390738908705	0.079	0.022	2.35114404601488e-22	c30	C17orf107
8.66972510858059e-27	1.99856151320471	0.112	0.038	2.90765240691576e-22	c30	LINC00877
1.84731059232924e-26	1.50763396474688	0.217	0.105	6.19551026455379e-22	c30	P4HA1
2.15317194442755e-26	2.8675341348329	0.039	0.007	7.22130806722112e-22	c30	GGT5
2.64109736221076e-26	4.12601762516271	0.012	0.001	8.85771233338245e-22	c30	LINC01537
2.73185214840312e-26	3.28322350565923	0.033	0.005	9.16208573531437e-22	c30	HEY1
2.97874204292908e-26	1.92875581163391	0.131	0.05	9.99010506357554e-22	c30	RXRA
3.97233005242271e-26	0.791836775968153	0.719	0.59	1.33224005298153e-21	c30	LDHA
5.59457901928712e-26	4.40381939147354	0.014	0.001	1.87630991148851e-21	c30	AC100849.1
7.59408721929813e-26	2.30601678928204	0.106	0.036	2.54690497160821e-21	c30	MITF
7.86073928100135e-26	2.66053486829165	0.117	0.042	2.63633474006223e-21	c30	CA2
8.71723894605012e-26	3.1884485943275	0.033	0.005	2.92358759772629e-21	c30	IL1RL2
1.09814685458648e-25	3.17990831370321	0.026	0.003	3.68296492091212e-21	c30	AC011611.4
1.40769633647516e-25	1.7788895549641	0.126	0.047	4.7211319732704e-21	c30	SAV1
2.51173016672372e-25	1.5475466873306	0.194	0.091	8.42384063315801e-21	c30	SLC31A2
2.52987139377411e-25	0.373238441795913	0.886	0.744	8.4846826804396e-21	c30	LAPTM5
2.98897848449779e-25	2.92855278358826	0.057	0.013	1.00244360413087e-20	c30	SEMA3C
5.27258904304372e-25	0.806313081089389	0.625	0.481	1.768320913256e-20	c30	TXN
1.35444992644788e-24	2.00254289069071	0.117	0.043	4.54255416332089e-20	c30	GAB2
1.44730745936438e-24	1.30043097560161	0.205	0.097	4.85397975721626e-20	c30	ACSL5
1.45953544931304e-24	0.289417761708316	0.657	0.455	4.89498998990606e-20	c30	ANXA1
1.85097714779386e-24	0.553694470454607	0.766	0.635	6.20780715827104e-20	c30	SERP1
1.98349801370474e-24	1.21062116004855	0.277	0.155	6.65225563836295e-20	c30	SPAG9
2.17387493396157e-24	0.936480806359131	0.38	0.233	7.2907417535203e-20	c30	GLIPR2
2.57613318889712e-24	2.70085021822952	0.068	0.019	8.63983548892315e-20	c30	AC096667.1
3.0440932443193e-24	0.486821023921524	0.769	0.622	1.02092799227981e-19	c30	RNASEK
3.50556396185084e-24	2.65144181507596	0.043	0.009	1.17569604152553e-19	c30	AC015819.2
4.73237833051639e-24	2.3066454298146	0.045	0.009	1.58714504448859e-19	c30	CRLF2
5.11697365309841e-24	1.9480958295996	0.127	0.05	1.71613062377614e-19	c30	SLC2A6
5.81877151069349e-24	1.40456691320693	0.127	0.049	1.95149958925638e-19	c30	MSC
6.02384692185162e-24	1.4152010993778	0.184	0.085	2.0202777806506e-19	c30	ZBTB43
6.41253495035938e-24	1.95874871944548	0.097	0.033	2.15063597165153e-19	c30	SVIL
7.00475702940062e-24	2.07689028370941	0.063	0.016	2.34925541252038e-19	c30	DYSF
7.90424097182487e-24	1.42365535331389	0.133	0.052	2.65092433713062e-19	c30	HS3ST3B1
9.88234080961811e-24	1.42599370547637	0.205	0.101	3.31433946072972e-19	c30	GNAQ
1.02824572599925e-23	0.366250095676371	0.941	0.896	3.44853051585629e-19	c30	MYL6
1.20016251907268e-23	1.15866183373185	0.293	0.165	4.02510505646595e-19	c30	CYBB
1.43215420215961e-23	2.04102001095582	0.08	0.024	4.80315876320289e-19	c30	LINC00937
1.5838619513164e-23	2.03774751974617	0.101	0.035	5.31195621232493e-19	c30	LATS2
1.77462761778031e-23	1.30885476823146	0.331	0.205	5.9517461045116e-19	c30	SNX10
1.78840509718023e-23	0.770810749798747	0.44	0.291	5.99795301492304e-19	c30	CHMP1B
1.9636296904153e-23	1.91227587785443	0.071	0.02	6.58562125571484e-19	c30	LINC01001
2.14665377976067e-23	4.04216405845254	0.016	0.001	7.19944744656132e-19	c30	PRR16
2.19286931091827e-23	2.22763159898552	0.084	0.027	7.35444509495771e-19	c30	RAPH1
2.33520386532928e-23	0.258157443844814	0.744	0.552	7.83180672354134e-19	c30	FOSB
2.60743211741357e-23	1.06379141285868	0.276	0.151	8.74480583538163e-19	c30	ADAM8
2.76690732743022e-23	1.33962970216426	0.202	0.099	9.27965379473548e-19	c30	PLXDC2
4.30832066032432e-23	2.93763616120893	0.041	0.008	1.44492458305957e-18	c30	PLPP3
4.43991872385591e-23	0.74594798551532	0.307	0.175	1.4890599416068e-18	c30	TNF
4.9933970448865e-23	1.62780902284086	0.141	0.059	1.67468550091404e-18	c30	CD109
5.75791958042892e-23	2.89955554864577	0.024	0.003	1.93109106888425e-18	c30	AC091173.1
5.9417932422398e-23	1.59716855394093	0.189	0.091	1.99275861758238e-18	c30	CEP170
7.17658399802042e-23	1.80648335676958	0.118	0.045	2.40688274125609e-18	c30	GBE1
8.7350885654504e-23	1.64251626092462	0.134	0.054	2.92957400308075e-18	c30	SERPINB8
9.18963656493194e-23	2.79650532381065	0.041	0.008	3.08202031114687e-18	c30	PACERR
1.03198326684904e-22	1.06180205938349	0.298	0.174	3.46106548035832e-18	c30	ZNF267
1.05594484062734e-22	1.69648633582501	0.134	0.055	3.54142780649597e-18	c30	ZFHX3
1.07858369922886e-22	1.66740164286274	0.154	0.067	3.61735401047374e-18	c30	TLNRD1
1.56596316296226e-22	0.86396071471841	0.317	0.184	5.25192725594282e-18	c30	MAFF
2.85825274423386e-22	2.00455776761793	0.054	0.013	9.58600805361153e-18	c30	PADI4
3.36566450317046e-22	1.20888510837114	0.223	0.116	1.12877656107331e-17	c30	AGFG1
5.2749800450545e-22	1.55974413194845	0.134	0.056	1.76912280751038e-17	c30	SAMD4B
7.78738633581221e-22	1.5926908637192	0.145	0.062	2.6117336293047e-17	c30	ZSWIM6
7.99317946823841e-22	2.24176417078983	0.1	0.036	2.6807525300578e-17	c30	SMPDL3A
9.59011796577577e-22	1.49911123115041	0.176	0.084	3.21633376336188e-17	c30	SLC43A3
1.00860576524952e-21	1.4387820569041	0.164	0.075	3.38266201549382e-17	c30	CSF2RA
1.09778806320839e-21	3.22213381632042	0.033	0.006	3.6817616063883e-17	c30	C11orf96
1.28485157397599e-21	2.09348096759134	0.084	0.028	4.30913520880069e-17	c30	CHRNE
2.04247840092653e-21	1.64976587932126	0.124	0.05	6.85006406102741e-17	c30	PIGA
2.60518485347328e-21	0.928171727665965	0.342	0.215	8.73726896157868e-17	c30	ODF3B
2.87742473558496e-21	2.36492510962889	0.049	0.012	9.65030707820484e-17	c30	KCNE1
3.70140997746182e-21	0.757774191089154	0.378	0.234	1.24137887824115e-16	c30	CTSH
4.05399985791988e-21	0.934423997238741	0.309	0.185	1.35963047234917e-16	c30	PGD
4.77631904617958e-21	1.57483190505246	0.151	0.068	1.60188188170771e-16	c30	AF213884.3
6.40175734481715e-21	0.273603726090483	0.88	0.726	2.14702137830477e-16	c30	TNFAIP3
7.89816423420201e-21	1.07352385520946	0.223	0.118	2.64888632086667e-16	c30	TMEM120A
8.2463712010119e-21	1.52156452063165	0.158	0.073	2.76566797339537e-16	c30	PURB
9.83567167377768e-21	1.73828830010066	0.134	0.057	3.29868756595156e-16	c30	APH1B
1.02103739796169e-20	1.18909759430436	0.175	0.083	3.42435522528392e-16	c30	LGALS2
1.10278783133588e-20	1.45865661469757	0.188	0.095	3.69852982873426e-16	c30	CORO1C
1.17189930176401e-20	0.611696576991718	0.484	0.337	3.93031587825614e-16	c30	ITGB1
1.27404251751975e-20	3.33190414742253	0.026	0.004	4.27288379525773e-16	c30	ELOVL7
1.35509754861978e-20	1.77616546067383	0.105	0.04	4.54472615856101e-16	c30	RFX2
1.71620704282239e-20	0.559172003261783	0.653	0.529	5.75581518021773e-16	c30	PGK1
2.69669183098155e-20	1.24755789032644	0.189	0.095	9.04416506274593e-16	c30	CLEC4A
3.42496899000127e-20	1.89782478853925	0.093	0.034	1.14866609986662e-15	c30	BST1
5.06883065304337e-20	2.31634259834941	0.049	0.012	1.69998442441769e-15	c30	AP003086.1
6.15756760143517e-20	0.408438914143648	0.396	0.251	2.06512502216933e-15	c30	ATF3
7.08136576856703e-20	4.19916438331453	0.012	0.001	2.37494845146201e-15	c30	RNF152
8.27065927849033e-20	2.72399962178609	0.054	0.014	2.77381370882009e-15	c30	GSDME
8.50134609912149e-20	1.07924706403895	0.233	0.128	2.85118145472336e-15	c30	MAPKAPK2
9.09788031368717e-20	1.38978650877151	0.187	0.095	3.0512470996044e-15	c30	KCTD12
9.75722126371824e-20	2.23285252497653	0.08	0.027	3.27237686742582e-15	c30	WDFY3
1.02228982887278e-19	2.95221038654058	0.02	0.003	3.42855562807354e-15	c30	AC131097.4
1.04978752159e-19	1.98388410240877	0.106	0.042	3.52077738990854e-15	c30	AC020656.1
1.1206763815695e-19	0.943311880686737	0.329	0.209	3.7585244485078e-15	c30	TMED5
1.27427442736261e-19	1.56200026684227	0.113	0.045	4.27366157448873e-15	c30	PLEKHO2
1.34096797328973e-19	0.766740053485773	0.34	0.211	4.49733838881911e-15	c30	AP1S2
1.53869894043515e-19	1.36943563306654	0.154	0.071	5.16048850643141e-15	c30	TSC22D1
1.600036887318e-19	1.76460459331833	0.145	0.067	5.36620371268712e-15	c30	ADAM9
1.94954964930915e-19	3.36995420029854	0.013	0.001	6.53839961385304e-15	c30	SLC2A14
2.00874823799926e-19	0.822773360116736	0.297	0.176	6.73693984060191e-15	c30	CEBPD
2.35236639073669e-19	3.03704242609123	0.026	0.004	7.8893664012527e-15	c30	HAS1
2.69738681266704e-19	0.715018319423519	0.426	0.289	9.04649589232271e-15	c30	HSBP1
3.05053995904232e-19	0.454936332406684	0.742	0.622	1.02309009146361e-14	c30	ATP6V0C
3.71330123605825e-19	1.04909174525176	0.242	0.136	1.24536696854922e-14	c30	GRAMD1A
3.86021206358153e-19	0.8342035148768	0.365	0.243	1.29463792188397e-14	c30	RAB1A
4.29855836080788e-19	2.49446371019887	0.03	0.006	1.44165050304775e-14	c30	AC144831.1
4.5026315562748e-19	1.69482876433308	0.156	0.075	1.51009257134344e-14	c30	BNIP3
4.83506774693032e-19	2.86346827153907	0.035	0.007	1.62158502096549e-14	c30	AC061992.1
5.49013711442315e-19	1.26339956776463	0.168	0.082	1.84128218543524e-14	c30	POR
5.85705123511784e-19	1.874215679712	0.066	0.02	1.96433784323382e-14	c30	AL034397.3
6.2872550845847e-19	0.814024324773098	0.331	0.21	2.10861961026802e-14	c30	PLK3
6.66100740276811e-19	2.90227320376117	0.03	0.006	2.23396866274037e-14	c30	PDE2A
6.77900761956436e-19	0.782256302462689	0.422	0.295	2.27354357544949e-14	c30	UBE2J1
7.68322847920249e-19	4.19308746397628	0.011	0.001	2.57680116735493e-14	c30	AC245140.1
8.12777192186716e-19	1.064250089589	0.38	0.262	2.72589214715581e-14	c30	INSIG1
8.7990949051655e-19	1.28591679286737	0.17	0.083	2.9510404492944e-14	c30	GSAP
1.07974849286203e-18	2.78825332389223	0.054	0.015	3.62126049536067e-14	c30	LDLRAD3
1.49044830972901e-18	1.660753120161	0.148	0.07	4.99866554116917e-14	c30	NRIP1
1.74130095410372e-18	1.1997844033137	0.168	0.082	5.83997513987306e-14	c30	ANTXR2
2.07523606386201e-18	1.84582650102656	0.051	0.014	6.9599267109804e-14	c30	FFAR2
2.54813337730869e-18	2.52893655220063	0.043	0.011	8.54592972081789e-14	c30	SCG5
2.68299716122467e-18	1.90078503074763	0.092	0.035	8.99823587931528e-14	c30	CHST15
3.38929500781665e-18	1.81074597861664	0.071	0.023	1.13670175972155e-13	c30	SERINC2
3.68761222579651e-18	0.949502404694228	0.276	0.168	1.23675138828763e-13	c30	PICALM
3.72470538610142e-18	0.774790499657826	0.396	0.269	1.24919169239069e-13	c30	ATP6V0D1
4.68646604271977e-18	0.863419700133977	0.343	0.224	1.57174698140736e-13	c30	MYO1G
4.71773693197918e-18	1.42146130859479	0.124	0.054	1.58223461224718e-13	c30	C19orf38
5.31766348237086e-18	1.02361030188968	0.268	0.161	1.78343797871754e-13	c30	RASGEF1B
5.5475364379501e-18	0.763479602074311	0.314	0.196	1.8605327705597e-13	c30	TGIF1
6.28466314014637e-18	4.04537533004877	0.016	0.002	2.10775032394229e-13	c30	HOMER3-AS1
6.34244385061568e-18	2.48961492638825	0.037	0.008	2.12712881861949e-13	c30	SLC6A8
6.88190815622577e-18	1.47520778493268	0.134	0.061	2.308054357435e-13	c30	TMEM38B
8.99406780628711e-18	0.450477452514412	0.696	0.551	3.01643046087257e-13	c30	LCP1
9.87299574174584e-18	0.646383739567984	0.406	0.277	3.31120531186672e-13	c30	SLC7A5
1.0792789659071e-17	3.24552920233699	0.037	0.008	3.61968579585924e-13	c30	AC025048.4
1.29123568712934e-17	2.72855829811005	0.021	0.003	4.33054624749438e-13	c30	BEX1
1.38510157731088e-17	0.703837205482417	0.24	0.136	4.64535366998522e-13	c30	CD9
1.61271438769923e-17	3.1120937837264	0.074	0.025	5.40872151346568e-13	c30	IL23A
1.74921826335551e-17	1.12770934782225	0.219	0.124	5.86652821164171e-13	c30	MTHFS
1.8004484562225e-17	2.01886997943513	0.081	0.03	6.03834403247902e-13	c30	PYGL
1.8530195669197e-17	0.939737746947267	0.319	0.206	6.21465702353528e-13	c30	NFKB2
2.10453424468582e-17	4.35160622933845	0.011	0.001	7.05818694982729e-13	c30	DNER
2.21041759361287e-17	3.60627242021992	0.02	0.003	7.41329852545884e-13	c30	GLIS3
2.36683951777623e-17	0.736709675786838	0.436	0.307	7.93790637471791e-13	c30	H2AFY
2.94537248440052e-17	4.32297621717888	0.012	0.001	9.87819023818246e-13	c30	LINC00656
3.31231031735568e-17	1.58760477621214	0.093	0.036	1.11088263423475e-12	c30	EGR3
3.87093800172334e-17	0.763495204629558	0.384	0.262	1.29823518701797e-12	c30	METTL9
4.37593770334581e-17	1.42468511437856	0.054	0.016	1.46760198694812e-12	c30	DEFB1
4.72185559421515e-17	2.15219984579617	0.049	0.013	1.58361592918788e-12	c30	AC123595.1
5.52783917540906e-17	1.01313497902468	0.247	0.146	1.85392670264869e-12	c30	WARS
5.60926703576742e-17	2.00914307206598	0.092	0.036	1.88123597845568e-12	c30	TNFRSF21
6.59371365427138e-17	1.05230617362596	0.225	0.128	2.21139968536953e-12	c30	RAB21
6.69087812098881e-17	3.58381336506005	0.013	0.001	2.24398670421723e-12	c30	AC008763.3
8.98565239755511e-17	0.650089749145563	0.447	0.32	3.01360810109203e-12	c30	TCIRG1
1.11460604388825e-16	1.27070248603344	0.221	0.128	3.73816574999241e-12	c30	CCDC88A
1.12315901910257e-16	0.606329225976475	0.507	0.384	3.76685071826621e-12	c30	ELOC
1.17842916780985e-16	3.97714484069372	0.012	0.001	3.95221574300067e-12	c30	AC022092.1
1.30417417104472e-16	1.38981133388231	0.053	0.015	4.37393933484978e-12	c30	ADGRG3
1.36505290045675e-16	1.32138255288919	0.163	0.084	4.57811441755186e-12	c30	APP
1.56749013177362e-16	1.46422305199796	0.07	0.024	5.25704840394235e-12	c30	RBP7
1.58620823962509e-16	1.63554123655638	0.068	0.023	5.31982519405463e-12	c30	LRG1
1.59264733408196e-16	1.2440813974595	0.216	0.125	5.34142062904409e-12	c30	ACOT9
1.6004001902273e-16	1.6244486917931	0.124	0.057	5.36742215798432e-12	c30	TUBB6
1.93845094126349e-16	2.0715095890665	0.063	0.021	6.50117676680950e-12	c30	SIPA1L2
3.30229839415915e-16	0.516344422434026	0.587	0.474	1.1075248354331e-11	c30	TSPO
3.38633398326983e-16	2.14616597364852	0.042	0.011	1.13570869130904e-11	c30	AC004130.1
3.627347314938e-16	1.08380167592973	0.142	0.068	1.21653974248391e-11	c30	VIM-AS1
3.98190706232842e-16	1.51095121860948	0.117	0.053	1.3354519905637e-11	c30	SLC11A2
4.1775087759465e-16	1.44662151060957	0.147	0.073	1.40105289327694e-11	c30	MCOLN1
4.43304809461272e-16	1.08688109887736	0.2	0.112	1.48675566997121e-11	c30	SOAT1
4.43592574768057e-16	2.52299887731614	0.043	0.012	1.48772077725711e-11	c30	SLC22A4
4.56975407927285e-16	2.22475062641619	0.047	0.013	1.53260412310653e-11	c30	AL353719.1
4.95427608314753e-16	1.8193797455944	0.114	0.052	1.66156511276602e-11	c30	OPN3
5.9698304393831e-16	1.03655874606994	0.187	0.1	2.0021617327603e-11	c30	LDLR
6.06657920747994e-16	1.1111624675287	0.142	0.069	2.03460933460462e-11	c30	PGS1
7.49284254493041e-16	1.15567936952999	0.143	0.07	2.51294953271876e-11	c30	DAB2
8.26659400303101e-16	1.47129163544303	0.146	0.073	2.77245029673654e-11	c30	DOK3
8.78660900823404e-16	1.47596642496145	0.152	0.078	2.94685292918153e-11	c30	TRMT6
1.05151611872707e-15	1.56835188139602	0.137	0.066	3.52657475898686e-11	c30	IL18BP
1.4008435337193e-15	2.54466883072121	0.026	0.005	4.69814904338779e-11	c30	FAM110B
1.46596116945912e-15	1.79548051448325	0.085	0.034	4.91654057013198e-11	c30	AC092803.2
1.59736007151947e-15	2.38650214053656	0.059	0.019	5.35722620786201e-11	c30	SCARF1
1.83547329891765e-15	1.11471310075333	0.2	0.113	6.15581034991002e-11	c30	ETV3
1.92886605012782e-15	1.55158084479567	0.124	0.058	6.46903095891868e-11	c30	TMEM251
1.93470196597386e-15	0.717582366456857	0.31	0.198	6.48860345348313e-11	c30	C1orf162
2.40895703202934e-15	1.43569554118728	0.1	0.042	8.07916009402001e-11	c30	MIR222HG
2.62325555124213e-15	1.73863162991913	0.101	0.044	8.79787446775587e-11	c30	SULF2
2.65888400279461e-15	1.24417178533537	0.172	0.092	8.91736516857256e-11	c30	GPAT4
2.89933071615673e-15	0.939328943378739	0.248	0.151	9.72377535584643e-11	c30	TNFSF13B
3.00513285846179e-15	2.25965004144923	0.053	0.016	1.00786145807092e-10	c30	STARD8
3.66343256301511e-15	2.37476123419347	0.047	0.014	1.22864201298401e-10	c30	IGF2BP2
3.74398457215074e-15	0.71372793374075	0.361	0.251	1.25565754580791e-10	c30	EFHD2
3.79886113133286e-15	2.14484311874174	0.074	0.027	1.27406204622642e-10	c30	CLMN
3.95108169566098e-15	0.691244788405839	0.407	0.294	1.32511377909078e-10	c30	VASP
4.18148582931118e-15	1.39904513847718	0.16	0.085	1.40238671743438e-10	c30	CHP1
4.5282238880458e-15	0.910445352793953	0.221	0.129	1.5186757275728e-10	c30	NABP1
6.27711803929794e-15	1.00925894309739	0.21	0.121	2.10521984801974e-10	c30	SLC6A6
6.47257188667407e-15	0.593528084445103	0.296	0.187	2.17077115935275e-10	c30	CTSZ
7.03478103800936e-15	1.17479295887807	0.148	0.076	2.35932486452758e-10	c30	PLEKHG2
9.81403355369092e-15	1.67621908647123	0.093	0.039	3.29143057323686e-10	c30	SBF2
1.02240068223089e-14	1.4999058435172	0.109	0.05	3.42892740806597e-10	c30	MAFG
1.07722034123303e-14	2.07527507109824	0.105	0.048	3.61278158042734e-10	c30	MPZL1
1.27652099758528e-14	0.928845608904135	0.191	0.106	4.28119612170151e-10	c30	CPD
1.45003092385894e-14	1.63545018742264	0.093	0.04	4.86311371243811e-10	c30	AC006449.6
1.54517263844185e-14	2.99599247825059	0.026	0.005	5.18219999480626e-10	c30	DLL1
1.73204518546865e-14	1.61025613105723	0.074	0.028	5.80893314302476e-10	c30	MAPK7
1.76246977146105e-14	1.00853178507884	0.361	0.257	5.91097111952605e-10	c30	VMP1
1.77954461051677e-14	0.641115759866959	0.411	0.299	5.96823671475115e-10	c30	ARRB2
1.82818853897961e-14	0.728740837202741	0.365	0.256	6.13137872202982e-10	c30	ATP6AP2
1.85554549530133e-14	1.5608023498289	0.118	0.056	6.2231284821416e-10	c30	PTAFR
2.35802060991649e-14	2.74099661339271	0.032	0.007	7.90832952153793e-10	c30	DLEU7
2.65328794423944e-14	2.80591491041732	0.029	0.006	8.89859710739024e-10	c30	AC124798.1
3.13956843697136e-14	2.14193336750682	0.049	0.015	1.05294846239146e-09	c30	PHLDB1
3.19420945814189e-14	2.87152089969282	0.017	0.003	1.07127396807163e-09	c30	AL121899.1
3.61473591648125e-14	1.02781576259964	0.143	0.073	1.21231013166948e-09	c30	TP53INP2
4.04739301445446e-14	1.15551200411302	0.166	0.091	1.35741466918774e-09	c30	MBOAT7
4.18586980580968e-14	3.89490017580158	0.011	0.001	1.40385701547245e-09	c30	ITGB3
4.31477092886755e-14	1.39107849300055	0.125	0.061	1.4470878741236e-09	c30	RAPGEF2
4.70908920534918e-14	0.926911157433257	0.461	0.371	1.57933433769001e-09	c30	EIF1B
4.88846265399392e-14	1.73107105199965	0.07	0.026	1.63949260489648e-09	c30	DHX34
5.15045431921285e-14	1.20334665055865	0.191	0.111	1.72735936957761e-09	c30	MPHOSPH6
5.3952368800703e-14	1.60057663757969	0.176	0.1	1.80945454483798e-09	c30	HMOX1
6.78887239922504e-14	2.16346468235541	0.024	0.005	2.2768520252521e-09	c30	ADORA2A-AS1
7.1875361507781e-14	0.922759493092933	0.227	0.137	2.41055587424796e-09	c30	LAIR1
7.20385373628596e-14	0.644588414629831	0.509	0.407	2.41602846607558e-09	c30	BZW1
9.45934301974667e-14	1.16504340740722	0.05	0.016	3.17247446196264e-09	c30	CES1
1.07698887801201e-13	1.61095202865395	0.101	0.046	3.61200529907668e-09	c30	GNA12
1.08216979708719e-13	1.51014277942146	0.12	0.058	3.62938106547103e-09	c30	SESTD1
1.2459029470745e-13	2.6711636858938	0.041	0.012	4.17850930389844e-09	c30	SH3D21
1.36484883771937e-13	3.26859252979449	0.011	0.001	4.57743003194322e-09	c30	AL133163.2
1.37118232052664e-13	1.13943476759373	0.21	0.126	4.59867126658226e-09	c30	SH3BP2
1.56657981358264e-13	2.65377261770452	0.067	0.025	5.25399537879346e-09	c30	HILPDA
1.59727239519073e-13	2.52594426234418	0.045	0.014	5.35693215899069e-09	c30	AL390036.1
1.64893387609477e-13	2.23748183751648	0.047	0.015	5.53019443364664e-09	c30	RHOU
1.84100232003328e-13	1.37395540674565	0.154	0.084	6.1743535809276e-09	c30	SH2B3
1.94625031409809e-13	2.61810001462559	0.037	0.01	6.52733430342217e-09	c30	ADORA2B
2.01522595922623e-13	1.20393128425323	0.154	0.083	6.75866482205294e-09	c30	PRKAG2
2.17354941667578e-13	0.551059643850871	0.459	0.345	7.28965003364723e-09	c30	RNF149
2.38517216470271e-13	2.9757477836671	0.017	0.003	7.99939040597995e-09	c30	RHCG
2.69670793502365e-13	1.36474906234422	0.095	0.042	9.04421907248231e-09	c30	SDS
2.8794505040388e-13	0.138014964067504	0.942	0.891	9.65710110044533e-09	c30	BTG1
3.04787354516522e-13	3.93727095376575	0.011	0.001	1.02219582957751e-08	c30	ATP6V1FNB
3.07340164539163e-13	1.58975002874044	0.113	0.055	1.03075744383144e-08	c30	HRH2
3.29321355991811e-13	2.33060510389072	0.047	0.015	1.10447796372534e-08	c30	TANC2
3.45335340568374e-13	2.66867006819218	0.035	0.01	1.15818566519821e-08	c30	AC096733.2
3.6505799201625e-13	0.873506667677761	0.285	0.191	1.2243314936241e-08	c30	AGTRAP
4.06237666995319e-13	1.27176916082084	0.109	0.052	1.3624398875689e-08	c30	LIMK2
4.08053172309131e-13	2.82292618028751	0.03	0.007	1.36852872929036e-08	c30	HRH1
5.14661186197793e-13	1.81377893942615	0.081	0.035	1.72607068627016e-08	c30	SIGLEC9
6.04207098952739e-13	1.49378312199028	0.11	0.053	2.0263897684677e-08	c30	CHSY1
6.23731534944242e-13	1.39006825283589	0.148	0.08	2.091870821896e-08	c30	IL1R2
6.68124679133273e-13	1.77615294007241	0.081	0.035	2.24075654887717e-08	c30	SLC1A3
7.12786279810107e-13	1.12739470229124	0.16	0.089	2.39054262522714e-08	c30	NFIL3
7.39949323623878e-13	0.954878589035965	0.208	0.126	2.48164204156976e-08	c30	FNIP1
7.47506237061085e-13	1.05173585289481	0.188	0.111	2.50698641785547e-08	c30	NCOR2
7.91564139125816e-13	1.89854790487761	0.071	0.028	2.65474780980016e-08	c30	VPS37C
8.45673025560444e-13	0.849617433903788	0.045	0.014	2.83621819312462e-08	c30	PI3
8.72489400536613e-13	2.21126689926557	0.06	0.022	2.92615495151969e-08	c30	RRAGD
1.00519830518211e-12	2.15422869265996	0.049	0.016	3.37123407591976e-08	c30	PSD3
1.07719166450515e-12	2.19065831046302	0.039	0.012	3.61268540441737e-08	c30	AC005224.3
1.10767885978198e-12	1.10442162513587	0.188	0.111	3.71493335993679e-08	c30	HOTAIRM1
1.27430558869821e-12	0.819437227492408	0.183	0.105	4.27376608337606e-08	c30	PCNX1
1.28808981401381e-12	1.03020913058463	0.138	0.072	4.31999561823952e-08	c30	IL4I1
1.53637144137004e-12	2.45890664156712	0.032	0.008	5.15268254006685e-08	c30	AL391832.2
1.60819058515993e-12	1.52807488280384	0.209	0.133	5.39354958450938e-08	c30	TWISTNB
1.70346141673195e-12	1.85094259782187	0.057	0.02	5.71306889943562e-08	c30	PDPN
1.72103577880693e-12	1.40025262026745	0.108	0.052	5.77200979496269e-08	c30	DOCK5
1.73567985660857e-12	0.171754679867323	0.263	0.401	5.82112310309383e-08	c30	HSPB1
1.75741803698447e-12	0.732726481601662	0.319	0.224	5.89402861243853e-08	c30	HMGA1
1.83658821354354e-12	1.06592160130785	0.184	0.109	6.15954955058231e-08	c30	ARAP1
1.91246082785191e-12	1.18921413384612	0.176	0.103	6.41401112444972e-08	c30	RELT
2.07573462868903e-12	1.2138641705042	0.168	0.098	6.96159879769725e-08	c30	AC100810.1
2.49653059963034e-12	1.36327306218839	0.097	0.045	8.37286432504022e-08	c30	KLHL21
2.50291713456775e-12	2.32338510057776	0.041	0.012	8.39428348591331e-08	c30	CRISPLD2
2.73879195817243e-12	1.41273910527331	0.125	0.064	9.18536046931868e-08	c30	C3AR1
2.74215399618169e-12	1.62880597068212	0.058	0.021	9.19663607239414e-08	c30	PPP1R3B
3.44769365637519e-12	2.06269726690587	0.047	0.016	1.15628749847511e-07	c30	BTBD19
3.48153150861794e-12	0.821532990660701	0.185	0.109	1.16763603736028e-07	c30	UBXN11
4.02922896527051e-12	1.78255918968426	0.08	0.035	1.35132281037242e-07	c30	ADAMTSL4
4.31129020832342e-12	4.33545902645934	0.012	0.002	1.44592051006751e-07	c30	AC091808.1
4.5668325725169e-12	1.10575285439186	0.172	0.101	1.53162430817072e-07	c30	OAZ2
4.70612209812312e-12	1.17415453964032	0.093	0.043	1.57833922926853e-07	c30	FN1
4.93275423684136e-12	1.12776372772365	0.129	0.067	1.65434711595185e-07	c30	IQSEC1
4.95231650769672e-12	1.30130819563598	0.078	0.033	1.66090791035133e-07	c30	AC023157.3
5.24057030840822e-12	2.24038017241696	0.046	0.015	1.75758247003395e-07	c30	SLC24A4
5.46366129378142e-12	1.22150814971653	0.127	0.067	1.83240272470841e-07	c30	ARHGAP26
6.08097634855965e-12	3.06516626450962	0.03	0.008	2.03943784777994e-07	c30	KANK1
6.79128722934963e-12	2.06721911825333	0.047	0.016	2.27766191097928e-07	c30	TPST1
6.8473045283904e-12	0.947371872579937	0.24	0.158	2.29644899273157e-07	c30	LRRFIP2
7.38007061351028e-12	1.15345881284178	0.173	0.102	2.47512808235908e-07	c30	SERTAD2
7.58670089331944e-12	0.409082604771984	0.64	0.546	2.54442774560147e-07	c30	JUND
7.93222099620021e-12	1.11411370526174	0.072	0.03	2.66030827770563e-07	c30	MT1G
8.12827018453183e-12	2.20330266578521	0.064	0.026	2.72605925448829e-07	c30	ZEB2-AS1
9.08789699899136e-12	0.977790580162671	0.254	0.17	3.04789889552172e-07	c30	HPCAL1
9.8171030217762e-12	0.956551190201664	0.225	0.145	3.2924600114433e-07	c30	USP12
9.90349103226681e-12	0.744347972519769	0.314	0.221	3.32143282240164e-07	c30	RNF145
1.09924578180745e-11	1.05341750640968	0.155	0.088	3.68665050302582e-07	c30	TRPS1
1.25736783258413e-11	2.65263904902314	0.022	0.005	4.21696023692066e-07	c30	SMIM24
1.2877731593756e-11	1.33124754181178	0.092	0.043	4.31893362191389e-07	c30	NDST2
1.32996813358691e-11	0.467172702907724	0.527	0.423	4.46044712642377e-07	c30	CMTM6
1.37962062933838e-11	1.49651368419352	0.096	0.046	4.62697166667505e-07	c30	SSBP3
1.38765340732083e-11	0.841544446996855	0.239	0.157	4.65391199747259e-07	c30	BLVRB
1.47326738726883e-11	0.833064049232315	0.166	0.096	4.9410441634222e-07	c30	CPVL
1.48857978149048e-11	1.78209221109773	0.051	0.018	4.99239887116276e-07	c30	MEFV
1.6676756440261e-11	0.249629192196976	0.453	0.325	5.59305057493473e-07	c30	CAPG
1.69747702673889e-11	3.41290611346211	0.011	0.001	5.6929984522769e-07	c30	CACNA1G
1.80030711878116e-11	0.426739099615482	0.58	0.469	6.03787001496825e-07	c30	REL
1.90213308722101e-11	1.01515732756113	0.124	0.064	6.37937394792184e-07	c30	FAM102B
2.04155323786544e-11	0.584513221501676	0.223	0.138	6.84696124915311e-07	c30	FCGR3A
2.04821038891244e-11	3.43169491504689	0.016	0.003	6.86928800233454e-07	c30	STK32B
2.10061837610131e-11	2.0661629772686	0.05	0.018	7.04505390976858e-07	c30	RAB7B
2.11703993646318e-11	1.42483138142614	0.146	0.083	7.10012853891021e-07	c30	LILRB1
2.31315346226993e-11	1.77023408900012	0.05	0.018	7.75785408176089e-07	c30	PLPPR2
2.53011402588541e-11	3.18637528888808	0.013	0.002	8.48549642001447e-07	c30	C1QTNF1
2.85544580487141e-11	1.76465213053404	0.062	0.025	9.57659414037774e-07	c30	MAML3
3.11786893218095e-11	0.910746944371517	0.216	0.139	1.04567088247485e-06	c30	KCTD20
3.15977533896172e-11	1.17883711375104	0.114	0.059	1.05972545318098e-06	c30	CD36
3.52308042060435e-11	0.882371905534905	0.234	0.156	1.18157071146229e-06	c30	GCA
3.70880815587722e-11	1.89684913315607	0.062	0.025	1.2438600793181e-06	c30	NRGN
4.31217676364021e-11	2.55123054766745	0.029	0.008	1.44621784298965e-06	c30	RAI14
4.89711060818471e-11	1.46625278667102	0.053	0.019	1.64239295577299e-06	c30	AL161421.1
5.82778775543237e-11	1.10312536161449	0.138	0.077	1.95452345741691e-06	c30	CCR1
6.49851502282558e-11	2.65419913408854	0.025	0.006	2.17947196835524e-06	c30	SIGLEC14
6.5150169112749e-11	0.842086911662611	0.23	0.152	2.18500637170338e-06	c30	TFRC
7.83854840945353e-11	0.381907156810073	0.56	0.443	2.62889236556252e-06	c30	ARPC5
8.32550757072678e-11	1.28077927969277	0.145	0.083	2.79220872907035e-06	c30	IL13RA1
8.48416003827215e-11	3.01995669423452	0.02	0.004	2.84541759363571e-06	c30	STXBP5-AS1
9.07420161333409e-11	1.09290052276239	0.122	0.065	3.04330573707999e-06	c30	QPCT
9.22804740404071e-11	0.788308559925873	0.214	0.137	3.09490253836717e-06	c30	AGO2
9.2422681644826e-11	0.851925921413289	0.288	0.207	3.09967189700417e-06	c30	RALA
9.60184653330609e-11	1.38410441729756	0.109	0.056	3.2202672903402e-06	c30	PLEKHM2
9.86121126291859e-11	3.13360128862297	0.014	0.003	3.30725303335764e-06	c30	AC004846.2
1.02589136643239e-10	0.353367556735901	0.46	0.353	3.44063446474096e-06	c30	CARD16
1.03829310448027e-10	2.24766399562554	0.034	0.01	3.48222741380594e-06	c30	AL391832.3
1.06772679406655e-10	0.515953524610165	0.405	0.306	3.58094212194038e-06	c30	NFE2L2
1.13957671624368e-10	1.17188939965423	0.154	0.09	3.82191239093805e-06	c30	TIMP2
1.2369187304906e-10	0.934592961889358	0.206	0.132	4.14837803831937e-06	c30	CARD19
1.29665757337704e-10	1.67689468582084	0.058	0.023	4.3487301695919e-06	c30	HLX
1.37213898248742e-10	3.31438641928173	0.017	0.003	4.60187971946632e-06	c30	TBC1D30
1.40115188109538e-10	2.72657435332923	0.014	0.003	4.6991831788177e-06	c30	AC090970.2
1.47254135335304e-10	1.99659071726136	0.067	0.029	4.93860919087544e-06	c30	TRIP10
1.47656853311899e-10	0.71333320816834	0.173	0.104	4.95211554637446e-06	c30	FURIN
1.51300139610354e-10	1.06699273126536	0.18	0.112	5.07430408225206e-06	c30	MAP3K13
1.71151838891129e-10	0.947912218660497	0.188	0.118	5.74009037273068e-06	c30	TPD52L2
1.80521047543097e-10	1.88765002425965	0.035	0.011	6.0543148925004e-06	c30	CDKN2B
2.10955459182319e-10	1.93999651293833	0.028	0.007	7.07502419005662e-06	c30	INPP5A
2.15588159344648e-10	0.985916019285256	0.184	0.116	7.2303956881008e-06	c30	BCKDK
2.34395770760321e-10	2.14118197219351	0.074	0.033	7.86116535975965e-06	c30	RCAN1
2.82192652302541e-10	1.09879007173201	0.104	0.053	9.46417717292264e-06	c30	CLEC12A
3.09090185003931e-10	1.32783726729838	0.062	0.026	1.03662666246618e-05	c30	KIAA1147
3.14583018116951e-10	1.42409869230916	0.068	0.03	1.05504852616063e-05	c30	CATSPER1
3.2410539844129e-10	2.11584398255077	0.037	0.012	1.0869846852924e-05	c30	DNAJB5
3.77343224244204e-10	1.335990479754	0.143	0.085	1.26553370547021e-05	c30	CLIC4
3.85034035009908e-10	1.70173300758257	0.084	0.04	1.29132714661623e-05	c30	HK3
3.91278124727567e-10	1.5359942643757	0.083	0.039	1.31226857471132e-05	c30	ASGR1
4.05429295997787e-10	1.2437124824217	0.106	0.056	1.35972877291738e-05	c30	PSTPIP2
4.1572454833968e-10	1.13511066575859	0.179	0.113	1.39425699022162e-05	c30	C1orf122
4.24019736654821e-10	1.77784409239095	0.022	0.005	1.42207739279294e-05	c30	VSTM1
4.36402693283391e-10	1.18482262269214	0.152	0.091	1.46360735273384e-05	c30	CD302
4.37295837391231e-10	3.59256148110157	0.014	0.003	1.46660277944271e-05	c30	SIGLEC15
4.5432589258153e-10	0.520311303719146	0.449	0.36	1.52371817853993e-05	c30	PSMA6
4.90996407176766e-10	1.35386635723349	0.106	0.056	1.64670375038944e-05	c30	SNX18
5.17347575047195e-10	1.25753917453997	0.084	0.04	1.73508029719328e-05	c30	ZNF668
5.40017830323998e-10	0.624774361251135	0.277	0.195	1.81111179934062e-05	c30	LENG8
6.07612907958686e-10	0.851637842015104	0.209	0.138	2.03781217071184e-05	c30	TRIB1
6.18718709459718e-10	1.7033198385066	0.084	0.041	2.075058807786e-05	c30	TCEAL9
6.97736882136886e-10	1.86494168216607	0.054	0.022	2.34006995531069e-05	c30	BATF3
7.2352756491045e-10	0.810109257151601	0.225	0.15	2.42656674719667e-05	c30	C16orf72
7.87687628482294e-10	1.34359233347237	0.127	0.072	2.64174676840392e-05	c30	RP2
8.78766852505618e-10	0.325159138397875	0.41	0.311	2.94720826993334e-05	c30	XBP1
8.99273604600657e-10	4.23230852756514	0.011	0.002	3.01598381510968e-05	c30	MMP8
9.38524244098175e-10	0.934291397806588	0.242	0.167	3.14762260985646e-05	c30	CNIH4
1.04526940170162e-09	1.86518134198032	0.05	0.019	3.50562451942688e-05	c30	CYP27A1
1.10352204703776e-09	1.09586333567396	0.125	0.07	3.70099224135523e-05	c30	KCNN4
1.13036659164923e-09	1.44131892319598	0.063	0.027	3.79102347507319e-05	c30	NBPF10
1.14023926497476e-09	2.30306974489094	0.02	0.005	3.82413444687237e-05	c30	LINC01303
1.18947621720725e-09	1.09244124764717	0.101	0.053	3.98926533726968e-05	c30	ADNP2
1.21622274489254e-09	2.3643137074797	0.03	0.009	4.07896784182061e-05	c30	TMEM217
1.21767838154972e-09	1.67343315382511	0.043	0.016	4.08384975604147e-05	c30	DNMBP
1.23255515689036e-09	3.35037255664771	0.011	0.002	4.13374348517888e-05	c30	Z82244.2
1.24334215945198e-09	2.16607726902231	0.029	0.009	4.16992093437006e-05	c30	VENTX
1.27813517829194e-09	1.85746214458891	0.05	0.02	4.2866097609555e-05	c30	RARA-AS1
1.31140857090722e-09	2.61704746232512	0.02	0.005	4.39820206510865e-05	c30	PTGES
1.34668256995811e-09	0.741358904408453	0.272	0.195	4.51650400312552e-05	c30	MMP24OS
1.37704844173421e-09	0.902379413336735	0.196	0.129	4.6183450638882e-05	c30	TNFRSF1A
1.38509871872159e-09	0.520484603157074	0.38	0.294	4.64534408284846e-05	c30	ATOX1
1.4611887410237e-09	1.92182326415775	0.053	0.021	4.90053479964528e-05	c30	CDC42EP2
1.58271375075817e-09	1.04732513909966	0.148	0.089	5.30810537729276e-05	c30	ARHGEF2
1.6429085484287e-09	1.92604478469958	0.047	0.018	5.50998668972019e-05	c30	NEDD4L
1.66435287944835e-09	1.58858766447542	0.057	0.023	5.58190668709388e-05	c30	ZC3H12C
1.82747143184452e-09	0.11839695756045	0.98	0.973	6.12897368812016e-05	c30	EIF1
2.04211479930422e-09	1.84316544897423	0.062	0.027	6.84884461390648e-05	c30	ST20
2.05820517329793e-09	1.36090216476421	0.134	0.08	6.90280851020661e-05	c30	RAB34
2.12699662918491e-09	0.974775882310888	0.185	0.12	7.13352129496036e-05	c30	YTHDF3
2.146290007601e-09	0.791026813805674	0.213	0.143	7.19822742749225e-05	c30	RAPGEF1
2.58781101366419e-09	3.50628289321836	0.013	0.002	8.67900057762697e-05	c30	AC083837.1
2.63566828158159e-09	1.28470944054217	0.097	0.051	8.83950428276833e-05	c30	PIK3CB
2.73915853408754e-09	0.676685733873315	0.288	0.208	9.18658989162279e-05	c30	IFNGR1
3.02663408210911e-09	0.21675687406243	0.899	0.871	0.000101507253845775	c30	PFDN5
3.08940869650778e-09	0.671392351357129	0.213	0.142	0.000103612588863478	c30	UBR4
3.20149577921597e-09	1.90808760708189	0.054	0.022	0.000107371765443345	c30	SLC41A2
3.25257570010828e-09	1.20086166431905	0.122	0.07	0.000109084883830231	c30	DUSP3
3.31374274896884e-09	2.79446769231178	0.018	0.004	0.000111136304314917	c30	SSTR2
3.35481795219201e-09	0.919108122230593	0.135	0.079	0.000112513884480615	c30	HNRNPH2
3.36066176979445e-09	1.72653350152385	0.032	0.01	0.000112709874435366	c30	ACOD1
3.4060505400096e-09	1.10491565995153	0.154	0.096	0.000114232123010842	c30	EHBP1L1
3.72931081544764e-09	2.52287471835136	0.03	0.009	0.000125073626128483	c30	AC073611.1
4.12485564353973e-09	2.77100088350671	0.02	0.005	0.000138339408573035	c30	GPRC5A
4.32021196915526e-09	1.24281994299294	0.135	0.081	0.000144891269021529	c30	COLGALT1
4.56025782394987e-09	1.76818588474488	0.063	0.028	0.000152941926899631	c30	TMCC3
4.95915783041545e-09	0.780261450100718	0.271	0.196	0.000166320235316473	c30	GNA13
5.06980820007029e-09	1.10247017277265	0.133	0.078	0.000170031227413958	c30	SEC24A
5.13498604050332e-09	0.994230388136393	0.112	0.062	0.0001722171618264	c30	STARD4
5.17140244195513e-09	2.5277139662336	0.021	0.005	0.000173438495098291	c30	ST6GALNAC2
5.50607475817621e-09	2.42880374871999	0.018	0.004	0.000184662735239714	c30	RUSC2
5.57392859031624e-09	0.45296665037506	0.506	0.424	0.000186938417062026	c30	VAPA
5.59757906708425e-09	1.03865067724263	0.15	0.092	0.000187731606751871	c30	LACTB
6.28712255811826e-09	1.223937046206	0.1	0.054	0.00021085751635417	c30	SESN2
6.4310545904078e-09	2.13229071258529	0.033	0.011	0.000215684708853097	c30	LONRF3
7.42999640081449e-09	1.69762405757914	0.087	0.045	0.000249187219290516	c30	LHFPL2
7.44122478567607e-09	2.23612614686216	0.025	0.007	0.000249563796862004	c30	AC004069.1
7.7061611023642e-09	1.22416455419312	0.151	0.095	0.00025844923105109	c30	TPRA1
7.82138496381799e-09	1.96374761103035	0.038	0.014	0.000262313608916528	c30	KIF13A
8.06623893043976e-09	1.29087792277924	0.133	0.079	0.000270525521249089	c30	AMPD2
8.06738018862839e-09	2.59726129644325	0.02	0.005	0.000270563796766219	c30	MIR210HG
8.58182032082025e-09	2.10005315181461	0.034	0.012	0.00028781708991967	c30	ZSWIM4
9.67843136389737e-09	2.14120754846258	0.025	0.007	0.00032459523108239	c30	AC010864.1
1.04384512023371e-08	0.808552586487497	0.152	0.094	0.000350084776423981	c30	CPEB4
1.0557291779002e-08	1.37036145671536	0.079	0.039	0.000354070451684167	c30	TNFRSF10D
1.08180218477695e-08	1.83417561286656	0.043	0.017	0.000362814816730492	c30	SRGAP1
1.34101141117767e-08	3.0434023300878	0.017	0.004	0.000449748407080767	c30	AC093895.1
1.37993918513071e-08	0.772481736051635	0.145	0.087	0.000462804003909137	c30	PXN
1.46149975398628e-08	0.687117015469651	0.139	0.083	0.00049015778749192	c30	AC016831.5
1.48853935066922e-08	2.54098631936973	0.018	0.004	0.000499226327427442	c30	AC005264.1
1.6783721791863e-08	3.22652033041517	0.011	0.002	0.000562892461455501	c30	RFX8
1.71154644137147e-08	3.39554783330543	0.021	0.006	0.000574018445507163	c30	CRYAB
1.8226394360008e-08	1.72991787413471	0.085	0.045	0.000611276814045949	c30	TMEM51
1.87365545123403e-08	0.554989932463876	0.382	0.301	0.000628386565234871	c30	PPP1CB
1.95460825354231e-08	2.31355818507256	0.038	0.014	0.000655536516073019	c30	TMEM45A
2.68044787471972e-08	0.96536254586909	0.158	0.1	0.000898968608223501	c30	TLE3
2.69920481431398e-08	1.15961991894412	0.093	0.05	0.000905259310624623	c30	NPL
2.78643919991066e-08	2.08598556711474	0.055	0.024	0.000934515978866037	c30	ARRDC4
3.13922169307036e-08	2.01850328969021	0.066	0.031	0.00105283217142194	c30	HSD3B7
3.52151827116868e-08	3.44915890667668	0.013	0.003	0.00118104679778455	c30	MOGAT1
3.53306312776031e-08	0.489144171502484	0.381	0.304	0.00118491871178825	c30	SFT2D1
3.68485006995416e-08	0.174970190134383	0.933	0.907	0.00123582501646123	c30	UBA52
3.73081200467433e-08	1.04205895146172	0.116	0.067	0.00125123973012768	c30	AL133415.1
3.81832576269051e-08	1.31026829402695	0.121	0.072	0.00128059009429114	c30	SLC8A1
3.93304931530632e-08	2.5954949955326	0.011	0.002	0.00131906607936743	c30	STX1B
4.04296759815835e-08	0.865324959135082	0.181	0.121	0.00135593047307035	c30	TFDP1
4.06296464301346e-08	1.26771999327784	0.095	0.052	0.00136263708197386	c30	VKORC1
4.63920881605609e-08	3.16104807438221	0.012	0.002	0.00155589785272889	c30	AF124730.1
4.69349673312588e-08	0.938707892547324	0.171	0.113	0.00157410493435576	c30	VAMP3
4.95286219723927e-08	0.770861985028092	0.189	0.127	0.00166109092371011	c30	DPYD
5.01817194207175e-08	2.10823204460569	0.022	0.006	0.00168299450593202	c30	AC024909.2
5.02432605184275e-08	1.29583271638715	0.062	0.029	0.00168505847126702	c30	AP005019.1
5.87320754330982e-08	0.964853075880285	0.154	0.098	0.00196975634587525	c30	ITPRIP
6.14725382690811e-08	0.766131475784821	0.171	0.113	0.00206166598846844	c30	CTNNA1
6.41819711747202e-08	0.851459765916002	0.172	0.114	0.00215253494925777	c30	CUX1
6.88058790180499e-08	1.86226335445995	0.021	0.006	0.00230761157050736	c30	AC093673.1
7.179533819912e-08	1.55093938858044	0.038	0.015	0.00240787205252209	c30	GLT1D1
7.30148284533794e-08	0.89811926901227	0.089	0.048	0.00244877131666944	c30	KLHL2
9.0431187160453e-08	1.61150251409141	0.064	0.031	0.00303288115498727	c30	DSC2
9.05647890688113e-08	2.22478139316103	0.022	0.007	0.00303736189578979	c30	TNNT1
9.23038579351512e-08	2.4976961521557	0.032	0.011	0.0030956867874291	c30	TMEM52B
9.71773057163079e-08	1.24186676648565	0.059	0.027	0.00325913247911353	c30	PROK2
9.82597988114247e-08	0.457946621124689	0.527	0.447	0.00329543713253756	c30	RNASET2
1.001157766349e-07	1.20672374624391	0.11	0.065	0.00335768291678126	c30	PITPNA
1.01338791468251e-07	0.907449790933652	0.12	0.071	0.00339870038826219	c30	KDM7A
1.01564864891875e-07	1.14000239430938	0.099	0.056	0.00340628243874369	c30	VDR
1.04464111865011e-07	0.784669628314689	0.142	0.088	0.00350351738372874	c30	ZNF281
1.05267205126335e-07	0.992391247873841	0.08	0.042	0.00353045152552701	c30	VMO1
1.05682756687428e-07	1.09096698072437	0.078	0.04	0.00354438829378296	c30	SLCO4A1
1.14068960103293e-07	1.12398532897188	0.142	0.091	0.00382564478394426	c30	ATP6V1C1
1.16452683062762e-07	2.47668199337648	0.026	0.009	0.0039055900845589	c30	LINC00346
1.18458337530583e-07	1.09964244192143	0.089	0.049	0.0039728557241007	c30	AC007952.4
1.20871395197371e-07	1.48873759931088	0.051	0.023	0.00405378485212941	c30	SERPINE1
1.25796019717174e-07	0.381644323743197	0.288	0.212	0.00421894690927459	c30	ANKRD28
1.36374432471249e-07	0.750860338855883	0.191	0.131	0.00457372571622074	c30	SUSD6
1.44501848583387e-07	1.815842014124	0.035	0.013	0.00484630299778964	c30	VNN1
1.70527854976093e-07	1.97310504622467	0.041	0.017	0.00571916320018822	c30	MICALL2
1.74659093938373e-07	2.19281620720223	0.026	0.009	0.00585771669250516	c30	MEIKIN
1.77743008911174e-07	0.578290249314421	0.386	0.312	0.00596114503286297	c30	MIR4435-2HG
1.80189508173669e-07	0.880714503504489	0.097	0.055	0.0060431957251285	c30	APOBR
1.8346154957552e-07	1.7851164661077	0.049	0.021	0.0061529334496638	c30	CHML
1.84712821887574e-07	1.48757853724318	0.05	0.022	0.00619489862046547	c30	IRGQ
1.88419105516188e-07	2.68139292470046	0.016	0.004	0.00631919996080191	c30	AP000695.2
1.90459081640039e-07	0.669508994735261	0.24	0.175	0.00638761668004362	c30	PLEC
1.90492315880949e-07	1.1307013138193	0.095	0.053	0.00638873129001526	c30	UBXN2B
2.07519099402448e-07	0.592387705045601	0.066	0.032	0.00695977555575929	c30	TRGC1
2.25382334390529e-07	2.41137306089366	0.017	0.004	0.00755887273078957	c30	JARID2-AS1
2.38343219105915e-07	2.7848478476273	0.022	0.007	0.00799355488237417	c30	AP001056.2
2.44682206523016e-07	0.49691780201593	0.247	0.18	0.00820615184236891	c30	KMT2E-AS1
2.46342669907537e-07	1.09414229866232	0.122	0.075	0.00826184046335899	c30	RASSF3
2.48552667642118e-07	1.33617058183916	0.075	0.039	0.00833595936738137	c30	FOSL1
2.70384198074474e-07	1.35741196512874	0.063	0.031	0.00906814523502172	c30	DIRC2
2.81223756478319e-07	1.65025313264721	0.033	0.012	0.00943168234476987	c30	PCSK5
2.87757761963861e-07	1.18254965235398	0.112	0.067	0.00965081982074397	c30	TMCO3
2.97263821724503e-07	1.29172606714684	0.02	0.006	0.00996963405299639	c30	VNN3
3.13398553149246e-07	2.24182375387264	0.011	0.002	0.0105107606755194	c30	LINC01093
3.41843698530414e-07	1.97298546018957	0.028	0.01	0.011464753961313	c30	LINC02035
3.48532414705488e-07	1.45263986310414	0.059	0.029	0.0116890801243927	c30	SPAG5
3.92515211808519e-07	2.30528837104551	0.018	0.005	0.0131641751736341	c30	MN1
4.01313194416816e-07	1.09603811656987	0.11	0.067	0.0134592419143512	c30	CSF2RB
4.0611729962026e-07	2.92610291926132	0.011	0.002	0.0136203619946643	c30	TSLP
4.12107673907151e-07	2.37959593782383	0.011	0.002	0.013821267167498	c30	LINC00520
4.18529950490087e-07	0.459806209631373	0.402	0.331	0.0140366574795366	c30	PPP4C
4.35033053139918e-07	0.895483415223185	0.034	0.013	0.0145901385362066	c30	SLPI
4.3531423221642e-07	1.80427830486723	0.045	0.02	0.0145995687200743	c30	ZNF577
4.41693317307215e-07	1.42323128912354	0.038	0.015	0.0148135104758494	c30	AC011611.3
4.70453918066761e-07	0.403952049570232	0.34	0.266	0.015778083504123	c30	SNX9
5.20545881199138e-07	2.63120489518296	0.02	0.006	0.0174580677636567	c30	AP000547.3
5.27082863703255e-07	2.91221107928002	0.013	0.003	0.0176773050828798	c30	UXT-AS1
5.29411745830516e-07	1.95497439765397	0.034	0.013	0.0177554111316638	c30	ZGLP1
5.46581201107362e-07	0.861320862737916	0.179	0.123	0.0183312403227387	c30	FAM45A
5.64764044305351e-07	2.65046073544561	0.013	0.003	0.0189410565179129	c30	CATIP
5.66464062533206e-07	1.63575242422789	0.07	0.037	0.0189980717292387	c30	GPR35
6.05019391740138e-07	1.19549541843172	0.116	0.072	0.0202911403601808	c30	FPR3
6.05784600095273e-07	2.08023713461373	0.022	0.007	0.0203168039179953	c30	AC135279.3
6.12910124270012e-07	1.95793430582865	0.018	0.005	0.0205557797477677	c30	AC016596.1
6.2647573466542e-07	2.71475119040717	0.021	0.006	0.0210107431892089	c30	AKAP12
6.39679228425543e-07	2.90545817718624	0.012	0.003	0.0214535619629359	c30	CDH26
6.58489948412835e-07	0.323209452183346	0.671	0.605	0.0220844358898697	c30	SEC61B
6.58940090956662e-07	1.13914025562527	0.088	0.05	0.0220995327705045	c30	CREB5
6.70219398455865e-07	1.46586142105581	0.055	0.027	0.0224778181854128	c30	ARHGEF40
7.1964171890466e-07	0.695735710130081	0.248	0.185	0.0241353439686245	c30	KLF10
7.21165372220309e-07	0.773969180482081	0.184	0.128	0.0241864442535247	c30	AL118516.1
7.31777312503883e-07	0.569919436327983	0.283	0.218	0.0245423475067552	c30	SAT2
7.41068252321642e-07	0.152159725586099	0.03	0.011	0.0248539470463632	c30	S100P
7.54804573654475e-07	0.658942283262187	0.026	0.009	0.0253146357912238	c30	CMTM2
7.57071240521193e-07	1.31302336266783	0.046	0.021	0.0253906552645998	c30	EXTL3
7.95447330758342e-07	0.282028972893099	0.675	0.626	0.0266777125789733	c30	GUK1
8.19734155997868e-07	0.587906462988171	0.201	0.143	0.0274922441238565	c30	UBA1
8.28781452187305e-07	1.06791755451571	0.087	0.049	0.0277956723434578	c30	PHF10
8.38608395165582e-07	1.57655716897669	0.06	0.03	0.0281252483570633	c30	CDK14
8.94227870952988e-07	0.271112067865102	0.568	0.475	0.0299906143360213	c30	ZFAND5
9.19864797313369e-07	0.343282372318981	0.388	0.31	0.0308504255722958	c30	RELB
9.23081889450439e-07	1.89594580409172	0.026	0.009	0.0309583204083888	c30	AC073195.1
9.88716235171487e-07	0.288322903115263	0.589	0.522	0.0331595650951813	c30	MAP1LC3B
1.03232083481836e-06	0.710999782961913	0.181	0.126	0.0346219761581383	c30	CTDSP1
1.10461873573957e-06	1.00890789194107	0.11	0.068	0.0370467031592336	c30	MTHFD2L
1.13777108771086e-06	0.890994123330084	0.1	0.059	0.0381585667396469	c30	TMEM44-AS1
1.1903993322609e-06	1.5201054041235	0.045	0.02	0.0399236128053662	c30	SLC16A6
1.23491631691127e-06	1.17843687384208	0.076	0.042	0.0414166234365702	c30	PDE8A
1.2757699083207e-06	0.935259358701034	0.11	0.068	0.0427867711852595	c30	NBPF19
1.29606379067068e-06	2.55045706160184	0.016	0.004	0.0434673874115132	c30	AP001189.5
1.4308448333226e-06	2.27485158591185	0.025	0.009	0.0479876740199734	c30	TJP2
