gene	p_val	avg_log2FC	pct.1	pct.2	p_val_adj	cluster
TNFRSF25	0.000104315155342331	0.0810998244137032	12.9109863672815	9.95677799607073	0.000846061127558064	c27
SLC2A7	3.60704815256626e-07	0.0013872651273079	0.0801924619085806	0.00196463654223969	5.36922892238012e-06	c27
AL354956.1	0.00155506082591986	0.00125933577877436	0.0801924619085806	0.00589390962671906	0.00894670362261565	c27
RPL11	1.60854085333302e-09	0.121087945610502	98.3159582999198	98.262278978389	3.89448156797174e-08	c27
RCAN3	0.00143757519087887	0.0799107545913054	14.1138732959102	11.7554027504912	0.00834864013016374	c27
MAN1C1	0.000277248540117886	0.0243602823762766	2.72654370489174	1.48133595284872	0.0019940728154565	c27
SH3BGRL3	0.0107304591441115	0.0125049386139517	89.4145950280674	92.4803536345776	0.0475370706379846	c27
CD52	6.19338536254502e-05	0.125484651191555	68.5645549318364	68.4646365422397	0.000534243205475913	c27
SFN	2.50579269562505e-45	0.0806658937648313	5.69366479550922	1.20530451866405	1.31311367852926e-42	c27
AL049795.1	6.78756258171843e-05	0.00230425557332816	0.240577385725742	0.031434184675835	0.000579387309406141	c27
LCK	1.37412589062936e-18	0.253264811406177	44.5870088211708	34.9410609037328	1.03330569775622e-16	c27
HEYL	0.00991460554682214	0.00431264255147532	0.320769847634322	0.0933202357563851	0.0445075680403321	c27
HPCAL4	0.000413173966326084	0.00759211382159862	0.641539695268645	0.193516699410609	0.00281933438100594	c27
MPL	7.52659100070806e-10	0.0030570104543967	0.160384923817161	0.00589390962671906	1.91813684636586e-08	c27
AL357079.1	0.000663396871911765	0.00430566206204732	0.240577385725742	0.0402750491159136	0.00426226135827141	c27
RPS8	0.000100324944875861	0.077755782651296	96.3111467522053	97.4400785854617	0.000817070908510597	c27
GPBP1L1	0.0109887127377302	0.0020027762620555	11.3071371291099	14.5530451866405	0.0485751216288382	c27
AL161644.1	0.00349531949550201	0.000954620532219709	0.0801924619085806	0.0068762278978389	0.0181268014906675	c27
TACSTD2	0.00275985744600691	0.0289068490118089	3.2878909382518	2.08251473477407	0.0147130979215037	c27
SYDE2	0.00418022213520709	0.00417270777134969	0.320769847634322	0.0825147347740668	0.0212289960585366	c27
C1orf52	0.00958016655805408	0.00183558144390183	12.0288692862871	15.4872298624754	0.0431970457144418	c27
AC104836.1	0.000121628906847625	0.00171885866386781	0.0801924619085806	0.00392927308447937	0.000966800321692674	c27
RPL5	6.3148337450277e-06	0.0832321419439848	87.6503608660786	89.6414538310413	7.04781677673008e-05	c27
CDC14A	0.00396612030623707	0.0506729373708658	8.74097834803528	6.82907662082515	0.0202459273714732	c27
AMY1C	3.60315215809183e-07	0.000690918530061383	0.0801924619085806	0.00196463654223969	5.36922892238012e-06	c27
GSTM3	5.25061642651439e-12	0.0708248603404857	6.97674418604651	3.45776031434185	1.89349649153161e-10	c27
EPS8L3	0.000121628906847625	0.0015958334426751	0.0801924619085806	0.00392927308447937	0.000966800321692674	c27
AL049557.1	0.0050877291520388	0.00215374232845205	0.160384923817161	0.0265225933202358	0.0251373394668646	c27
AL603832.1	9.7137870324909e-07	0.00198800884826291	0.160384923817161	0.00982318271119843	1.31948557916436e-05	c27
MAGI3	0.0105506423374911	0.00846099492007669	0.801924619085806	0.362475442043222	0.0468299950654811	c27
CD2	9.32108528581791e-39	0.437075853371171	59.1018444266239	43.4243614931238	3.59322480822714e-36	c27
VTCN1	0.00658913484524545	0.00222263896132663	0.0801924619085806	0.00785854616895874	0.0313656970403225	c27
SPAG17	0.00450559390362157	0.00299343022596067	0.240577385725742	0.0520628683693517	0.0226515677319233	c27
RBM8A	0.000221022902384081	0.10096936384543	54.6110665597434	58.1247544204322	0.00163268507106138	c27
AC242988.1	0.00659031294095669	0.00110025035265501	0.0801924619085806	0.00785854616895874	0.0313656970403225	c27
FLG	3.57069409145977e-11	0.00216734021569133	0.160384923817161	0.00491159135559921	1.13942852939465e-09	c27
LCE1E	0.00349109770553758	0.00155674482790525	0.0801924619085806	0.0068762278978389	0.0181189159468151	c27
SPRR1A	7.45573887971274e-13	0.0206340948750343	1.12269446672013	0.195481335952849	3.04197774389058e-11	c27
SPRR3	4.53467469942925e-26	0.0398515468442869	2.16519647153168	0.345776031434185	6.91290545770264e-24	c27
SPRR1B	3.02404109283617e-12	0.0257776899498321	1.68404170008019	0.402750491159136	1.13192288137879e-10	c27
SPRR2D	1.97929753311995e-24	0.0341185583411448	1.60384923817161	0.213163064833006	2.59303440100691e-22	c27
SPRR2A	9.38274595442146e-52	0.0728050086990968	3.68885324779471	0.509823182711198	6.29357067638774e-49	c27
SPRR2E	4.15067717145623e-12	0.0203382651950098	1.04250200481155	0.180746561886051	1.52137061176283e-10	c27
S100A4	0.00736906479969347	0.122826075169317	79.0697674418605	76.8722986247544	0.0345172758732011	c27
S100A2	7.63054681718317e-216	0.411435409631996	19.7273456295108	3.37819253438114	2.55913279154689e-211	c27
S100A16	4.33558254762715e-27	0.0607058570936131	4.57097032878909	1.19056974459725	7.41871262664894e-25	c27
S100A14	1.26559593648883e-55	0.0874684981459111	5.7738572574178	1.06286836935167	1.06113891294906e-52	c27
RPS27	1.94576347680398e-82	0.46065430300288	99.6792301523657	99.0776031434185	5.93245595318652e-79	c27
RAB25	3.87464582274695e-25	0.0474776386859347	3.20769847634322	0.701375245579568	5.43714943946809e-23	c27
HDGF	0.0052935481699535	0.0128008407069457	8.34001603849238	11.4214145383104	0.0259781999595992	c27
SH2D2A	0.000265478580268366	0.108359668682475	29.1098636728148	25.6984282907662	0.00191888375539665	c27
AL451074.6	0.00155506082591986	0.00160919405501985	0.0801924619085806	0.00589390962671906	0.00894670362261565	c27
CD247	4.82816405718457e-05	0.11577220961829	32.2373696872494	28.0068762278978	0.000426910008304392	c27
DCAF6	0.0100344109751258	0.000960098861219713	5.45308740978348	7.60510805500982	0.0449491218490408	c27
FASLG	0.00589444478766811	0.0512027576923368	8.74097834803528	6.8860510805501	0.0285263909507667	c27
Z99127.1	0.011006704798878	0.00126593351676671	0.0801924619085806	0.00884086444007859	0.0485756665604661	c27
TSEN15	0.00966186808077834	0.000526164172619303	9.38251804330393	12.2534381139489	0.0435069457160505	c27
KCNT2	0.00658913484524545	0.00162409025190426	0.0801924619085806	0.00785854616895874	0.0313656970403225	c27
PTPRC	0.00119491677719632	0.0792979225581598	67.4418604651163	70.4106090373281	0.00711687424500272	c27
PKP1	0.00719164579752226	0.0125970330866294	1.12269446672013	0.554027504911591	0.0338137413090287	c27
ATP2B4	0.00962592656669421	0.0756101121446391	18.4442662389735	16.4774066797642	0.0433778817334143	c27
BLACAT1	0.00155541937581078	0.00145820883410213	0.0801924619085806	0.00589390962671906	0.00894670362261565	c27
AC092810.3	3.60939433860677e-05	0.00229022424963179	0.160384923817161	0.0137524557956778	0.000329572195285036	c27
IRF6	0.00218450446226155	0.0152362823319757	1.20288692862871	0.554027504911591	0.0120065405859272	c27
WDR26	0.00357914012984988	0.00431742890662512	10.0240577385726	13.5628683693517	0.0185214012767945	c27
AL139161.1	0.00012371436152769	0.00422148715487401	0.240577385725742	0.0333988212180747	0.000980882330240111	c27
CHRM3-AS2	2.19978115520818e-09	0.0659276461294831	7.61828388131516	4.24165029469548	5.18820396507537e-08	c27
GREM2	0.00393168427712012	0.00618586593328646	0.641539695268645	0.237721021611002	0.0200920111263182	c27
AL591848.4	0.00349320802011962	0.000740634560870424	0.0801924619085806	0.0068762278978389	0.01812425906231	c27
C1orf229	0.000534309579742995	0.0018478366176166	0.0801924619085806	0.00491159135559921	0.0035229751955765	c27
RPS7	5.41331422315612e-22	0.224467745498777	97.9951884522855	96.8339882121807	5.69127687825109e-20	c27
LINC01871	1.14352061328302e-15	0.222802143223994	28.0673616680032	19.9204322200393	6.5223459741983e-14	c27
AC012065.4	0.00322010004646681	0.00252574293150716	0.160384923817161	0.0245579567779961	0.0168716943225127	c27
OTOF	0.000260135568051174	0.0123024850224153	1.36327185244587	0.572691552062868	0.00188473248677906	c27
KRTCAP3	1.71165314646746e-06	0.0258185766456033	2.00481154771451	0.793713163064833	2.18854072536125e-05	c27
C2orf16	0.00155506082591986	0.00134542764181989	0.0801924619085806	0.00589390962671906	0.00894670362261565	c27
MEMO1	0.0103629496729786	0.00359191277230642	5.85404971932638	8.08349705304519	0.0461434686845933	c27
SRSF7	7.42616647660045e-06	0.133771406641748	62.71050521251	64.5795677799607	8.12324759596301e-05	c27
ZFP36L2	2.51072586142718e-13	0.269834226657575	75.7818765036087	74.614931237721	1.09927838042487e-11	c27
LINC01833	0.000534309579742995	0.00129157561711263	0.0801924619085806	0.00491159135559921	0.0035229751955765	c27
PIGF	0.00983250906990074	0.00344443413783814	6.17481956696071	8.48722986247544	0.0441745062540296	c27
EPCAM	3.06346462345791e-16	0.0470085417485587	2.8869286287089	0.796660117878193	1.85121579354111e-14	c27
RPS27A	1.22514666932453e-17	0.112113904414044	96.1507618283881	98.2996070726916	8.48945640409219e-16	c27
COMMD1	0.000147994807674339	0.00672334913677525	10.3448275862069	15.0874263261297	0.00114602859842576	c27
LINC02579	0.011006704798878	0.000848521657971798	0.0801924619085806	0.00884086444007859	0.0485756665604661	c27
GNLY	5.71290748872355e-07	0.270900162748607	33.6006415396953	27.9636542239686	8.15664075593063e-06	c27
CD8A	2.92041104468322e-07	0.169918876126482	31.9165998396151	25.9390962671906	4.45203389166299e-06	c27
CD8B	3.47945986272858e-06	0.127593889870996	25.1804330392943	20.2956777996071	4.15429422841548e-05	c27
AC133644.2	0.00756443192885036	0.0220928403511654	2.32558139534884	1.43123772102161	0.0352796437254601	c27
MAL	1.98973366767845e-08	0.0582067713627298	6.57578187650361	3.62180746561886	3.89106051000583e-07	c27
ZAP70	4.04179974455941e-11	0.161584300895358	27.345629510826	20.6905697445973	1.27400263000971e-09	c27
MGAT4A	0.00362888193637603	0.104252554554867	25.7417802726544	24.1168958742633	0.0187282368144699	c27
RPL31	0.000764594546599734	0.0437054006042426	68.4041700080192	75.1493123772102	0.00481196695512514	c27
SULT1C4	0.00659031294095669	0.00137977429032998	0.0801924619085806	0.00785854616895874	0.0313656970403225	c27
POTEF	1.48623375882797e-20	0.00959962921434217	0.561347233360064	0.0333988212180747	1.37314897530503e-18	c27
POTEI	0.00189587300743401	0.00266586708997911	0.160384923817161	0.0225933202357564	0.0106143026622215	c27
CXCR4	5.91837664690639e-08	0.210568836963377	59.7433841218925	58.4174852652259	1.03921736117249e-06	c27
AC019186.1	0.00140946509418399	0.00381115813599091	0.160384923817161	0.0216110019646365	0.00820955893170244	c27
DAPL1	1.63402221035955e-21	0.039387327580636	3.2878909382518	0.809430255402751	1.65564461906461e-19	c27
LINC01934	0.000693201171674745	0.0435366278684351	6.97674418604651	4.94891944990177	0.00443505930858977	c27
HSPE1	0.000371748999921912	0.116584980330455	61.9085805934242	63.8654223968566	0.00257084134817091	c27
C2CD6	1.35045391040151e-05	0.00137741044736001	0.0801924619085806	0.00294695481335953	0.000138420548026827	c27
CTLA4	3.22734349691159e-06	0.129602960792814	25.1804330392943	20.5766208251473	3.87952136915487e-05	c27
ICOS	0.00334263672512651	0.077035226838737	21.4915797914996	18.6041257367387	0.0174320246442689	c27
MYOSLID	0.00757922289808863	0.00232266807905007	0.160384923817161	0.0284872298624754	0.0353240658082402	c27
RPL37A	1.38689687820939e-18	0.193649248852969	89.4947874899759	89.7357563850688	1.04057600674243e-16	c27
IGFBP2	8.20787105655911e-10	0.0420001842848292	3.76904570970329	1.58055009823183	2.07912069104894e-08	c27
IGFBP5	8.76236494368554e-11	0.0165838450752748	1.44346431435445	0.342829076620825	2.6168494700029e-09	c27
PTMA	3.05841787917096e-11	0.124866947646193	97.8348035284683	97.7996070726916	9.83444092345499e-10	c27
NGEF	0.000121703247945467	0.00249519217898908	0.160384923817161	0.0157170923379175	0.000966800321692674	c27
UGT1A7	7.97761099194297e-08	0.0143254438384089	0.801924619085806	0.166011787819253	1.35607256689196e-06	c27
GBX2	3.60315215809183e-07	0.0017260405472803	0.0801924619085806	0.00196463654223969	5.36922892238012e-06	c27
PDCD1	5.32042310094849e-05	0.0902264210746857	14.8356054530874	11.5628683693517	0.000466452723478808	c27
RPL32	8.31651943087079e-13	0.136792306323996	98.476343223737	98.6836935166994	3.37266540111904e-11	c27
WNT7A	0.00589857439310116	0.00493006866749841	0.400962309542903	0.12278978388998	0.0285422576822719	c27
OXNAD1	8.84954951625242e-05	0.090579447137226	16.6800320769848	13.3958742632613	0.000730665169069605	c27
RPL15	8.44542940132244e-05	0.0754697154347013	92.3817161186848	94.3506876227898	0.000701964835840278	c27
RPSA	1.00570944697288e-05	0.0525957063971956	85.1643945469126	88.4950884086444	0.000106633126133581	c27
RPL14	2.23362926322395e-10	0.0507844276046447	90.2165196471532	94.3104125736739	6.3163118237778e-09	c27
TMA7	2.20346306581209e-06	0.0355595933568817	76.5036086607859	82.5108055009823	2.74822403500208e-05	c27
RPL29	2.51722961389193e-06	0.0307074652346313	93.504410585405	95.9813359528487	3.10492264769061e-05	c27
FAM3D	1.30351237852515e-08	0.0124836479379212	0.721732157177225	0.12770137524558	2.64952716066524e-07	c27
GPR15	0.000504571541476249	0.0219221823175515	2.16519647153168	1.12180746561886	0.00335960300933699	c27
RPL24	2.16961416431806e-12	0.0915350831372512	91.9005613472333	93.9312377210216	8.30645203686062e-11	c27
CBLB	0.00139252718651316	0.108953371664835	27.345629510826	24.9734774066798	0.00813208719855102	c27
TRAT1	8.32790073983722e-09	0.088886956090473	12.3496391339214	8.03339882121807	1.76549390020645e-07	c27
CD96	1.47486023532942e-12	0.181397234730399	30.9542902967121	23.467583497053	5.79881155597633e-11	c27
TIGIT	0.000280175722795065	0.124451460110799	26.6238973536488	23.5667976424361	0.00201081390778962	c27
FBXO40	0.000534453504100483	0.00148697010425663	0.0801924619085806	0.00491159135559921	0.0035229751955765	c27
AC092902.3	0.011006704798878	0.00117223092974836	0.0801924619085806	0.00884086444007859	0.0485756665604661	c27
RUVBL1	0.00291958166413358	0.000432102220534816	4.25020048115477	6.5098231827112	0.0154833854920481	c27
TMEM108	0.00136987063208151	0.00499590837138831	0.320769847634322	0.0717092337917485	0.00801792692124778	c27
LINC02004	1.35045391040151e-05	0.000459443834217276	0.0801924619085806	0.00294695481335953	0.000138420548026827	c27
STAG1	0.00828424614779109	0.00151589089978046	8.90136327185245	11.794695481336	0.0381120778195635	c27
CP	0.0016114927896499	0.0110791727552931	0.721732157177225	0.260314341846758	0.00922550512280619	c27
TM4SF1	5.22573644216343e-12	0.0466060703114067	3.44827586206897	1.24656188605108	1.88655273194055e-10	c27
PFN2	1.527607608161e-33	0.0718507047408129	5.21251002405774	1.28388998035363	4.16527674491899e-31	c27
GPR171	1.64429034598718e-06	0.0715612857202772	10.6655974338412	7.25343811394892	2.11126376813621e-05	c27
MBNL1	2.35439465789798e-05	0.121689174279106	53.8893344025662	55.62278978389	0.000224898000673832	c27
GMPS	0.0113201517769743	0.000440846668581657	6.81635926222935	9.18958742632613	0.0497256385456667	c27
KCNMB2	0.000534453504100483	0.00113124985742677	0.0801924619085806	0.00491159135559921	0.0035229751955765	c27
SOX2	0.000143142774811317	0.0135426579616059	1.20288692862871	0.462671905697446	0.0011117930480829	c27
LINC02031	0.00454172259874813	0.00688156508690253	0.320769847634322	0.0834970530451866	0.0227922029802207	c27
AHSG	0.000534453504100483	0.0011267799209072	0.0801924619085806	0.00491159135559921	0.0035229751955765	c27
EIF4A2	0.00423502292776309	0.105578862269889	49.3183640737771	53.032416502947	0.0214746246172562	c27
TP63	2.024516261079e-07	0.028580336715086	2.16519647153168	0.823182711198428	3.20274652660695e-06	c27
RPL35A	3.33702394522054e-19	0.141876652361833	95.1082598235766	96.7671905697446	2.69031512199054e-17	c27
LMLN-AS1	1.35209528098243e-05	0.000598221447246058	0.0801924619085806	0.00294695481335953	0.000138420548026827	c27
S100P	2.48691542912884e-12	0.0402978389877225	3.20769847634322	1.10314341846758	9.44577232866624e-11	c27
FAM200B	0.00737581289593361	0.000205397817714892	9.86367281475541	13.0451866404715	0.0345392366523068	c27
FGFBP1	0.00167153063146654	0.01030112760246	0.882117080994387	0.349705304518664	0.0095161762549864	c27
LINC01259	0.000124170970428631	0.0024430549598173	0.240577385725742	0.0333988212180747	0.000983804867997973	c27
SLC30A9	0.00199891234963294	0.000243118853674673	6.25501202886929	9.09724950884086	0.0111102953897895	c27
AC107398.2	0.00659738549375027	0.000542567011280877	0.0801924619085806	0.00785854616895874	0.031384838963035	c27
UGT2B15	5.4793943889747e-08	0.00338602778082439	0.160384923817161	0.00785854616895874	9.71802903317998e-07	c27
UGT2A3	0.00895222384232035	0.00434326634684309	0.400962309542903	0.129666011787819	0.0407380845622442	c27
AC096759.2	0.00349180101478856	0.00160608072197481	0.0801924619085806	0.0068762278978389	0.0181197620971652	c27
USO1	0.00391076047943022	0.00193639715930943	9.22213311948677	12.516699410609	0.0200090137237423	c27
CXCL13	7.97030390436016e-19	0.280125274334284	22.8548516439455	14.1178781925344	6.11688906966661e-17	c27
CNOT6L	0.00532872985907534	0.101810969635611	27.2654370489174	25.803536345776	0.0261126449464741	c27
HNRNPDL	2.89082179938129e-05	0.0793776582339853	66.5597433841219	71.2053045186641	0.000269686735765368	c27
H2AFZ	0.0014771913777995	0.0931075388129954	60.5453087409783	63.1630648330059	0.00856110683664065	c27
LEF1	3.89432433973674e-07	0.0536489406738842	7.29751403368083	4.3664047151277	5.75364976678814e-06	c27
RPL34	6.37430670525216e-21	0.214640961557826	98.0753809141941	98.2721021611002	6.06394722157834e-19	c27
AC139718.1	0.000534453504100483	0.00131848134421736	0.0801924619085806	0.00491159135559921	0.0035229751955765	c27
AC079341.1	5.4649926500321e-05	0.00786369094305634	0.561347233360064	0.133595284872299	0.000477926788779078	c27
IL2	0.00454998602580829	0.00884999616411629	1.20288692862871	0.582514734774067	0.0228268408875929	c27
INPP4B	0.00135045677625234	0.0532447995098152	10.906174819567	8.50884086444008	0.00792920507036956	c27
RPS3A	0.00180824109639635	0.0311458695612883	93.1836407377706	95.5058939096267	0.0101958288316982	c27
FGG	0.000121707643812585	0.00098902468946415	0.0801924619085806	0.00392927308447937	0.000966800321692674	c27
GRIA2	3.60315215809183e-07	0.000892422953652977	0.0801924619085806	0.00196463654223969	5.36922892238012e-06	c27
AADAT	0.000212304110012217	0.00313879799213964	0.240577385725742	0.0353634577603143	0.00157667299415185	c27
F11	3.60704815256626e-07	0.00098083658779781	0.0801924619085806	0.00196463654223969	5.36922892238012e-06	c27
AC025183.1	0.00155470235214125	0.0016752116410506	0.0801924619085806	0.00589390962671906	0.00894670362261565	c27
IL7R	1.38608639999224e-25	0.372418048612352	39.0537289494788	28.0422396856582	2.0124054408199e-23	c27
GDNF-AS1	1.3510008226232e-05	0.0011051747942375	0.0801924619085806	0.00294695481335953	0.000138420548026827	c27
PTGER4	7.89782626750217e-05	0.143929298764763	29.9117882919006	27.590373280943	0.000662358833106997	c27
RPL37	1.13034625561489e-22	0.220655927922738	97.6744186046512	97.2043222003929	1.28506958375634e-20	c27
ITGA1	0.000441851545035608	0.0713227788568392	12.5100240577386	9.74066797642436	0.00298805283143138	c27
GZMA	4.08722068558373e-21	0.448065403735769	48.4362469927827	37.5461689587426	3.97325238704658e-19	c27
PLPP1	0.00397591152061131	0.0715083529482066	11.3071371291099	9.26620825147348	0.0202866454553875	c27
ANKRD55	0.00399918974984612	0.0150063649190886	1.36327185244587	0.68664047151277	0.0203899096732045	c27
LINC02198	1.35045391040151e-05	0.00100410266302052	0.0801924619085806	0.00294695481335953	0.000138420548026827	c27
RASGRF2	0.00262561659734002	0.0137267229521203	1.60384923817161	0.826129666011788	0.0141005491499743	c27
RPS23	0.00215791316643913	0.0110713939579479	95.028067361668	97.4194499017682	0.0118798574812928	c27
AC108174.1	1.35154794612441e-05	0.000869519508430465	0.0801924619085806	0.00294695481335953	0.000138420548026827	c27
GPR150	0.00349860091830006	0.00859582609496972	0.882117080994387	0.37229862475442	0.0181410138524965	c27
CAMK4	1.01962557536989e-11	0.128004266355482	20.0481154771451	13.7347740667976	3.5217510346813e-10	c27
AC119150.1	0.00189564536934369	0.00230780017152651	0.160384923817161	0.0225933202357564	0.0106143026622215	c27
PITX1	8.96307096622313e-12	0.0272350131569924	2.0850040096231	0.584479371316307	3.11506190741131e-10	c27
CXCL14	6.73275885900439e-11	0.026228483997977	1.68404170008019	0.43811394891945	2.04162085545469e-09	c27
TCERG1	0.00918669118476518	0.00274535593717642	10.6655974338412	13.9066797642436	0.0416862737051353	c27
RPS14	1.26422620465805e-18	0.152440238997755	97.3536487570168	97.7514734774067	9.57101996655117e-17	c27
ITK	2.65293255061054e-10	0.148050188734334	25.0200481154771	18.75442043222	7.37150388420681e-09	c27
LINC01947	1.63745603225504e-19	0.00136361287904841	0.0801924619085806	0	1.36270472480818e-17	c27
NPM1	0.000324245363151249	0.0480529213231466	70.8099438652767	75.5068762278978	0.0022783450637684	c27
CPLX2	1.63745603225504e-19	0.00111050219206004	0.0801924619085806	0	1.36270472480818e-17	c27
AC139491.7	6.80225177133652e-06	0.00310149969078294	0.240577385725742	0.0255402750491159	7.52420580168483e-05	c27
PROP1	1.63745603225504e-19	0.000636370155878519	0.0801924619085806	0	1.36270472480818e-17	c27
AC008443.2	0.00658913484524545	0.00138770204282575	0.0801924619085806	0.00785854616895874	0.0313656970403225	c27
AL359643.2	0.011006704798878	0.00116851866005133	0.0801924619085806	0.00884086444007859	0.0485756665604661	c27
DSP	1.93540690092128e-20	0.0488774665756496	3.76904570970329	1.04813359528487	1.76384990877983e-18	c27
HIST1H2BE	4.34065979466576e-24	0.052947563123099	2.32558139534884	0.419449901768173	5.57766468174331e-22	c27
HLA-A	0.00951427810270459	0.0173230717721538	91.7401764234162	94.8968565815324	0.0429548992282835	c27
HLA-B	1.62510730123145e-08	0.0625895911403922	95.7497995188452	97.8310412573674	3.24407518191125e-07	c27
EHMT2-AS1	0.000323676896914912	0.00166762344074857	0.160384923817161	0.0176817288801572	0.00227673568975091	c27
RPS18	3.74739752649051e-26	0.249154727403773	96.9526864474739	96.5864440078585	5.84559154620645e-24	c27
UQCC2	0.0088623196154589	0.0271516652046908	14.0336808340016	18.4204322200393	0.0403892478955375	c27
RPL10A	1.21507027990262e-14	0.19704303878516	86.4474739374499	87.5785854616896	6.24058607157338e-13	c27
SRPK1	0.00769589095616737	0.00176619809685533	8.82117080994387	11.7563850687623	0.0357832789252657	c27
GLP1R	1.35045391040151e-05	0.00187841824708949	0.0801924619085806	0.00294695481335953	0.000138420548026827	c27
MEA1	0.00245264306512102	0.000613092327991283	17.401764234162	22.901768172888	0.013269356850787	c27
MRPL2	0.0104037420372632	0.00325571241406583	6.41539695268645	8.77996070726915	0.0463066623020219	c27
HSP90AB1	0.000681817297482418	0.0843659629920603	69.607056936648	73.1188605108055	0.00436805893466387	c27
TCTE1	2.94392593406243e-06	0.00258678998617576	0.160384923817161	0.0108055009823183	3.56953680320267e-05	c27
GSTA1	1.10432302614103e-28	0.0456430485459399	3.12750601443464	0.607072691552063	2.12855089946654e-26	c27
AL136164.2	2.77841636570912e-10	0.00143831054429783	0.0801924619085806	0.000982318271119843	7.55738565555351e-09	c27
EEF1A1	5.20922538218258e-06	0.100066394481472	98.9574979951884	99.0599214145383	5.95659737018887e-05	c27
CRYBG1	0.00802927294183691	0.0999518887640264	18.5244587008821	16.8673870333988	0.0371377404390189	c27
SCML4	0.00616547918002364	0.0578876038344015	12.0288692862871	9.95972495088409	0.0296692967459065	c27
ARMC2-AS1	0.000534885493943453	0.000697922892234737	0.0801924619085806	0.00491159135559921	0.0035229751955765	c27
FYN	4.87077016326117e-09	0.166356776986209	36.6479550922213	30.8182711198428	1.0754173122808e-07	c27
THEMIS	1.89571621076792e-05	0.07954524345565	14.4346431435445	10.8958742632613	0.000186501995531636	c27
RPS12	1.67237276591367e-29	0.1899336405027	98.2357658380112	99.1306483300589	3.33857367995313e-27	c27
TNFAIP3	1.89319169529314e-17	0.294627048800912	76.102646351243	72.671905697446	1.27754251663463e-15	c27
PERP	7.33566661926474e-36	0.211437543192969	18.8452285485164	9.07465618860511	2.29928586053178e-33	c27
AL078581.3	0.000121589556376438	0.00143315481959194	0.0801924619085806	0.00392927308447937	0.000966800321692674	c27
PCMT1	0.000984448365633828	0.00818531280214702	13.0713712910986	17.9479371316306	0.00599557641428739	c27
AL391361.3	0.0110049368885291	0.00174059681187457	0.0801924619085806	0.00884086444007859	0.0485756665604661	c27
PSMG3	0.00433254569619168	0.00339858337923739	5.53327987169206	7.99410609037328	0.0218832707166983	c27
UMAD1	0.0104263332524805	0.00274894488150502	5.93424218123496	8.19056974459725	0.0463825924687215	c27
AGR2	1.43231837716031e-11	0.0277432288708373	1.76423416198877	0.452848722986248	4.85713789011148e-10	c27
TOMM7	2.71176318793464e-08	0.0913734296554165	68.0032076984763	73.4155206286837	5.17627283989482e-07	c27
AC018647.1	0.000534453504100483	0.00137295668824715	0.0801924619085806	0.00491159135559921	0.0035229751955765	c27
TRGC2	0.00871137781868427	0.036344919023249	6.41539695268645	4.85756385068762	0.0398421095435747	c27
TRGV10	1.47700452866145e-06	0.0699563864075487	8.2598235765838	5.26129666011788	1.91850417824352e-05	c27
TRG-AS1	6.63954166049053e-05	0.0868548526240444	11.6279069767442	8.76817288801572	0.000568198387878366	c27
IGFBP3	2.93652267171916e-07	0.0265010597333544	2.24538893344026	0.87524557956778	4.4725293989154e-06	c27
AC073115.1	0.000492391946076116	0.00233054709028031	0.160384923817161	0.018664047151277	0.00328633653482603	c27
NUPR2	0.00191669033529511	0.00403499628925923	0.320769847634322	0.0746561886051081	0.0107154459851854	c27
HSPB1	1.05818772145211e-13	0.272131503535307	45.5493183640738	39.9086444007859	4.89510342097393e-12	c27
AC105052.1	0.0110084729615702	0.00145996586877831	0.0801924619085806	0.00884086444007859	0.0485756665604661	c27
RELN	0.00155470235214125	0.00161785589325452	0.0801924619085806	0.00589390962671906	0.00894670362261565	c27
LRRN3	0.000222587832383256	0.0371109905037904	4.08981555733761	2.47151277013752	0.00164249740868419	c27
TRBV3-1	0.00759841989759495	0.0253482098248495	2.24538893344026	1.36247544204322	0.0353987785144519	c27
TRBV5-1	0.000207080226816232	0.0469198526544285	5.21251002405774	3.30451866404715	0.00154437550521743	c27
TRBV10-1	0.00638322910415342	0.018259268925809	1.44346431435445	0.764243614931238	0.0305349789894591	c27
TRBV6-6	0.00144894495954764	0.0236451529007899	2.00481154771451	1.06777996070727	0.00841321261310747	c27
TRBV7-9	2.84616533731173e-05	0.0583519458809227	5.13231756214916	3.07170923379175	0.000265742464038867	c27
TRBV20-1	2.00068755522939e-10	0.096316605070567	8.98155573376103	4.96463654223969	5.68154608190376e-09	c27
TRBV22-1	0.000534741461192401	0.000962974062269873	0.0801924619085806	0.00491159135559921	0.0035229751955765	c27
MTRNR2L6	0.00155470235214125	0.00156929431993012	0.0801924619085806	0.00589390962671906	0.00894670362261565	c27
TRBV27	0.00126428671258467	0.0473293488519693	4.89174017642342	3.27111984282908	0.00748616662547046	c27
TRBV28	7.39342064531425e-14	0.181469262646212	15.3969526864475	9.32711198428291	3.49732780821649e-12	c27
TRBJ1-2	0.00637369762519599	0.0039970799094008	0.320769847634322	0.087426326129666	0.0304942909673089	c27
TRBC1	1.8980799057688e-18	0.270010893521125	37.9310344827586	27.9548133595285	1.40835849291315e-16	c27
TRBC2	1.43149777666653e-10	0.207501330528771	49.3985565356856	43.3300589390963	4.1638831252248e-09	c27
TRBV30	0.00311614040269659	0.0205845857646662	1.84442662389735	1.00196463654224	0.0164064547606967	c27
GIMAP1	0.00138675753441682	0.0769996909475612	13.7129109863673	11.3231827111984	0.00810827653229974	c27
LINC01287	1.74299752301853e-06	0.00318850700037247	0.400962309542903	0.0589390962671906	2.22437788915507e-05	c27
CNPY1	3.60509964736567e-07	0.000992885758928269	0.0801924619085806	0.00196463654223969	5.36922892238012e-06	c27
CD99	0.00506125689700787	0.0557699766712012	62.9510825982358	67.2878192534381	0.0250401863878627	c27
GYG2-AS1	2.77841636570912e-10	0.00149595110761499	0.0801924619085806	0.000982318271119843	7.55738565555351e-09	c27
TMSB4X	0.000630161862809443	0.0754348787550709	99.3584603047314	99.311394891945	0.00407448786483576	c27
ACE2	0.0110120100441059	0.000420796265388418	0.0801924619085806	0.00884086444007859	0.0485756665604661	c27
SYTL5	0.0110049368885291	0.00142016486416562	0.0801924619085806	0.00884086444007859	0.0485756665604661	c27
PCSK1N	1.09739759803672e-05	0.0311285090319647	3.60866078588613	1.89685658153242	0.00011541085181234	c27
CCDC120	0.0106356052681798	0.0105443685884296	1.44346431435445	0.795677799607073	0.0471555247170487	c27
GAGE2A	0.000534309579742995	0.00164226383363778	0.0801924619085806	0.00491159135559921	0.0035229751955765	c27
TSPYL2	0.00332893966982835	0.117569716441918	29.0296712109062	27.5746561886051	0.0173768060150511	c27
PFKFB1	0.0062653671216792	0.00148015837281221	0.160384923817161	0.0275049115913556	0.0300759241414412	c27
MTRNR2L10	0.000346516978499558	0.00378234120424689	0.240577385725742	0.037328094302554	0.00241761731327609	c27
PAGE5	0.00333061758004791	0.00950970117316662	0.721732157177225	0.277996070726916	0.017382859072463	c27
GCNA	0.00641144593127586	0.0179045472142468	1.84442662389735	1.05599214145383	0.0306306372711011	c27
RPS4X	1.94971103972877e-10	0.0953826270663702	93.4242181234964	95.3133595284872	5.55559973240641e-09	c27
GPR174	7.93601229663136e-05	0.0939143254282892	18.925421010425	15.3644400785855	0.000665228643850094	c27
ITM2A	0.00027453088515505	0.104817792419716	28.7089013632719	25.188605108055	0.00197749502283721	c27
PCDH11X	0.000121668269325202	0.000740663213899708	0.0801924619085806	0.00392927308447937	0.000966800321692674	c27
RPL36A	0.000310167008594429	0.100605799394679	61.9887730553328	65.992141453831	0.00219691259434846	c27
AL035427.1	0.00507993723330007	0.0038126508886077	0.160384923817161	0.0265225933202358	0.0251136401725262	c27
H2BFM	2.77841636570912e-10	0.00112350285714716	0.0801924619085806	0.000982318271119843	7.55738565555351e-09	c27
CXorf57	0.000508312747920882	0.0221961382721617	2.16519647153168	1.1237721021611	0.00338115687024406	c27
TSC22D3	6.01797884383763e-14	0.265947777895911	79.0697674418605	77.983300589391	2.88329963520895e-12	c27
VSIG1	0.00367425446253138	0.0100096618099713	0.882117080994387	0.37426326129666	0.0189230875559548	c27
GUCY2F	0.000121589556376438	0.00220319112208087	0.0801924619085806	0.00392927308447937	0.000966800321692674	c27
RPL39	3.2598536539722e-15	0.0818532317165488	97.0328789093825	99.2996070726916	1.78934487474501e-13	c27
GRIA3	0.00102266402997476	0.00228799775874459	0.160384923817161	0.0206286836935167	0.00620106784257704	c27
GPC3	1.3062552944812e-16	0.0322357901352506	1.60384923817161	0.294695481335953	8.17335635565495e-15	c27
CD40LG	3.77697223087521e-07	0.052713446976172	5.7738572574178	3.23084479371316	5.59752959253614e-06	c27
HMGB3	0.00161270330820921	0.00359572158917021	3.68885324779471	5.9656188605108	0.00922983678339941	c27
RPL10	8.71299837786791e-11	0.0817454376716071	98.476343223737	99.2730844793713	2.60442548660369e-09	c27
DEFB1	4.03532389078592e-26	0.0845612995666839	5.29270248596632	1.54715127701375	6.23671394696674e-24	c27
USP17L7	2.77841636570912e-10	0.00205797115003077	0.0801924619085806	0.000982318271119843	7.55738565555351e-09	c27
NEFL	0.000909167066944395	0.0100224197704357	0.721732157177225	0.2475442043222	0.0055978786655372	c27
SARAF	6.81214391126467e-19	0.212320834799308	79.0697674418605	81.9479371316306	5.2641862326266e-17	c27
LEPROTL1	1.45591120473035e-21	0.297828637139831	52.6062550120289	45.2878192534381	1.48414437642086e-19	c27
AC034114.2	0.000534741461192401	0.000722574459636142	0.0801924619085806	0.00491159135559921	0.0035229751955765	c27
AC015522.1	2.78067085066284e-10	0.00106095483608981	0.0801924619085806	0.000982318271119843	7.55738565555351e-09	c27
AC090568.2	0.000121589556376438	0.00127831406942241	0.0801924619085806	0.00392927308447937	0.000966800321692674	c27
AC010834.3	3.60315215809183e-07	0.00143102155563005	0.0801924619085806	0.00196463654223969	5.36922892238012e-06	c27
RPL30	1.88109855508143e-26	0.207158474681624	98.6367281475541	98.8988212180746	3.01857815025459e-24	c27
RNF19A	0.00569114567872147	0.108028995810467	28.869286287089	27.4410609037328	0.0276903588819035	c27
AP003472.2	0.00709320558986798	0.00794016147136508	0.721732157177225	0.299607072691552	0.0334211757618702	c27
YWHAZ	0.00049563014565182	0.0513919063448793	72.654370489174	76.909626719057	0.00330531792103216	c27
AC012213.1	0.000491750763462259	0.00185922888532265	0.160384923817161	0.018664047151277	0.00328271041102652	c27
MAL2	8.09144573593791e-05	0.0158689923185207	1.60384923817161	0.676817288801572	0.000676566709279197	c27
AC100860.1	2.77841636570912e-10	0.000674784765171141	0.0801924619085806	0.000982318271119843	7.55738565555351e-09	c27
LY6D	0.00127622944075579	0.00645581812696424	0.641539695268645	0.213163064833006	0.00754755474943883	c27
LY6E	0.000138846961011271	0.134622116137203	57.2574178027265	58.3005893909627	0.00108395004152607	c27
AC138696.2	0.00155470235214125	0.00135567207467316	0.0801924619085806	0.00589390962671906	0.00894670362261565	c27
EEF1D	3.74144506303825e-11	0.0603172189822483	84.2822774659182	89.5039292730845	1.18900944830201e-09	c27
SPATA6L	6.92174491836703e-05	0.0198103992670019	1.60384923817161	0.673870333988212	0.00058934115529879	c27
RLN2	0.000721941421552418	0.0215444583159441	2.00481154771451	1.03438113948919	0.00458515454018823	c27
RPS6	3.0484818333228e-07	0.0745340646432249	91.2590216519647	93.4734774066798	4.62624360751041e-06	c27
MLLT3	0.000121199338497365	0.0608952584848848	9.78348035284683	7.1090373280943	0.000966800321692674	c27
AQP3	0.00981527248335452	0.0673743708512072	12.9109863672815	11.0530451866405	0.0441147961065055	c27
FAM201A	0.00153937828235041	0.00448830290381905	0.320769847634322	0.0726915520628684	0.00888294370844254	c27
ANXA1	0.0112254960565459	0.124509926294956	45.4691259021652	45.6060903732809	0.0493486284892431	c27
AL158154.2	2.77841636570912e-10	0.00212839081680785	0.0801924619085806	0.000982318271119843	7.55738565555351e-09	c27
NTRK2	1.49747261016652e-11	0.0316240423490056	2.24538893344026	0.666011787819253	5.05253887321579e-10	c27
AL158071.4	0.00814785155550776	0.0163114327087925	1.60384923817161	0.895874263261297	0.0376032262926406	c27
AL354861.2	2.77841636570912e-10	0.000995725895624367	0.0801924619085806	0.000982318271119843	7.55738565555351e-09	c27
TMEM246-AS1	1.63745603225504e-19	0.00191280215370593	0.0801924619085806	0	1.36270472480818e-17	c27
OR1J4	2.77841636570912e-10	0.00113623765682067	0.0801924619085806	0.000982318271119843	7.55738565555351e-09	c27
RPL35	1.98440208628157e-08	0.0247427929719874	88.6928628708901	92.9115913555992	3.88289831795283e-07	c27
RPL12	2.44013567696023e-19	0.150701580774166	97.3536487570168	97.6994106090373	2.00091125510739e-17	c27
LCN2	5.73541351237164e-60	0.073998270000713	3.84923817161187	0.485265225933202	5.65747936405648e-57	c27
PAXX	2.30216580760722e-05	0.148699128333951	44.5068163592622	44.2730844793713	0.00022053709470303	c27
CLIC3	0.00168336653374476	0.0646407115828794	13.953488372093	11.2642436149312	0.00957868116877024	c27
CACNA1B	0.00659149122607768	0.0011257988317673	0.0801924619085806	0.00785854616895874	0.0313656970403225	c27
IFITM2	2.41631406386401e-05	0.116413083174261	73.7770649558941	76.0304518664047	0.000229765639563003	c27
IFITM1	7.05798335912024e-37	0.533978782517702	80.9141940657578	68.2121807465619	2.41541475406301e-34	c27
RPLP2	1.98430287359785e-07	0.0322151593093336	93.1034482758621	96.3742632612967	3.14655081677185e-06	c27
POLR2L	0.00904156930502042	0.0647581354928424	51.9647153167602	56.7514734774067	0.0410944777546788	c27
RPL27A	0.00154202726409877	0.0299535696398228	65.6776263031275	71.8978388998035	0.00889669884454576	c27
TMEM9B	0.0101891650023797	0.00820945472181339	17.9631114675221	22.9106090373281	0.0455086184378494	c27
SPON1	0.00175692362710429	0.0108776174059228	0.962309542902967	0.397838899803536	0.00993654377838508	c27
PDE3B	0.0018312446244091	0.0685695095973824	16.2790697674419	13.6090373280943	0.0103099349023724	c27
KCNC1	0.00141105771466939	0.00289556437531886	0.160384923817161	0.0216110019646365	0.00821598153378159	c27
DBX1	0.0110084729615702	0.0011368783615903	0.0801924619085806	0.00884086444007859	0.0485756665604661	c27
ANO3	5.48629879948515e-08	0.00216751406058603	0.160384923817161	0.00785854616895874	9.72513156115924e-07	c27
AC100771.2	0.000121628906847625	0.000867101403558137	0.0801924619085806	0.00392927308447937	0.000966800321692674	c27
AC018716.2	2.77841636570912e-10	0.000863515292574621	0.0801924619085806	0.000982318271119843	7.55738565555351e-09	c27
MDK	6.67386610191459e-16	0.0731955606162285	5.7738572574178	2.32711198428291	3.90624993588153e-14	c27
AP002347.1	3.60315215809183e-07	0.00232003520142439	0.0801924619085806	0.00196463654223969	5.36922892238012e-06	c27
CD6	1.82150234400129e-11	0.158532085073934	26.8644747393745	20.0461689587426	6.04248720208856e-10	c27
CD5	3.51978353298415e-06	0.0957633633574621	17.0008019246191	12.9813359528487	4.19795519662953e-05	c27
GANAB	0.00516932347184877	0.00043028845718919	5.85404971932638	8.32416502946955	0.0254729313251343	c27
RARRES3	1.97684915756841e-09	0.19013195008782	45.1483560545309	39.9292730844794	4.71547418538616e-08	c27
MAJIN	0.000542139884735876	0.0025935390780409	0.240577385725742	0.0392927308447937	0.00356515440279839	c27
FAU	4.32142214119071e-07	0.0407049571306324	96.7121090617482	98.3202357563851	6.33166691879659e-06	c27
PTPRCAP	1.1449382914811e-14	0.270841777909398	71.3712910986367	63.5206286836935	5.88940803983023e-13	c27
AP002336.2	0.000121707643812585	0.000855225008923852	0.0801924619085806	0.00392927308447937	0.000966800321692674	c27
CTTN	4.12080414427424e-08	0.0379762219807404	2.80673616680032	1.1483300589391	7.53152748722994e-07	c27
RPS3	1.53621955256142e-26	0.226554256888643	98.0753809141941	97.5422396856581	2.51325518799049e-24	c27
MYO7A	0.000457466760123842	0.0424439627781542	6.09462710505213	4.15913555992142	0.003081446113885	c27
SYTL2	0.00212923756748696	0.0599004665000808	10.1042502004812	7.95677799607073	0.0117393341342064	c27
GPR83	0.000323479513287435	0.0019756539757437	0.160384923817161	0.0176817288801572	0.00227616309285399	c27
AP000943.3	0.00155470235214125	0.00132249354874206	0.0801924619085806	0.00589390962671906	0.00894670362261565	c27
CRYAB	0.000194227412381288	0.0133391175124974	1.36327185244587	0.56286836935167	0.00146051927831886	c27
TMPRSS4	0.000291783652792179	0.0187490997635611	1.20288692862871	0.484282907662082	0.00207855568125406	c27
CD3E	1.86740836271322e-67	0.662862420270063	77.626303127506	53.0137524557957	2.72300615950765e-64	c27
CD3D	1.58406957077455e-66	0.633295216954658	69.6872493985565	46.4901768172888	2.21360521935987e-63	c27
CD3G	6.42746598530459e-27	0.289859727987365	41.299117882919	28.7514734774067	1.08323796088013e-24	c27
AP001267.3	0.00124354109862643	0.00565137075031418	0.400962309542903	0.102161100196464	0.00737665089045971	c27
RPS25	2.8579570041145e-25	0.151094907064865	93.7449879711307	96.1286836935167	4.04431063307984e-23	c27
HSPA8	5.79364849111964e-12	0.202348020554027	75.4611066559743	76.7485265225933	2.06709982016139e-10	c27
ETS1	5.79365523045667e-06	0.140351328941925	32.6383319967923	29.0422396856582	6.53794108745141e-05	c27
AL451164.3	0.000121589556376438	0.00101065385338296	0.0801924619085806	0.00392927308447937	0.000966800321692674	c27
AKR1C1	4.51049941640282e-10	0.0352086054668368	2.485966319166	0.847740667976424	1.18738720115634e-08	c27
AKR1C2	5.74384229334066e-33	0.0713169845427997	4.73135525260625	1.10707269155206	1.50497642839109e-30	c27
AKR1C3	5.67892419546054e-15	0.0569891873813639	5.05212510024058	1.96267190569745	3.01837970946681e-13	c27
LINC02561	0.00155470235214125	0.00127581722859822	0.0801924619085806	0.00589390962671906	0.00894670362261565	c27
CALML3	9.404422355415e-45	0.0787677373197348	5.61347233360064	1.18664047151277	4.77887146902891e-42	c27
GATA3	2.45966919149452e-10	0.153458232323041	22.4538893344026	16.5481335952849	6.87436544536193e-09	c27
RAB18	0.0087156313910566	0.00471518076540148	12.1892542101043	15.7524557956778	0.0398561283874088	c27
CREM	0.00699156128832056	0.107459968187693	48.9174017642342	51.0599214145383	0.0329746846417796	c27
SLC16A9	0.0113338034238349	0.00650932786784573	0.320769847634322	0.0952848722986248	0.0497660512213375	c27
AL592430.2	2.77841636570912e-10	0.00133430947699421	0.0801924619085806	0.000982318271119843	7.55738565555351e-09	c27
CABCOCO1	0.000121628906847625	0.000975681439943013	0.0801924619085806	0.00392927308447937	0.000966800321692674	c27
AC022398.1	0.000534885493943453	0.00101674597047389	0.0801924619085806	0.00491159135559921	0.0035229751955765	c27
ZNF365	0.00921899157499264	0.0096207065445411	0.882117080994387	0.407662082514735	0.0418215256921552	c27
HKDC1	2.0283478178573e-05	0.0100355663145632	0.721732157177225	0.18762278978389	0.000198014814053237	c27
AL596223.2	1.63745603225504e-19	0.00137517560957558	0.0801924619085806	0	1.36270472480818e-17	c27
PRF1	0.00762934112406819	0.0912325801452853	27.9871692060946	25.4626719056974	0.0355004769701707	c27
SPOCK2	1.55938201816235e-10	0.174469324279005	36.4875701684042	29.3978388998035	4.50461275840903e-09	c27
DDIT4	0.00629946603786178	0.12244889131191	45.8700882117081	47.5265225933202	0.0302204966353609	c27
PPP3CB	0.0111754010434906	0.000495756591562244	5.13231756214916	7.18664047151277	0.0491477314708352	c27
ADIRF	0.00119078903204087	0.0180494812551097	1.76423416198877	0.893909626719057	0.00709607010600333	c27
AL353751.1	2.77841636570912e-10	0.0016054900605568	0.0801924619085806	0.000982318271119843	7.55738565555351e-09	c27
LCOR	0.00969836950052953	0.00105784287584168	7.69847634322374	10.3477406679764	0.0436319527380561	c27
COL17A1	0.000992124391136379	0.00698729538097888	0.481154771451484	0.133595284872299	0.00603443377401739	c27
AFAP1L2	0.00539686730082186	0.0290114957091439	4.00962309542903	2.74165029469548	0.0264195205860405	c27
ABLIM1	6.66941984397724e-10	0.136054436829168	22.6142742582197	16.7249508840864	1.71401534656941e-08	c27
LAG3	0.0095257093142783	0.0862344844128076	22.8548516439455	20.6689587426326	0.0429861731676891	c27
C12orf57	1.17864970869716e-10	0.18949400604859	59.3424218123496	57.6326129666012	3.45538058831167e-09	c27
U47924.2	0.00519780188582035	0.011182054332032	0.721732157177225	0.290766208251473	0.0255944251540567	c27
KLRB1	3.66701690569313e-10	0.18204209588989	26.4635124298316	19.803536345776	9.79995582285428e-09	c27
CLEC2D	0.00682760608226881	0.0896564726546298	26.6238973536488	24.4449901768173	0.0323059047385908	c27
CD69	3.89938628672238e-08	0.213140609348498	61.186848436247	56.458742632613	7.18163741263565e-07	c27
CLEC1B	0.00659149122607768	0.00103092458896257	0.0801924619085806	0.00785854616895874	0.0313656970403225	c27
PRH2	4.02632004286713e-05	0.00847452091819734	0.481154771451484	0.101178781925344	0.000362899009937323	c27
LDHB	5.30488430750456e-06	0.148014515534269	45.0681635926223	45.1257367387033	6.0535967984038e-05	c27
PTHLH	0.00910713166567408	0.0118722229579407	1.12269446672013	0.56483300589391	0.041364434155387	c27
SYT10	3.60315215809183e-07	0.00168328998517888	0.0801924619085806	0.00196463654223969	5.36922892238012e-06	c27
NELL2	7.00138987094005e-12	0.0887692144642356	10.3448275862069	5.83497053045187	2.46793962661278e-10	c27
AC004466.3	3.60315215809183e-07	0.00116809565355284	0.0801924619085806	0.00196463654223969	5.36922892238012e-06	c27
C1QL4	0.0110049368885291	0.00163071541254266	0.0801924619085806	0.00884086444007859	0.0485756665604661	c27
KRT7	0.000734820492445075	0.0115300405351893	1.20288692862871	0.511787819253438	0.00465164395538372	c27
KRT86	0.00123905308251932	0.045098327071098	5.93424218123496	4.12671905697446	0.00735362984985539	c27
KRT6B	4.32544802974523e-06	0.019503920703621	1.12269446672013	0.345776031434185	5.04580438335985e-05	c27
KRT6A	3.77797785967444e-116	0.168032063283393	9.94386527666399	1.57465618860511	2.53411642915523e-112	c27
KRT5	3.15492078813115e-87	0.146820293380585	9.62309542902967	1.84381139489195	1.17566370435936e-83	c27
KRT72	0.00500105546194473	0.00320038235427194	0.320769847634322	0.0844793713163065	0.0247821214661203	c27
KRT8	9.46110923082949e-28	0.0682978483704487	5.45308740978348	1.55599214145383	1.69682717317411e-25	c27
KRT18	4.56156303662499e-13	0.0522064916447174	4.73135525260625	1.90766208251473	1.9147146573508e-11	c27
PFDN5	6.24721579653401e-05	0.0268857993558735	82.598235765838	87.1954813359528	0.000538471147222199	c27
HNRNPA1	3.71613573721108e-06	0.050419253031913	77.626303127506	82.171905697446	4.41799930360103e-05	c27
AC079313.1	1.74643894650328e-05	0.00297053773895609	0.160384923817161	0.012770137524558	0.000172983075569483	c27
RPL41	2.57491829453163e-19	0.104771954555447	93.3440256615878	96.6365422396857	2.10628316492687e-17	c27
NACA	5.29125878884863e-06	0.0542362059247212	87.4097834803528	90.6345776031434	6.04215993396001e-05	c27
NDUFA4L2	1.50528689140646e-10	0.0266863681038871	2.00481154771451	0.590373280943026	4.35961241485232e-09	c27
CDK4	0.00299652377243341	0.000520238217073116	9.62309542902967	13.0923379174853	0.0158488273584406	c27
WIF1	0.00541598407689275	0.00447107797953615	0.320769847634322	0.0854616895874263	0.0264976329643806	c27
IFNG	9.30310920920588e-05	0.1218676506315	22.6142742582197	18.7779960707269	0.000763601753936238	c27
AC090709.1	2.77841636570912e-10	0.00178720115970882	0.0801924619085806	0.000982318271119843	7.55738565555351e-09	c27
SLC6A15	0.000924642371515311	0.00782930795096654	0.481154771451484	0.132612966601179	0.0056837712345822	c27
NTS	1.26499780638644e-69	0.114672919009689	6.09462710505213	0.985265225933202	2.65159352691177e-66	c27
LUM	0.00170382018657926	0.0136054821172938	1.20288692862871	0.542239685658153	0.00967700616723033	c27
DCN	5.99452830254188e-06	0.0109030793763266	1.52365677626303	0.554027504911591	6.72839659339524e-05	c27
AC090049.1	3.60704815256626e-07	0.00120653364382982	0.0801924619085806	0.00196463654223969	5.36922892238012e-06	c27
BTG1	0.00361295686840856	0.0821297229768243	87.9711307137129	89.1355599214145	0.0186674943582237	c27
ARL1	0.0028420093910538	0.00542137271420692	7.45789895749799	10.5068762278978	0.0151102268479966	c27
AC025265.1	0.00189837868399657	0.00249072145812777	0.160384923817161	0.0225933202357564	0.0106254713457739	c27
AC089983.1	0.000121589556376438	0.00172563496229817	0.0801924619085806	0.00392927308447937	0.000966800321692674	c27
BTBD11	0.000725614387056366	0.0184593876327406	1.60384923817161	0.765225933202358	0.00460379404334022	c27
AC004217.1	1.35045391040151e-05	0.00140406474454403	0.0801924619085806	0.00294695481335953	0.000138420548026827	c27
RPL6	2.65672934900778e-05	0.013716771051723	89.7353648757017	93.9764243614931	0.000249793633044639	c27
AC125603.2	0.00012174703031319	0.000861274144080636	0.0801924619085806	0.00392927308447937	0.000966884182487277	c27
BICDL1	0.00161481257873275	0.0446934625801019	5.93424218123496	4.20825147347741	0.00923875541889099	c27
RPLP0	3.02830799368668e-15	0.213469710151903	93.7449879711307	93.565815324165	1.6649736638076e-13	c27
AL161772.1	0.00347275388083125	0.00414693037949898	0.240577385725742	0.050098231827112	0.0180376675941332	c27
SAP18	0.00106814650103604	0.102426077596031	52.9270248596632	57.737721021611	0.00645003553326371	c27
PABPC3	2.26700137986374e-10	0.00663755453967514	0.400962309542903	0.0363457760314342	6.39450734044324e-09	c27
USP12-AS1	2.77841636570912e-10	0.00101266369781669	0.0801924619085806	0.000982318271119843	7.55738565555351e-09	c27
RPL21	2.22574664145185e-06	0.0645174023700239	80.9943865276664	85.6679764243615	2.77292313748188e-05	c27
LINC00365	0.000534597464580849	0.000817562243580888	0.0801924619085806	0.00491159135559921	0.0035229751955765	c27
UBE2L5	9.37457401000126e-07	0.0121377881667145	0.721732157177225	0.157170923379175	1.27910684762987e-05	c27
RGCC	0.00041216053328508	0.165044174089615	47.3135525260626	46.5943025540275	0.00281413680075631	c27
TPT1	0.000449521035591221	0.0149167263529613	95.990376904571	97.8064833005894	0.00303401821124137	c27
SUCLA2	0.0107168306906594	0.00298181356049576	6.09462710505213	8.3762278978389	0.0474922129629143	c27
KLF5	4.17887666833986e-14	0.0547171802087123	4.73135525260625	1.84381139489195	2.04069862259947e-12	c27
LINC00402	0.000850380307466364	0.0147425240263407	1.84442662389735	0.928290766208252	0.00528051374778873	c27
COMMD6	0.000986257055776537	0.0382579800865761	69.1259021651965	74.4243614931238	0.00600201218229604	c27
LINC00560	1.63745603225504e-19	0.00131667345411509	0.0801924619085806	0	1.36270472480818e-17	c27
DOCK9	1.9582956189879e-05	0.038088388209557	4.25020048115477	2.40766208251473	0.000191870635318773	c27
TRAV1-2	0.000776530450808042	0.04166136619882	4.33039294306335	2.77799607072692	0.00487610527227113	c27
TRAV4	6.08833875516053e-09	0.0979692930002018	10.8259823576584	6.73673870333988	1.31906140291068e-07	c27
TRAV20	0.00710707901234274	0.0276210515990085	2.24538893344026	1.35952848722986	0.033477137066847	c27
TRAV8-7	2.77841636570912e-10	0.00129253564870045	0.0801924619085806	0.000982318271119843	7.55738565555351e-09	c27
TRAJ30	1.3510008226232e-05	0.0019985047153032	0.0801924619085806	0.00294695481335953	0.000138420548026827	c27
TRAJ24	1.35045391040151e-05	0.00214695815867764	0.0801924619085806	0.00294695481335953	0.000138420548026827	c27
TRAJ6	0.000121707643812585	0.00081669436564028	0.0801924619085806	0.00392927308447937	0.000966800321692674	c27
TRAC	2.98340367738574e-05	0.137142071120523	27.9871692060946	24.6836935166994	0.000277397816834386	c27
GZMH	8.36576920042016e-05	0.127162233285427	29.7514033680834	25.237721021611	0.000696379169629415	c27
GZMB	1.58425358141426e-07	0.214026128151237	39.2141138732959	33.1542239685658	2.54955358030094e-06	c27
PAX9	2.2989178225664e-06	0.0229157315450202	1.60384923817161	0.577603143418468	2.8539827810413e-05	c27
AL121790.1	2.77841636570912e-10	0.000675431316998625	0.0801924619085806	0.000982318271119843	7.55738565555351e-09	c27
FKBP3	0.00212601157112757	0.0095091924630914	9.54290296712109	13.2416502946955	0.0117234751845571	c27
RPL10L	1.35209528098243e-05	0.000975108599714375	0.0801924619085806	0.00294695481335953	0.000138420548026827	c27
RPS29	6.82168066000137e-40	0.308995573347626	88.9334402566159	89.7652259332024	2.79006738994056e-37	c27
RPL36AL	1.53883446480019e-07	0.0588302132450675	75.7818765036087	80.8988212180747	2.48361069684643e-06	c27
PRKCH	4.55912040371974e-05	0.105576014785434	26.5437048917402	22.6611001964637	0.000405365270678559	c27
SYNE2	0.00679793101975237	0.0825159679329435	25.7417802726544	23.3477406679764	0.0321791122851736	c27
GPX2	2.58288017301425e-41	0.0740228928291905	5.29270248596632	1.13752455795678	1.12499526289028e-38	c27
SRSF5	6.5232514544446e-06	0.102945662937431	63.1916599839615	67.4744597249509	7.25387292039665e-05	c27
BATF	0.00153112984547199	0.108827296864727	34.8837209302326	31.6601178781925	0.0088399092369495	c27
CALM1	0.00201352435322837	0.0264455504030225	74.0978348035285	78.7082514734774	0.0111822453648904	c27
TC2N	0.000216371692308216	0.0629270952799491	12.3496391339214	9.4007858546169	0.00160333049417431	c27
IFI27	1.42571181577215e-45	0.258900985516727	19.1659983961508	8.03045186640472	7.58976553608993e-43	c27
AL163932.1	0.011010241376636	0.00100848601387662	0.0801924619085806	0.00884086444007859	0.0485756665604661	c27
BCL11B	5.19784493432239e-06	0.0923098231722267	16.7602245388933	12.7740667976424	5.94763982965897e-05	c27
EVL	1.64806721500533e-14	0.245720016555201	50.8420208500401	45.5127701375246	8.33678405080678e-13	c27
PPP2R5C	0.000152676374212392	0.136927044561267	32.4779470729751	30.5854616895874	0.00117792966145277	c27
HSP90AA1	0.00370343652041832	0.0880738946177795	76.4234161988773	79.2416502946955	0.019058746972808	c27
AL139300.1	1.35045391040151e-05	0.00189293455246129	0.0801924619085806	0.00294695481335953	0.000138420548026827	c27
CRIP1	2.43734096240063e-17	0.297193541600955	79.2301523656776	76.5952848722986	1.62189565867048e-15	c27
IGHV3-29	0.00659502721816238	0.000809136880907133	0.0801924619085806	0.00785854616895874	0.0313780710516002	c27
IGHV3-36	1.3510008226232e-05	0.00105467891569013	0.0801924619085806	0.00294695481335953	0.000138420548026827	c27
APBA2	0.00351687536964596	0.0245056788938519	4.33039294306335	2.93614931237721	0.0182161577245596	c27
AC020659.2	0.000121589556376438	0.000938198238382456	0.0801924619085806	0.00392927308447937	0.000966800321692674	c27
B2M	1.70890923087517e-13	0.0679688230588367	97.5942261427426	99.7416502946955	7.65198902337671e-12	c27
WDR72	0.00218409855891741	0.0139792972331531	0.962309542902967	0.405697445972495	0.0120062772445455	c27
RORA	2.16966552884109e-09	0.140343391875909	26.4635124298316	20.2996070726916	5.13523235753512e-08	c27
EWSAT1	0.000121589556376438	0.00126451513329404	0.0801924619085806	0.00392927308447937	0.000966800321692674	c27
RPLP1	3.03316717338164e-64	0.275118342092215	99.7594226142743	99.7229862475442	3.91255233311051e-61	c27
AC091167.6	2.77841636570912e-10	0.00102228631209296	0.0801924619085806	0.000982318271119843	7.55738565555351e-09	c27
HDDC3	0.0104098429034201	0.00630483197940794	5.13231756214916	7.23968565815324	0.0463276686962451	c27
AC091078.1	0.00349461554136194	0.000961721820937188	0.0801924619085806	0.0068762278978389	0.0181268014906675	c27
AL031008.1	0.000121589556376438	0.00177137022177986	0.0801924619085806	0.00392927308447937	0.000966800321692674	c27
IL32	1.71066423128568e-32	0.514762386181522	75.14033680834	56.0638506876228	4.28151171558649e-30	c27
TRAP1	0.01080427067629	0.000865728437989682	4.971932638332	7.00196463654224	0.0478291486195107	c27
BFAR	0.00866491001628013	0.00127259384849945	10.3448275862069	13.5304518664047	0.0396728671844373	c27
RPS15A	5.2381096233667e-33	0.166482074350615	97.3536487570168	99.024557956778	1.38327339014545e-30	c27
LINC02195	0.000134398010871963	0.0807662024193397	11.2269446672013	8.45677799607073	0.0010532688567401	c27
LAT	1.59404898668266e-05	0.127703843692012	31.4354450681636	27.4862475442043	0.000159538092853963	c27
MAZ	0.00500028575860045	0.0040301460944909	12.0288692862871	15.8644400785855	0.0247819689333444	c27
SEPT1	0.000171628582142405	0.120575493365634	33.5204490777867	31.0029469548134	0.00130641838127372	c27
FUS	0.00735590188414471	0.0881737927744825	48.1154771451484	52.3369351669941	0.0344700625108908	c27
LINC02184	2.77841636570912e-10	0.000864049579837438	0.0801924619085806	0.000982318271119843	7.55738565555351e-09	c27
AC007608.2	1.3510008226232e-05	0.000947542399347502	0.0801924619085806	0.00294695481335953	0.000138420548026827	c27
CES1	0.00127755119049445	0.0307138850034333	2.72654370489174	1.59528487229862	0.00755403946170714	c27
ARL2BP	0.0110111777773755	0.00556404471241556	13.7931034482759	17.639489194499	0.0485756665604661	c27
LINC02136	1.63745603225504e-19	0.00124518000408213	0.0801924619085806	0	1.36270472480818e-17	c27
AC009139.2	0.00155470235214125	0.00151999644177924	0.0801924619085806	0.00589390962671906	0.00894670362261565	c27
AC046158.1	0.00194406336196689	0.00246705550881296	0.240577385725742	0.0461689587426326	0.0108558103619123	c27
JPH3	0.000121869402341845	0.00240100356611429	0.160384923817161	0.0157170923379175	0.000967626897665905	c27
AC135782.3	0.00147846182854257	0.00517650640990606	0.400962309542903	0.104125736738703	0.00856532264737617	c27
LINC02138	0.00349109770553758	0.0013245430478	0.0801924619085806	0.0068762278978389	0.0181189159468151	c27
RPL13	3.1184797870486e-17	0.108036127408548	97.0328789093825	98.762278978389	2.05073676662816e-15	c27
SPAG7	0.0101357644373101	0.0101134955615596	12.0288692862871	15.6277013752456	0.045318393240702	c27
ACAP1	1.50546935823157e-06	0.153289121012255	34.9639133921411	31.7750491159136	1.95245287456963e-05	c27
UBB	3.61047816965348e-05	0.113649782877874	70.4891740176423	75.007858546169	0.000329581428562435	c27
MPRIP-AS1	6.88414654131511e-05	0.0018976603172455	0.160384923817161	0.0147347740667976	0.00058628874226162	c27
COPS3	0.00319279379854635	0.00661739595551755	11.8684843624699	15.9233791748527	0.0167547986881001	c27
ALDH3A1	2.39358521405693e-41	0.0607302933858191	3.68885324779471	0.611984282907662	1.05626395932949e-38	c27
NOS2	0.00625612300045251	0.00203798716159115	0.160384923817161	0.0275049115913556	0.0300426479365945	c27
SDF2	0.00441789517146306	0.0043455494811796	12.2694466720128	16.2436149312377	0.022257378437814	c27
RPL23A	3.18761087875455e-08	0.0526724231374138	88.6928628708901	92.5117878192534	5.98578351913046e-07	c27
AC024267.1	0.000534597464580849	0.00157224864743103	0.0801924619085806	0.00491159135559921	0.0035229751955765	c27
SLC6A4	0.0108067633180086	0.00175686537111666	0.160384923817161	0.0304518664047151	0.0478338693624616	c27
AC104984.4	0.011020857168583	0.000645159771548403	0.0801924619085806	0.00884086444007859	0.0486082992793182	c27
AC015911.6	0.00072201289705083	0.0024734958145176	0.160384923817161	0.0196463654223969	0.00458515454018823	c27
CCL5	1.78564188496386e-21	0.496720474316184	59.8235765838011	46.5137524557957	1.80382101017825e-19	c27
GGNBP2	0.00971472079674158	0.0045100366314027	16.9206094627105	21.5638506876228	0.0436921424273996	c27
C17orf98	0.000121628906847625	0.00154223153467693	0.0801924619085806	0.00392927308447937	0.000966800321692674	c27
RPL19	1.86067970991125e-18	0.178002910789512	97.514033680834	98.1051080550098	1.38366909337036e-16	c27
IKZF3	0.00594758998324502	0.093288498725465	21.6519647153168	19.6561886051081	0.0287421142446789	c27
KRT24	1.01606524272741e-18	0.0207362297623082	1.04250200481155	0.12278978388998	7.74472638877089e-17	c27
KRT13	1.13569308540846e-18	0.0396617709975832	2.80673616680032	0.68958742632613	8.63693303819248e-17	c27
KRT15	5.86963155036766e-70	0.0965091114564234	6.89655172413793	1.21512770137525	1.3123713529082e-66	c27
KRT19	1.36788197376222e-121	0.196941598467903	12.0288692862871	2.1286836935167	1.14690064090093e-117	c27
KRT16	1.70749759515997e-06	0.0205668114000116	1.60384923817161	0.568762278978389	2.18406004372521e-05	c27
KRT17	1.67547319603458e-61	0.12583090823443	7.61828388131516	1.59528487229862	1.75600062651899e-58	c27
EIF1	3.96357166662092e-06	0.0695089244109335	95.3488372093023	97.2897838899804	4.680643188561e-05	c27
NT5C3B	0.0108769364771853	0.00293427258990178	4.41058540497193	6.35265225933202	0.0481249685023079	c27
AC099811.4	6.3018324934434e-06	0.00567042202068957	0.320769847634322	0.0432220039292731	7.0379906148886e-05	c27
SKAP1	0.00407560942121825	0.0846686682730857	25.1804330392943	22.8025540275049	0.0207416978404882	c27
LUC7L3	0.0075304454366279	0.00569628435791991	14.3544506816359	18.5235756385069	0.035150463333838	c27
TOB1	0.000131629228358293	0.122850324398383	24.9398556535686	21.9548133595285	0.00103646570624107	c27
ERN1	0.0111435002467019	0.00579371325799968	11.2269446672013	14.5510805500982	0.0490267232420159	c27
RPL38	1.07565339844509e-15	0.140178279383078	77.7866880513232	81.2504911591356	6.14570079677198e-14	c27
H3F3B	0.00890908428522354	0.027071591805373	94.7874899759423	96.860510805501	0.0405637888620455	c27
AC022966.1	0.00759074779654431	0.00161779237597193	0.160384923817161	0.0284872298624754	0.0353679493748962	c27
CHMP6	0.00867858456100943	0.00117104795020381	5.29270248596632	7.47740667976424	0.0397192097444234	c27
ASPSCR1	0.00808495270066382	0.00653022454038563	6.33520449077787	8.7671905697446	0.0373540630492992	c27
CD7	7.39750129785073e-32	0.466650689122043	63.7530072173216	48.3025540275049	1.77212427519513e-29	c27
AP001020.1	2.77841636570912e-10	0.00141088516707004	0.0801924619085806	0.000982318271119843	7.55738565555351e-09	c27
MYL12A	3.07801039983298e-05	0.0759755721990554	72.9751403368083	76.5726915520629	0.000285166609916018	c27
AP001496.2	2.78067085066284e-10	0.001096828109732	0.0801924619085806	0.000982318271119843	7.55738565555351e-09	c27
DSG2	2.28958725209765e-05	0.0172383189966724	1.20288692862871	0.418467583497053	0.000219457494315092	c27
AC011825.2	0.011010241376636	0.00109350222330851	0.0801924619085806	0.00884086444007859	0.0485756665604661	c27
LINC01901	6.86422341765445e-05	0.00209595829789193	0.160384923817161	0.0147347740667976	0.000585012320120474	c27
SERPINB5	0.00232059945414098	0.0139194618005335	1.12269446672013	0.505893909626719	0.0126570604151862	c27
SERPINB3	0.000890512340204596	0.00620500102287318	0.641539695268645	0.206286836935167	0.00549815958501137	c27
SIRPG	8.77991165401382e-05	0.0898149098171208	15.4771451483561	12.2445972495088	0.000725987862555018	c27
PAX1	0.011006704798878	0.00111221206248054	0.0801924619085806	0.00884086444007859	0.0485756665604661	c27
AL096677.1	5.2107092327633e-05	0.00542151836799494	0.481154771451484	0.103143418467583	0.000457239053501872	c27
GHRH	0.00349109770553758	0.00179763948641984	0.0801924619085806	0.0068762278978389	0.0181189159468151	c27
SLPI	0.000307979099561809	0.0249870648811439	2.485966319166	1.31237721021611	0.00218372157317208	c27
TSHZ2	0.00505406292376533	0.0351890540366958	6.57578187650361	4.90176817288802	0.0250115334716307	c27
AL391097.1	0.00155577800182856	0.0011597105619555	0.0801924619085806	0.00589390962671906	0.00894679057361562	c27
ZNF831	0.00182607898202268	0.0492285612380807	8.6607858861267	6.57269155206287	0.0102843051047988	c27
RPS21	3.80767119345948e-21	0.142968438063952	93.4242181234964	96.0579567779961	3.71225803739081e-19	c27
C20orf204	0.000131642798551444	0.0259907107480334	2.485966319166	1.27013752455796	0.00103646570624107	c27
PLPP2	3.38025849614375e-05	0.0252545498713431	1.84442662389735	0.796660117878193	0.000310424724654077	c27
GZMM	5.20136370166536e-07	0.118648452630292	27.8267842822775	22.171905697446	7.48041748826985e-06	c27
RPS15	3.16679569413436e-23	0.159189315225081	98.6367281475541	98.4774066797642	3.8342236097429e-21	c27
RPL36	2.8974205513553e-20	0.127738619186058	94.3063352044908	96.3958742632613	2.61219597987511e-18	c27
ACER1	0.00508461108905115	0.00266436883477295	0.160384923817161	0.0265225933202358	0.0251330415187321	c27
AC022146.2	0.00659031294095669	0.00126159292853198	0.0801924619085806	0.00785854616895874	0.0313656970403225	c27
RPS28	5.19385601456064e-20	0.09570760929163	96.3111467522053	98.8045186640472	4.59608292919089e-18	c27
AC008734.1	0.00658913484524545	0.00150227202833557	0.0801924619085806	0.00785854616895874	0.0313656970403225	c27
AC010422.3	0.000808642009586144	0.0505287746113478	4.00962309542903	2.56483300589391	0.00505379055618356	c27
DNAJB1	1.57063964911929e-09	0.282464618542862	64.3143544506816	61.385068762279	3.80882954100959e-08	c27
TMEM221	0.0110049368885291	0.00156809863309873	0.0801924619085806	0.00884086444007859	0.0485756665604661	c27
RPL18A	7.9849465820199e-12	0.0617295724077556	95.3488372093023	97.9705304518664	2.78667157614759e-10	c27
AC010300.1	0.00155541937581078	0.00126668794138743	0.0801924619085806	0.00589390962671906	0.00894670362261565	c27
FXYD3	1.31014081833485e-68	0.0990534318792331	7.21732157177225	1.33300589390963	2.44108348696189e-65	c27
FXYD1	0.000199762647154965	0.0367770218346474	4.41058540497193	2.71709233791749	0.00149679170247615	c27
FXYD7	1.70834364304201e-05	0.0403398878123974	4.57097032878909	2.6286836935167	0.000169710986671632	c27
AD000671.1	2.77841636570912e-10	0.000964551645185357	0.0801924619085806	0.000982318271119843	7.55738565555351e-09	c27
HCST	0.00744273617779087	0.0722201708654922	59.663191659984	63.1021611001965	0.0348040275977064	c27
AC010632.1	0.00646104219546538	0.00337331461838782	0.240577385725742	0.0550098231827112	0.0308412230503157	c27
C19orf33	6.0984581104912e-22	0.0599747570450874	3.76904570970329	1.00392927308448	6.35186609036192e-20	c27
LGALS7	3.47554480111447e-06	0.0117264119387168	1.04250200481155	0.304518664047151	4.15109763318294e-05	c27
LGALS7B	2.00103141377303e-06	0.0159999568675368	1.20288692862871	0.370333988212181	2.51813833766921e-05	c27
HNRNPL	0.00027835962040634	0.00492899177953904	15.7177225340818	21.794695481336	0.0020003481785275	c27
RPS16	1.14252890925784e-10	0.0812050683346026	90.7778668805132	93.3781925343811	3.35829400163798e-09	c27
TTC9B	0.000722709402639221	0.00126765725141431	0.160384923817161	0.0196463654223969	0.00458709840002161	c27
CEACAM6	2.32530569546384e-07	0.0237858819395463	1.52365677626303	0.487229862475442	3.62999819399748e-06	c27
RPS19	9.28581954856308e-62	0.329393712834849	99.037690457097	98.7043222003929	1.00460585812809e-58	c27
ARHGEF1	0.000388288365934494	0.124901565841111	38.0112269446672	37.1994106090373	0.00267016920580502	c27
CXCL17	1.66699172972575e-06	0.0162026087923995	1.12269446672013	0.330058939096267	2.13795673543183e-05	c27
LYPD3	1.07285204698484e-05	0.0446386459221817	5.45308740978348	3.27111984282908	0.00011297115212489	c27
BCAM	4.59652415928344e-06	0.0212177326878898	1.20288692862871	0.386051080550098	5.3258211689311e-05	c27
AC008403.3	0.00236042783943818	0.00470954380204067	0.320769847634322	0.0766208251473477	0.0128408805967685	c27
RPL18	9.95618502426681e-16	0.134800593211831	95.9101844426624	96.8477406679764	5.71764611890172e-14	c27
FLT3LG	9.8042675653317e-06	0.0939525886664962	17.1611868484362	13.3998035363458	0.00010418742889927	c27
NKG7	1.02556805396021e-05	0.233972329944617	46.3512429831596	41.7652259332024	0.000108537397897499	c27
AC245884.1	0.000534597464580849	0.00098906600088577	0.0801924619085806	0.00491159135559921	0.0035229751955765	c27
AC245884.10	0.000121589556376438	0.00135916029687258	0.0801924619085806	0.00392927308447937	0.000966800321692674	c27
RPL28	1.67338404519545e-27	0.170674919024967	99.9198075380914	99.6139489194499	2.90787326983239e-25	c27
RPS5	1.06756117744665e-06	0.0265746392824942	86.8484362469928	91.3506876227898	1.43215467076823e-05	c27
TRIM28	0.00754212962539514	0.00290601917536656	11.1467522052927	14.5275049115914	0.0351952057014752	c27
MIF	3.03936706889274e-08	0.091837854024867	77.7064955894146	80.4292730844794	5.72343025022597e-07	c27
AC004882.1	1.3510008226232e-05	0.00111214637526148	0.0801924619085806	0.00294695481335953	0.000138420548026827	c27
APOL5	1.35045391040151e-05	0.00175829087193417	0.0801924619085806	0.00294695481335953	0.000138420548026827	c27
Z83844.3	0.00625365997599389	0.00216128318080275	0.160384923817161	0.0275049115913556	0.0300351207611174	c27
APOBEC3H	0.00423825984777985	0.0488798767927133	8.50040096230954	6.61591355599214	0.0214782047106136	c27
RPL3	2.02808820213076e-05	0.0282412993895012	87.57016840417	91.6522593320236	0.000198014814053237	c27
CACNA1I	0.000930991965437913	0.00599631491596956	0.481154771451484	0.132612966601179	0.00571938697285109	c27
ADSL	0.00156506349854218	0.00128391232344058	8.82117080994387	12.3585461689587	0.00899710312206165	c27
Z83851.1	0.00140999578343567	0.00203402573060802	0.160384923817161	0.0216110019646365	0.00821122392513727	c27
SCUBE1	0.000221300069156898	0.017871048580774	1.68404170008019	0.764243614931238	0.00163407347410481	c27
Z82214.1	2.77841636570912e-10	0.00186818837842316	0.0801924619085806	0.000982318271119843	7.55738565555351e-09	c27
PNPLA5	0.000121589556376438	0.00196259647745852	0.0801924619085806	0.00392927308447937	0.000966800321692674	c27
AL008718.2	0.00155470235214125	0.00164326562062984	0.0801924619085806	0.00589390962671906	0.00894670362261565	c27
LINC00158	0.00239739719459407	0.0160614568082759	1.76423416198877	0.932220039292731	0.0130166597235383	c27
SOD1	2.09315138333316e-06	0.134710111061608	54.6110665597434	56.5559921414538	2.6233225371535e-05	c27
EVA1C	0.00124331430224968	0.029778485485381	3.20769847634322	1.95677799607073	0.00737665089045971	c27
RIPPLY3	2.62331043539466e-07	0.00260462988697622	0.160384923817161	0.00884086444007859	4.05253732760323e-06	c27
LINC00315	0.00032387439326506	0.00155559848482727	0.160384923817161	0.0176817288801572	0.0022775345566452	c27
