p_val	avg_log2FC	pct.1	pct.2	p_val_adj	cluster	gene
0	4.99545038670965	0.439	0.031	0	c18	CD79A
0	4.11300580190098	0.367	0.024	0	c18	MS4A1
0	5.51640337417572	0.226	0.01	0	c18	BANK1
0	4.25745001191903	0.229	0.013	0	c18	IGHM
0	5.06700903024532	0.217	0.01	0	c18	RUBCNL
0	5.27163564453718	0.199	0.009	0	c18	GNG7
0	5.73953072651102	0.187	0.006	0	c18	LINC00926
0	6.62711809467157	0.145	0.004	0	c18	FCER2
7.39633940693957e-307	5.19924488147418	0.166	0.007	2.48058431029939e-302	c18	CD24
2.59985393983521e-273	6.03044403246668	0.09	0.002	8.71939014341932e-269	c18	FAM177B
2.11763122074683e-253	4.66806260489143	0.185	0.01	7.10211158814071e-249	c18	VPREB3
9.51735179977709e-250	5.00798049128583	0.18	0.01	3.19192944660924e-245	c18	TNFRSF13C
3.89591670377076e-244	5.97710520109869	0.12	0.004	1.30661254411064e-239	c18	LINC02397
1.2328266492019e-242	5.67278992899509	0.136	0.006	4.13465401609335e-238	c18	FAM129C
3.93754613615044e-242	4.48950692397425	0.236	0.017	1.32057422314214e-237	c18	PDLIM1
9.33226234906814e-242	4.87018389619586	0.187	0.011	3.12985414663047e-237	c18	CD19
3.15124794365842e-235	4.95138986650973	0.173	0.01	1.05686553534416e-230	c18	LY86
1.77575701024684e-227	5.47565024888911	0.127	0.005	5.95553386096584e-223	c18	FCRL1
8.65693248534741e-226	3.29091884008283	0.178	0.01	2.90336201693582e-221	c18	TCL1A
2.97764873188222e-224	4.02122338106778	0.333	0.037	9.9864383169866e-220	c18	LYN
4.55146100856879e-223	6.23266337854312	0.067	0.001	1.5264689930538e-218	c18	CNN3
2.56540839793243e-215	6.20185829392737	0.145	0.007	8.6038666849858e-211	c18	NTS
2.96407071308868e-202	6.79055335021299	0.046	0.001	9.94090035755682e-198	c18	CHMP4C
1.15579516555727e-193	4.74042686422553	0.173	0.012	3.87630582624598e-189	c18	BLK
2.83363480811608e-193	5.21530126013227	0.104	0.004	9.5034444194597e-189	c18	IGHD
6.18160046495012e-190	3.76913315294784	0.208	0.017	2.07318516393497e-185	c18	MEF2C
1.16525553047037e-184	4.70617740235086	0.166	0.011	3.90803399809154e-180	c18	RALGPS2
1.04989885693837e-177	4.2368655685884	0.182	0.014	3.5211507863999e-173	c18	AFF3
4.53266403448015e-166	5.5532029148832	0.092	0.004	1.52016486388395e-161	c18	ARHGAP24
5.68091161515401e-155	6.96995430800199	0.046	0.001	1.90526413749035e-150	c18	COL19A1
1.9358839438347e-153	3.50368282625702	0.275	0.036	6.49256757083282e-149	c18	IRF8
5.6570065628154e-151	5.07824727063916	0.106	0.006	1.89724686103703e-146	c18	MARCH1
9.04409459692241e-150	4.10788880575949	0.185	0.017	3.03320844591584e-145	c18	ADAM28
3.36661411786299e-144	4.01066283035207	0.145	0.011	1.12909504284889e-139	c18	PHACTR1
3.74474139655581e-143	5.08248928827823	0.069	0.002	1.25591136957689e-138	c18	DSP
1.06375406574183e-137	5.14937645407541	0.111	0.007	3.56761838568495e-133	c18	BTK
1.82835222092035e-136	6.92097840851727	0.048	0.001	6.13192767852266e-132	c18	KHDRBS2
2.91425712635959e-134	3.573664098886	0.296	0.046	9.77383555038479e-130	c18	YBX3
1.1981752715207e-131	3.85046155953856	0.162	0.015	4.01844022562613e-127	c18	PKIG
1.62032272862593e-127	7.44845564911351	0.039	0.001	5.43423836726565e-123	c18	SERPINB3
7.02261337549726e-127	4.6482253885321	0.109	0.007	2.35524407387427e-122	c18	C16orf74
1.63970739943928e-125	5.0908209021747	0.072	0.003	5.49925067623947e-121	c18	AC120193.1
2.78237750715538e-123	6.68398886020409	0.032	0.001	9.3315376834977e-119	c18	DIRAS1
5.91288670199922e-117	3.68716399916534	0.141	0.013	1.9830639421165e-112	c18	GRASP
9.06467063648417e-114	4.13659825460545	0.099	0.007	3.04010923806406e-109	c18	RNASE6
5.89610527398935e-113	4.26751282053259	0.145	0.014	1.97743578679055e-108	c18	TCF4
4.41726552007916e-110	4.10486738748369	0.111	0.008	1.48146251012415e-105	c18	CD22
6.72204024534472e-105	5.20781638746758	0.051	0.002	2.25443785748371e-100	c18	MOB3B
2.33651188635251e-102	4.39477827409769	0.106	0.008	7.83619356444905e-98	c18	BCL11A
1.09033268018748e-101	4.77330209092587	0.083	0.005	3.65675774281277e-97	c18	FAM30A
1.84225470886449e-100	3.46935933186821	0.208	0.03	6.17855384258974e-96	c18	CD72
1.38691365334977e-96	3.92247485426178	0.208	0.031	4.65143101060445e-92	c18	IGKC
3.07209650939135e-95	4.63132172893489	0.095	0.007	1.03031972731967e-90	c18	PAX5
3.69825109750706e-95	7.07450346916538	0.014	0	1.24031945308192e-90	c18	SYN3
1.69234272963563e-94	6.12752319617645	0.032	0.001	5.67577904665199e-90	c18	ABCB4
4.60639232667783e-92	5.51104933892578	0.044	0.002	1.54489185852121e-87	c18	IL6
2.74947928695724e-88	6.88559985939129	0.03	0.001	9.22120363259719e-84	c18	THRB
2.03917779099464e-87	2.93144314159746	0.335	0.081	6.83899447543783e-83	c18	LY9
1.10305791524794e-86	2.80166736224368	0.462	0.156	3.69943563615854e-82	c18	CD83
5.43569776386378e-86	2.80803565866945	0.266	0.053	1.82302431604463e-81	c18	BACH2
1.20642019334356e-85	3.45585195078465	0.145	0.018	4.04609204443564e-81	c18	SWAP70
7.28188134288465e-85	0.797638967539101	0.977	0.962	2.44219736477666e-80	c18	RPL8
1.62756556848434e-84	6.18752762297548	0.032	0.001	5.45852940358278e-80	c18	JADE3
1.34048385191225e-82	0.684489994317118	0.995	0.992	4.49571474254331e-78	c18	RPL39
9.45449050097617e-78	2.36210834290893	0.527	0.21	3.17084702421739e-73	c18	CD55
5.22845227256166e-76	1.0132399161323	0.903	0.899	1.75351832317173e-71	c18	RPS5
2.25055905230701e-75	0.907096484906877	0.954	0.972	7.54792494962724e-71	c18	RPS23
9.23420637188002e-75	2.69731082915499	0.591	0.317	3.09696813300112e-70	c18	HLA-DRA
2.53851790447641e-74	5.10825814624754	0.048	0.002	8.51368134803298e-70	c18	GAPT
2.94231607639079e-74	0.911505500182411	0.956	0.971	9.86793965699942e-70	c18	RPS8
1.05409901510195e-73	8.12343931084396	0.012	0	3.53523727684891e-69	c18	PDLIM3
2.56718444687085e-73	4.03703700168677	0.079	0.006	8.60982319791545e-69	c18	FCGR2B
2.27283098970549e-71	0.779928787202653	0.954	0.964	7.62262057327428e-67	c18	RPS13
6.87346691380892e-70	0.680659253286505	0.965	0.955	2.30522333355324e-65	c18	RPS21
3.92925970535304e-69	4.03957883906243	0.083	0.007	1.3177951199813e-64	c18	IGHV5-78
3.96777783222272e-69	5.22740955738688	0.044	0.002	1.33071332937086e-64	c18	DDR1
4.50660098338618e-68	5.13578883712469	0.06	0.004	1.51142383780806e-63	c18	JUP
2.34702090279008e-67	3.89341480760929	0.085	0.008	7.87143870377737e-63	c18	FCRLA
6.59639137206925e-67	0.72272343945018	0.988	0.987	2.21229773836459e-62	c18	RPL13
2.82990197803411e-65	3.75086925379263	0.113	0.014	9.49092525393081e-61	c18	CALHM6
3.50867852780886e-65	0.808768216227945	0.933	0.951	1.17674060465653e-60	c18	RPS3A
3.07344214976814e-64	4.47267240749418	0.081	0.008	1.03077102818924e-59	c18	UBE2E2
6.61567850037435e-64	0.704341855258893	0.958	0.988	2.21876625545555e-59	c18	RPL32
8.24493795744292e-63	2.75050317608937	0.192	0.037	2.76518729216721e-58	c18	SPINT2
1.26295373906933e-62	4.25590804532307	0.079	0.007	4.23569425009072e-58	c18	SPIB
4.36037676507226e-62	0.688014725812945	0.968	0.982	1.46238315946993e-57	c18	RPL34
5.38243337766612e-62	0.768014108076127	0.968	0.93	1.80516050620166e-57	c18	RPLP0
1.63229517570857e-61	6.80384133509974	0.021	0	5.4743915602914e-57	c18	ENAH
6.35755240882772e-61	0.646319560264743	0.975	0.981	2.13219592687264e-56	c18	RPL19
9.98652276447413e-61	0.828199432990141	0.958	0.965	3.34928000474934e-56	c18	RPS18
1.28290309745124e-60	4.82001178404485	0.076	0.007	4.30260040823197e-56	c18	IGHV1-46
6.36160714738645e-60	0.713215245413052	0.963	0.968	2.13355580509047e-55	c18	RPL37
9.61065489188154e-60	3.93670567121268	0.069	0.006	3.22322143763923e-55	c18	LINC01857
1.28741829265021e-59	6.75613853346276	0.023	0.001	4.31774346989027e-55	c18	CCL8
2.78423197068949e-59	0.656277007291984	0.954	0.963	9.33775718329841e-55	c18	RPL35A
5.92271601593259e-59	5.43014417412989	0.032	0.001	1.98636049742347e-54	c18	TBC1D9
2.81392241766035e-58	5.08665933415303	0.072	0.007	9.43733300434929e-54	c18	CXCL10
7.31468379619453e-58	0.595484513469478	0.991	0.99	2.45319865156772e-53	c18	RPL30
3.23324185776327e-57	1.1415807359098	0.799	0.744	1.08436465425664e-52	c18	EEF1B2
9.18948353178432e-57	5.38325927661155	0.032	0.001	3.08196898688983e-52	c18	LINC01781
7.5568708582217e-56	0.673110289311293	0.954	0.966	2.53442334843039e-51	c18	RPL18
1.26459078073667e-55	7.05427618649861	0.016	0	4.24118456043465e-51	c18	SLC6A15
1.39169347102032e-55	0.761633095847474	0.956	0.98	4.66746156310795e-51	c18	RPL18A
1.81797320552243e-55	3.33380227369977	0.095	0.012	6.09711853668114e-51	c18	HLA-DOA
5.01512503451382e-55	3.19395838955136	0.155	0.029	1.68197263407525e-50	c18	STAG3
2.33661745283502e-53	3.18309586215363	0.104	0.014	7.83654761331809e-49	c18	JCHAIN
7.47790524406973e-53	2.48571774512469	0.171	0.035	2.5079398607561e-48	c18	SMIM14
9.88868177826224e-53	0.616377182143152	0.931	0.983	3.31646609479359e-48	c18	RPL11
1.82194433545865e-52	5.11016996012556	0.044	0.003	6.11043691226121e-48	c18	CXCL1
4.75045003270639e-52	3.06542089746563	0.099	0.013	1.59320593196907e-47	c18	TLE1
6.71303690641467e-52	6.00699960541558	0.025	0.001	2.25141831767335e-47	c18	AL161781.2
1.00805848900516e-51	5.97826242497957	0.018	0	3.38082656042549e-47	c18	SPARCL1
1.38645095832379e-51	5.4958157816635	0.032	0.002	4.64987922402632e-47	c18	IL13RA1
4.94843544001985e-51	5.28008538300116	0.032	0.002	1.65960627787386e-46	c18	CNR2
5.42153427652395e-51	5.05003540563384	0.055	0.005	1.8182741656606e-46	c18	CR2
6.16928762931808e-51	7.5968966166125	0.012	0	2.0690556851207e-46	c18	PTPRZ1
8.29320196780547e-51	4.30689522676305	0.065	0.006	2.7813740759626e-46	c18	EBF1
8.75950857102855e-51	2.26673596064558	0.441	0.201	2.93776398455156e-46	c18	HLA-DQB1
1.1127711935686e-50	5.50364905696907	0.021	0.001	3.73201202899036e-46	c18	LINC00494
4.2549357909474e-50	5.20480109230583	0.018	0	1.42702036556794e-45	c18	LARGE1
4.69315663661854e-50	5.45012008858142	0.03	0.001	1.57399087278913e-45	c18	PLD4
1.90538677579124e-49	3.40704260945438	0.118	0.019	6.39028616864865e-45	c18	CRIP2
2.51419441799147e-49	0.506145284941424	0.991	0.985	8.43210523905979e-45	c18	RPS28
4.99850982474021e-49	3.05057727874753	0.106	0.016	1.67640022502137e-44	c18	FAM49A
8.54777696451348e-49	5.81223686952483	0.03	0.001	2.86675343835853e-44	c18	SDC1
1.53630339553186e-48	0.642076054428153	0.924	0.958	5.15245432793474e-44	c18	RPL29
3.11895441570145e-48	5.70944576848486	0.042	0.003	1.04603493193795e-43	c18	CLDN1
1.00091834326981e-47	4.12059093809428	0.042	0.003	3.3568799396583e-43	c18	TPST1
1.27058654146448e-47	0.56085414197879	0.954	0.983	4.26129314276359e-43	c18	RPS27A
3.69984866535048e-47	5.52077546168907	0.018	0.001	1.24085524538525e-42	c18	SDK2
6.96244579747242e-47	0.533279231379264	0.956	0.977	2.3350650715563e-42	c18	RPL12
2.18165665360142e-46	0.730399969465624	0.88	0.875	7.31684008484844e-42	c18	RPL9
6.19508010146885e-45	5.39271599765068	0.014	0	2.07770596443062e-40	c18	ZDHHC19
8.93879817010399e-45	4.3162470815848	0.069	0.008	2.99789413028948e-40	c18	MARCKS
4.33731379951167e-44	6.74303758369336	0.012	0	1.45464830208023e-39	c18	BGN
4.79000240139379e-44	0.53333978882212	0.949	0.959	1.60647100537945e-39	c18	RPL36
5.72431194789636e-44	0.540934751318527	0.947	0.954	1.91981974108548e-39	c18	RPLP2
1.4797645236799e-43	4.19324657677567	0.039	0.003	4.96283425951763e-39	c18	AMN
4.02971879465197e-43	0.871759908859413	0.861	0.82	1.35148708935038e-38	c18	RPL21
4.30671021433658e-42	6.34597887489336	0.021	0.001	1.4443844716842e-37	c18	SPARC
5.15787303167085e-42	1.65638742816696	0.383	0.155	1.72984745736177e-37	c18	NCF1
1.22839059352119e-41	2.74751952755789	0.148	0.032	4.11977637255138e-37	c18	TSPAN13
2.3521688980763e-41	4.66097535356317	0.079	0.011	7.8887040503683e-37	c18	MDK
2.55995856258287e-41	0.632466479937341	0.97	0.992	8.58558902719045e-37	c18	EEF1A1
3.91344152591405e-41	0.740285068414138	0.852	0.863	1.31249001896105e-36	c18	RPL10A
4.55573009942333e-41	0.556636517507497	0.991	0.992	1.5279007607446e-36	c18	RPS12
8.10616048138286e-41	0.701839484770369	0.903	0.929	2.71864410224618e-36	c18	RPS6
8.41173709656193e-41	2.70229578340594	0.104	0.018	2.82112838744494e-36	c18	CD40
2.46353195561983e-40	0.717268805804215	0.903	0.911	8.26219347275779e-36	c18	RPL3
4.11190184566084e-40	0.520129654820527	0.979	0.994	1.37904964099773e-35	c18	RPL10
8.35114164565653e-40	2.03697963970044	0.215	0.062	2.80080588512029e-35	c18	NFKBID
7.37622398329581e-39	7.11489836385819	0.012	0	2.47383799951775e-34	c18	NNMT
9.71244803054445e-39	0.664566285014629	0.857	0.865	3.257360820484e-34	c18	RPL22
1.18822779731884e-38	0.413768791512971	0.961	0.98	3.98507838664792e-34	c18	FAU
4.17967002047924e-38	0.735852898236692	0.861	0.889	1.40177773146833e-33	c18	RPL5
8.20179105468162e-38	5.2977464585559	0.03	0.002	2.75071668391912e-33	c18	CLEC17A
1.14860838538127e-37	2.16197189339672	0.125	0.026	3.8522028028917e-33	c18	KLF4
1.7786785934543e-37	5.06118175787151	0.037	0.003	5.96533226672703e-33	c18	FCRL2
2.8832634846089e-37	5.30609322301923	0.021	0.001	9.66988907468133e-33	c18	UACA
3.6232209826861e-37	0.535528132748572	0.947	0.959	1.21515585317326e-32	c18	MT-ND4L
4.49385246318232e-37	4.52005002577477	0.048	0.005	1.50714823910209e-32	c18	WDFY4
4.93783498897817e-37	1.93925101766061	0.303	0.116	1.6560510986035e-32	c18	SNX2
8.08160577198915e-37	5.33949934185905	0.028	0.002	2.71040894380972e-32	c18	GAB1
8.6801052391341e-37	4.12540242797435	0.062	0.008	2.9111336951008e-32	c18	USP6NL
9.64064879423102e-37	1.71265369243226	0.432	0.21	3.2332807926092e-32	c18	VPS37B
1.98738321282323e-36	0.492894484676935	0.938	0.96	6.66528581916653e-32	c18	RPS25
3.69750222470573e-36	6.7337900362677	0.014	0	1.24006829612181e-31	c18	AC019197.1
3.77549073704018e-36	6.65168132779167	0.014	0	1.26622408338854e-31	c18	FKBP10
6.55421234617252e-36	0.456497638165043	0.945	0.972	2.19815173665934e-31	c18	RPL26
1.20755520068627e-35	1.450145812837	0.356	0.147	4.04989863206163e-31	c18	KDM6B
5.78686425437094e-35	1.00139503155061	0.464	0.216	1.94079853363092e-30	c18	KLF2
1.15613906563687e-34	0.59692508244137	0.873	0.917	3.87745919833293e-30	c18	RPS9
1.45145988476015e-34	2.1578491613499	0.799	0.801	4.86790616150858e-30	c18	CD74
2.21787925828047e-34	1.59386455044191	0.404	0.192	7.43832345642103e-30	c18	ALG13
3.39473375862447e-34	0.516157973566999	0.908	0.957	1.13852580796747e-29	c18	RPL7A
4.70812094111847e-34	2.04514845611795	0.219	0.071	1.57900960123231e-29	c18	MANBA
5.20294267682706e-34	5.64037810338947	0.03	0.002	1.74496291495426e-29	c18	NDUFA4L2
8.16078822104958e-34	3.51034800529141	0.062	0.008	2.73696515357561e-29	c18	HLA-DOB
1.17183329669501e-33	1.23739642243124	0.328	0.13	3.93009451045573e-29	c18	AREG
1.4023960229398e-33	1.8691697905925	0.376	0.175	4.70335578173551e-29	c18	CHMP1B
1.63380342362409e-33	5.99355123807937	0.014	0	5.47944992215049e-29	c18	CHL1
1.735275476404e-33	0.311100367480556	0.998	0.997	5.81976689276373e-29	c18	RPL28
2.13633518017269e-33	5.0531440254697	0.028	0.002	7.16484092726318e-29	c18	P2RX1
2.48360132548578e-33	5.0720491845299	0.039	0.004	8.32950212541422e-29	c18	GPX2
2.8779940155784e-33	2.20753378583673	0.132	0.031	9.65221632944684e-29	c18	IFNGR2
3.16848241430739e-33	6.09124555992459	0.018	0.001	1.06264563211041e-28	c18	CALD1
3.36758353821067e-33	5.42545531062831	0.016	0.001	1.12942016704509e-28	c18	C1S
6.01887458143824e-33	4.37677997752908	0.012	0	2.01861015712276e-28	c18	FSTL4
2.79354060080761e-32	3.81217235374039	0.06	0.008	9.36897646698857e-28	c18	BLNK
3.9933822166907e-32	5.73642323749461	0.032	0.003	1.33930052783373e-27	c18	DAPL1
4.24065032796456e-32	4.59815753478781	0.058	0.008	1.42222930699276e-27	c18	PTK2
9.96519807169574e-32	0.880600312124481	0.734	0.634	3.34212812928532e-27	c18	EEF1G
1.65802918533359e-31	1.94455131998017	0.201	0.064	5.56069828177181e-27	c18	SC5D
1.75489772299668e-31	3.18359324109775	0.134	0.034	5.88557598338627e-27	c18	IGHG1
2.18196023562666e-31	6.91434851003196	0.012	0	7.31785823824468e-27	c18	ESRP1
2.1937631358209e-31	5.63497539365266	0.012	0	7.35744280491614e-27	c18	SCN3A
3.24348318437682e-31	5.32493270251875	0.025	0.002	1.0877993903763e-26	c18	MEF2C-AS1
4.20703306273501e-31	0.441013552727405	0.956	0.976	1.41095474858007e-26	c18	RPS14
6.43080822396731e-31	1.5473003315654	0.289	0.114	2.15676446215416e-26	c18	ELL2
7.19088459253036e-31	0.676119374477315	0.82	0.753	2.41167887464283e-26	c18	PABPC1
7.87398764580171e-31	5.50441856104059	0.025	0.002	2.64077797664898e-26	c18	SERPING1
1.47256585922588e-30	4.63598467819888	0.048	0.006	4.93869137867177e-26	c18	COBLL1
1.72206278867775e-30	3.06283832796523	0.06	0.008	5.77545418066744e-26	c18	FGD2
4.60013577467493e-30	4.274803799581	0.03	0.002	1.54279353611048e-25	c18	CD1C
7.25030871456696e-30	0.525606607177984	0.926	0.929	2.43160853669147e-25	c18	MT-ND3
1.71232307014283e-29	0.611454608061102	0.831	0.624	5.74278911264502e-25	c18	FOS
2.15394694643701e-29	0.495704798894547	0.889	0.921	7.22390726896046e-25	c18	RPL23A
3.61926941459004e-29	0.453005071469087	0.97	0.987	1.21383057626521e-24	c18	MT-CO2
4.09453503483319e-29	4.53689239852006	0.048	0.006	1.37322515998236e-24	c18	PNOC
5.42873744259665e-29	0.373545162715674	0.977	0.99	1.82068996349806e-24	c18	RPS19
6.0034658699146e-29	3.85660706739927	0.023	0.001	2.01344238345196e-24	c18	MATN1
1.3306548471117e-28	4.5869687948983	0.012	0	4.46275022624321e-24	c18	RBPMS
1.6360201550829e-28	3.90269296422752	0.028	0.002	5.48688439611702e-24	c18	CNFN
2.00762925521417e-28	0.421388362371645	0.986	0.993	6.73318699613729e-24	c18	RPS27
2.0199515179833e-28	1.17170001858942	0.679	0.609	6.7745134010124e-24	c18	CD37
2.67587843090405e-28	1.42531055121566	0.342	0.157	8.97436108156599e-24	c18	WDR74
3.08104985128317e-28	4.52826546320046	0.025	0.002	1.03332249912335e-23	c18	DCN
4.04229621074485e-28	4.28071540994537	0.035	0.003	1.35570530315961e-23	c18	TUBB6
5.33286039122795e-28	0.387874990759573	0.954	0.97	1.78853471801003e-23	c18	RPS7
8.15558917024906e-28	4.48013154228123	0.028	0.002	2.73522149591813e-23	c18	CBFA2T3
1.11487286533098e-27	0.446038214351688	0.921	0.954	3.73906061574703e-23	c18	RPS4X
1.11502008379766e-27	3.9932417576459	0.06	0.009	3.73955435704058e-23	c18	CYBB
1.1950433063185e-27	0.330869142179486	0.961	0.984	4.00793624073098e-23	c18	RPS15
8.79677060234264e-27	4.40872876737934	0.021	0.001	2.95026092461367e-22	c18	LARGE2
1.14709547760757e-26	0.544002561575479	0.882	0.873	3.84712881280026e-22	c18	RPL37A
1.25773442150675e-26	6.45143098345759	0.016	0.001	4.21818970284933e-22	c18	LINC00958
1.74149606035874e-26	2.5004318432444	0.097	0.022	5.84062948723113e-22	c18	AC119396.1
2.6198686122047e-26	3.85280932936658	0.035	0.003	8.78651535161213e-22	c18	PPFIBP2
2.65273356567974e-26	2.2139056584838	0.102	0.023	8.89673783257672e-22	c18	C9orf72
2.70038474089271e-26	6.04299791652608	0.012	0	9.05655034400596e-22	c18	IGHV3-20
2.8163912627083e-26	0.510800044102494	0.917	0.92	9.44561301687108e-22	c18	MT-CO3
5.09211744301596e-26	3.4441952460289	0.051	0.007	1.70779434803869e-21	c18	ALOX5
5.44804858003434e-26	4.70586944515578	0.037	0.004	1.82716653277192e-21	c18	PEG10
7.04247915850555e-26	5.85427546721322	0.014	0.001	2.36190666017959e-21	c18	CCSER1
1.09249026420733e-25	3.93518757824031	0.028	0.002	3.66399384809855e-21	c18	TMEM220
1.11492395351506e-25	5.06213760993223	0.023	0.002	3.7392319552988e-21	c18	LTBR
1.48246469566237e-25	4.81942444716474	0.025	0.002	4.97189009631247e-21	c18	KLHL14
2.04170783910577e-25	2.04534731207327	0.143	0.042	6.84747975079292e-21	c18	KDM4B
2.1014835011159e-25	4.25918192179553	0.062	0.011	7.04795536604252e-21	c18	KRT19
2.1318579951256e-25	4.57666082201834	0.037	0.004	7.14982534405223e-21	c18	FXYD3
2.9887843235842e-25	1.46679502504105	0.236	0.091	1.00237848644367e-20	c18	KLF3
3.17871540182837e-25	0.40953443010238	0.901	0.938	1.0660775714652e-20	c18	RPL14
3.42035998142374e-25	2.05645172464834	0.134	0.038	1.14712033056989e-20	c18	NME4
5.25536448608969e-25	2.63014564863122	0.058	0.009	1.76254414134476e-20	c18	RNF144B
5.4015082955031e-25	2.82658805868667	0.067	0.012	1.81155785214583e-20	c18	LINC01215
7.00069971948678e-25	1.0512434471899	0.349	0.164	2.34789467192148e-20	c18	MARCKSL1
7.45361254054064e-25	3.56026515178917	0.106	0.027	2.49979257384652e-20	c18	CST3
8.59632141706608e-25	0.700830814291769	0.769	0.695	2.88303427685562e-20	c18	EEF2
1.17347258298532e-24	1.37471639397023	0.217	0.081	3.93559234881617e-20	c18	CCR7
1.34496824878404e-24	2.14922258274129	0.12	0.032	4.51075451277191e-20	c18	CXCR5
3.17835751171176e-24	1.52154987395834	0.543	0.413	1.06595754227789e-19	c18	HLA-DPB1
6.23432236476328e-24	0.446457684053891	0.887	0.897	2.09086703469431e-19	c18	RPL17
6.7434684733428e-24	2.40658335418418	0.09	0.02	2.26162445658971e-19	c18	APP
8.48732183147423e-24	0.407074169287169	0.912	0.934	2.84647799583983e-19	c18	RPL6
1.06716004443838e-23	1.51735624362442	0.575	0.493	3.57904135703744e-19	c18	HLA-DRB1
1.62960636760464e-23	2.33832341074368	0.079	0.016	5.46537383567243e-19	c18	SPI1
2.05794003258938e-23	2.3837572398559	0.092	0.022	6.90191928129826e-19	c18	POU2AF1
2.14933212344139e-23	4.49197550726164	0.021	0.001	7.20843007559773e-19	c18	ADIRF
2.6046333578295e-23	0.606271941121113	0.818	0.742	8.73541935548858e-19	c18	RPS11
2.72241607600838e-23	0.508068099525637	0.857	0.887	9.13043903571692e-19	c18	RPSA
3.26272487250987e-23	0.429401237598373	0.894	0.938	1.09425266774236e-18	c18	RPL15
4.66546975760837e-23	0.393271099531077	0.961	0.963	1.5647052473067e-18	c18	MT-ATP6
5.20565343256065e-23	5.90076638698011	0.016	0.001	1.74587204821219e-18	c18	SOX2
5.36280347141946e-23	4.44646092013855	0.016	0.001	1.79857702824466e-18	c18	CD1A
7.416735047499e-23	1.73623905908733	0.155	0.05	2.48742460023021e-18	c18	MGAT5
8.39697980961987e-23	5.53602887405993	0.018	0.001	2.81617908855031e-18	c18	STAB1
9.05723416826311e-23	2.78790017680047	0.037	0.004	3.03761519535208e-18	c18	MYO15B
1.11357952954519e-22	0.450619998218335	0.963	0.959	3.73472302618867e-18	c18	RPL41
1.35671449221335e-22	2.51464016434993	0.104	0.027	4.55014906398514e-18	c18	HVCN1
1.6844072689416e-22	3.87546107623042	0.039	0.005	5.64916509857635e-18	c18	IGHV3-21
2.18496110313735e-22	0.344991657812514	0.968	0.98	7.32792254770205e-18	c18	RPS3
2.42462059727273e-22	3.82509538361012	0.032	0.004	8.13169255913329e-18	c18	ACSM3
2.76336923651276e-22	0.615615234767268	0.792	0.744	9.2677877454165e-18	c18	RPL4
3.00153119299342e-22	3.15311959743046	0.037	0.005	1.00665353150613e-17	c18	IGHV4-59
3.13543545382825e-22	4.70316039139679	0.053	0.009	1.05156234250492e-17	c18	H1F0
4.30992658199013e-22	3.88383102012464	0.018	0.001	1.44546317706785e-17	c18	TNNI2
4.33928681635873e-22	4.35895601255201	0.018	0.001	1.45531001247039e-17	c18	LUM
4.53503118821157e-22	1.66241530531871	0.189	0.07	1.5209587599024e-17	c18	ZNF10
4.91834113560044e-22	4.34534309022819	0.025	0.002	1.64951325005768e-17	c18	MGST1
6.38035798881769e-22	0.369322184805881	0.908	0.932	2.13984446228968e-17	c18	RPL24
9.73542516481832e-22	5.88318940544257	0.016	0.001	3.26506689177677e-17	c18	MAL2
1.36145227148766e-21	0.683979371286715	0.887	0.794	4.56603862811532e-17	c18	MT-ND4
1.45193732018866e-21	1.01882629018304	0.635	0.523	4.86950738444873e-17	c18	YPEL5
1.46772162933531e-21	2.55105316609049	0.046	0.007	4.92244480046476e-17	c18	ST6GALNAC3
2.04537767660337e-21	3.92665612988413	0.023	0.002	6.85978765179237e-17	c18	PRCD
2.52000875922598e-21	4.48690712867199	0.016	0.001	8.45160537669209e-17	c18	CLMN
2.6606578277707e-21	1.90119491653351	0.111	0.031	8.92331422277738e-17	c18	PLCG2
3.25673092511072e-21	4.06263996510609	0.039	0.005	1.09224241766363e-16	c18	PFN2
3.48803974286754e-21	4.28869760856614	0.028	0.003	1.16981876896291e-16	c18	DENND5B
3.58722136910261e-21	0.444359942642367	0.873	0.888	1.20308230276963e-16	c18	NACA
4.89960320049654e-21	3.42509306269791	0.046	0.007	1.64322892138253e-16	c18	FAM213A
5.13497146896487e-21	4.63715292195598	0.014	0.001	1.72216673126144e-16	c18	VAV3-AS1
1.15509389760496e-20	0.513006518393025	0.852	0.772	3.87395391378752e-16	c18	RPL38
1.22436248175858e-20	1.25942385171734	0.545	0.436	4.10626689132192e-16	c18	HLA-DPA1
1.74208020304377e-20	2.5177259125804	0.067	0.014	5.84258858496819e-16	c18	SAV1
1.94879117007947e-20	5.8679263188005	0.012	0.001	6.53585582621254e-16	c18	WDR72
2.08658132996664e-20	3.79497231247744	0.032	0.004	6.99797646444211e-16	c18	KYNU
2.44788764832642e-20	2.2319477296243	0.113	0.033	8.20972559495715e-16	c18	SNX8
3.92046217704403e-20	2.31291568652693	0.085	0.021	1.31484460493703e-15	c18	AL121944.1
5.12919796630163e-20	3.49251416785031	0.021	0.002	1.72023041393824e-15	c18	PCDH9
6.75542542063722e-20	0.58406696117899	0.762	0.66	2.26563457757331e-15	c18	RPL13A
9.9114167573969e-20	4.05312855851402	0.018	0.001	3.32409095209577e-15	c18	IGHV3-15
1.45658354272274e-19	0.933268034033186	0.723	0.675	4.88508988558353e-15	c18	LAPTM5
1.52461237020748e-19	3.67900480947129	0.028	0.003	5.11324496720186e-15	c18	MEST
1.82249455717439e-19	0.302233603370759	0.963	0.98	6.11228224585146e-15	c18	RPS24
3.2798727812536e-19	5.57798530199725	0.012	0.001	1.10000373337683e-14	c18	CNR1
3.3525025676837e-19	5.54550234935784	0.014	0.001	1.12436231114976e-14	c18	PKP1
3.37987412594196e-19	3.75004775839998	0.058	0.011	1.13354218435841e-14	c18	C1QB
4.10661501113785e-19	0.567300257814955	0.97	0.962	1.37727654243541e-14	c18	FTH1
5.04420861585024e-19	1.96787523251873	0.12	0.038	1.69172668558385e-14	c18	TSPAN3
5.13252866565226e-19	2.39454142738898	0.069	0.016	1.72134746388646e-14	c18	FADS3
5.32560225434991e-19	1.30900389682729	0.212	0.09	1.78610048406387e-14	c18	RASGRP2
5.59019457210752e-19	5.3383247546684	0.018	0.001	1.87483945559342e-14	c18	APBB2
5.89962901567516e-19	3.69480316231804	0.021	0.002	1.97861757927714e-14	c18	ARRDC4
6.73864441732422e-19	4.62304947325237	0.025	0.003	2.2600065646822e-14	c18	GSTA1
8.19644058798848e-19	0.347229087088606	0.933	0.97	2.74892224439958e-14	c18	TPT1
9.4529979087749e-19	2.38063668227014	0.048	0.009	3.17034643864493e-14	c18	IGHV3-23
1.2430280388142e-18	4.46427049515651	0.012	0.001	4.16886743657507e-14	c18	PPIC
1.67220976991327e-18	1.69771090132425	0.206	0.088	5.60825712633513e-14	c18	TPD52
1.98704920749136e-18	2.77541968961357	0.062	0.013	6.66416563208453e-14	c18	CLIC4
2.14367187464739e-18	3.02683813892421	0.06	0.013	7.18944673319241e-14	c18	SYK
2.97017413036545e-18	0.123616087138402	0.76	0.88	9.96136999841965e-14	c18	UBC
3.33523343815035e-18	0.646813231954178	0.73	0.648	1.11857059048687e-13	c18	RPL7
5.25672857960778e-18	2.58975168390176	0.062	0.014	1.76300163102886e-13	c18	HDAC9
6.03859023608507e-18	2.37402073288818	0.081	0.021	2.02522239337821e-13	c18	GSAP
8.41825247348742e-18	3.20179278442235	0.021	0.002	2.82331351455821e-13	c18	BACE2
1.16161297276405e-17	1.64679619632748	0.15	0.056	3.89581758805608e-13	c18	HLA-DMB
1.22907782405573e-17	0.464018619993918	0.813	0.876	4.12208120631812e-13	c18	RACK1
1.35062144180367e-17	0.746831254838054	0.573	0.394	4.52971419152113e-13	c18	SLC2A3
1.44153065353889e-17	2.78616902329729	0.074	0.019	4.83460550583874e-13	c18	IGLV1-40
1.62804145741941e-17	1.47165331984961	0.215	0.097	5.46012543989322e-13	c18	ARRDC2
1.74011290598562e-17	2.06448697141967	0.097	0.029	5.83599066409458e-13	c18	ZNF318
1.78841593286078e-17	2.64747476305639	0.062	0.014	5.9979893556285e-13	c18	STAP1
1.85637119680342e-17	4.31709794018368	0.021	0.002	6.22589771983931e-13	c18	EPCAM
2.54003863733033e-17	4.34566393242123	0.025	0.003	8.51878158187845e-13	c18	CCL2
2.55078633793607e-17	0.745250369442842	0.665	0.523	8.55482722016998e-13	c18	ZFAS1
2.58153758977655e-17	2.68432160682267	0.039	0.006	8.6579607685926e-13	c18	NT5E
3.22291266737715e-17	0.730337932793842	0.547	0.371	1.08090045038495e-12	c18	SNHG8
6.56326432641832e-17	4.02172775502264	0.025	0.003	2.20118758979417e-12	c18	LRRK2
7.12899240159304e-17	2.86510353637838	0.035	0.005	2.39092147164627e-12	c18	ICOSLG
1.05819037497667e-16	4.59556673072218	0.028	0.003	3.54895887959675e-12	c18	CR1
1.23956541618429e-16	5.11254179480418	0.014	0.001	4.15725449279886e-12	c18	ALDH1A1
1.50897207204117e-16	3.2640575259393	0.042	0.007	5.06079053521167e-12	c18	GSTA4
1.51846212780577e-16	0.801724259537928	0.589	0.453	5.092618284235e-12	c18	NOP53
1.61402373576362e-16	0.922412916392036	0.411	0.252	5.41311280500402e-12	c18	CDKN1A
2.26357201210106e-16	3.33409852167341	0.055	0.012	7.59156781418452e-12	c18	APOE
2.55709907869152e-16	1.15423204617505	0.411	0.263	8.57599889011563e-12	c18	HLA-DQA1
3.28263429586535e-16	1.52602290508726	0.132	0.047	1.10092989014732e-11	c18	C1orf162
3.61038499136897e-16	0.592350897570412	0.732	0.607	1.21085091840533e-11	c18	RPL36A
3.76209889085884e-16	4.17822942056178	0.021	0.002	1.26173272601624e-11	c18	CHST15
5.0398828482601e-16	5.68288781571007	0.014	0.001	1.69027590964947e-11	c18	IGF2BP2
5.2849908942116e-16	2.36272040978043	0.053	0.011	1.77248024610069e-11	c18	FHIT
5.3009712825187e-16	3.12890838705321	0.014	0.001	1.77783974873112e-11	c18	ALPL
5.39959798349107e-16	3.08442472001325	0.03	0.004	1.81091717170324e-11	c18	BEND5
5.75990282493072e-16	3.88623468802175	0.039	0.007	1.93175620942526e-11	c18	CTNND1
5.7950012116015e-16	3.91344413412468	0.018	0.002	1.94352750634691e-11	c18	AKR1C1
6.74969661110737e-16	2.06952594431342	0.106	0.035	2.26371324943319e-11	c18	LST1
9.54249090082931e-16	4.60428647199306	0.028	0.004	3.20036059832013e-11	c18	GPNMB
1.46330234004566e-15	1.4800144686744	0.148	0.058	4.90762338804515e-11	c18	EIF2AK3
1.51138324208829e-15	0.850846219846053	0.506	0.347	5.06887711731569e-11	c18	ZNF331
1.86795100121809e-15	1.90771874364492	0.065	0.016	6.26473406788524e-11	c18	RIPOR1
2.22358748502875e-15	1.27169017067153	0.159	0.065	7.45746770728943e-11	c18	PLAC8
2.22521126869573e-15	4.21438977245218	0.028	0.004	7.46291355295176e-11	c18	PAWR
3.28380951531082e-15	2.11291561898148	0.104	0.035	1.10132403524494e-10	c18	KLHL5
3.29376366723001e-15	0.567178910929423	0.859	0.786	1.1046624587156e-10	c18	MT-ND5
3.46687357121639e-15	4.92970994289546	0.014	0.001	1.16272005831455e-10	c18	MACROD2
3.79072125045582e-15	1.06814531795315	0.418	0.266	1.27133209297787e-10	c18	TMEM123
5.35980689643191e-15	2.59028983531757	0.03	0.004	1.79757203692533e-10	c18	JAM3
6.1392901687438e-15	1.46616816538639	0.118	0.042	2.05899513679329e-10	c18	SCPEP1
7.99402219718784e-15	2.09961087754647	0.072	0.02	2.68103516449286e-10	c18	SESTD1
1.1491274496026e-14	1.65943662467156	0.118	0.042	3.85394364047721e-10	c18	SIK1B
1.178414379846e-14	1.73528084723289	0.088	0.027	3.95216614712751e-10	c18	PLEKHG1
1.29539962239479e-14	1.40125585682262	0.145	0.058	4.34451125358766e-10	c18	LAT2
1.39152769198802e-14	1.47713343105026	0.132	0.05	4.66690557338942e-10	c18	CAMK1D
1.47555557400268e-14	0.416469976377333	0.843	0.837	4.9487182840902e-10	c18	RPL27
2.07419679154233e-14	0.306430086348239	0.917	0.907	6.95644119947468e-10	c18	MT-CYB
2.09691405693608e-14	4.98122202291031	0.014	0.001	7.03263036415222e-10	c18	CDC42BPB
2.13590085079759e-14	0.435907310422293	0.808	0.727	7.16338427340497e-10	c18	DUSP1
3.665678317127e-14	0.76087038545398	0.434	0.275	1.22939519399805e-09	c18	PDE4B
3.78618163778295e-14	2.8931503491242	0.06	0.015	1.26980959767965e-09	c18	LGMN
3.92103466568955e-14	0.534378547054075	0.954	0.902	1.31503660617896e-09	c18	FTL
6.98392529176569e-14	1.47025933135194	0.139	0.056	2.34226886435238e-09	c18	RAB30
7.69733880168537e-14	2.12043927266181	0.053	0.013	2.58153348730924e-09	c18	RGPD2
8.74705988098352e-14	5.0017860203829	0.018	0.002	2.93358894288425e-09	c18	RHEX
1.42702646933708e-13	3.16597160205263	0.032	0.005	4.78596137286271e-09	c18	GABBR1
1.68757914076227e-13	5.81691251082544	0.014	0.001	5.65980292228851e-09	c18	MGP
1.83766303353967e-13	1.4744917631937	0.141	0.058	6.16315428188534e-09	c18	SIDT1
1.87448219956435e-13	0.511517563842701	0.778	0.766	6.28663840089893e-09	c18	JUNB
1.8927295614027e-13	3.95394286839242	0.012	0.001	6.34783640303238e-09	c18	CD1D
1.94909968441138e-13	0.892875491622329	0.312	0.177	6.53689052157888e-09	c18	FCMR
2.17134441488543e-13	1.55504247122432	0.127	0.05	7.28225489864277e-09	c18	ORAI2
2.34466051776867e-13	2.44178401762876	0.032	0.006	7.86352244449256e-09	c18	P2RY14
2.7317211061562e-13	0.214126768707197	0.982	0.993	9.16164624582665e-09	c18	RPS15A
3.04171313001451e-13	1.90241959734404	0.155	0.069	1.02012974954427e-08	c18	IFI27
3.93866558914759e-13	4.20804462688031	0.016	0.002	1.32094966528832e-08	c18	DBNDD1
4.05506638440423e-13	4.28620906614861	0.018	0.002	1.35998816400149e-08	c18	AL139020.1
5.862065905925e-13	2.51073587685891	0.035	0.006	1.96601966352913e-08	c18	NUAK2
6.03203470060761e-13	3.84471952575241	0.028	0.004	2.02302379788978e-08	c18	SLC2A5
6.36600624630629e-13	1.29157773495275	0.155	0.068	2.1350311748862e-08	c18	IFT57
6.84029173769721e-13	4.52614664815519	0.012	0.001	2.29409704298889e-08	c18	CEACAM6
7.03991796943586e-13	3.78720128839483	0.012	0.001	2.3610476885894e-08	c18	ZNF135
1.06816123252766e-12	0.959487445861001	0.356	0.223	3.58239914165128e-08	c18	ARL4A
1.10098486421895e-12	0.912003441819339	0.363	0.226	3.69248303761752e-08	c18	TMEM243
1.12746893717795e-12	5.16098052534554	0.016	0.002	3.78130532150742e-08	c18	PLXDC2
1.16648196096878e-12	1.95242199398215	0.083	0.027	3.91214720069711e-08	c18	CHPT1
1.24354649071313e-12	4.75347453395437	0.012	0.001	4.1706062205537e-08	c18	AL928742.1
1.27456971753808e-12	0.911754620961523	0.319	0.19	4.2746519186792e-08	c18	IRF2BP2
1.33439417866385e-12	0.888344479601705	0.328	0.195	4.47529119640283e-08	c18	SKIL
1.47722738094592e-12	3.86710929070659	0.025	0.004	4.95432519021644e-08	c18	KRT8
1.57957275053947e-12	1.38491722167853	0.139	0.059	5.29757109075929e-08	c18	ST6GAL1
1.58909319093781e-12	0.722041261832392	0.473	0.331	5.32950074376722e-08	c18	RNASET2
1.65427045926687e-12	3.87771384894987	0.028	0.004	5.54809226628923e-08	c18	ZNF385A
1.69747188014868e-12	0.549926550456235	0.515	0.686	5.69298119164263e-08	c18	DNAJB1
1.92362998458012e-12	1.92060125435047	0.095	0.034	6.45147024228481e-08	c18	NRROS
1.96529508797671e-12	4.50604409100859	0.021	0.003	6.5912066660563e-08	c18	SELENOP
2.2487435696742e-12	3.82797635607873	0.012	0.001	7.54183618397333e-08	c18	AC233755.1
2.66900055317184e-12	2.40680454888914	0.042	0.009	8.95129405522773e-08	c18	C12orf42
3.05843025502332e-12	4.17308008423534	0.016	0.002	1.02573633892972e-07	c18	CAVIN1
3.65615688267208e-12	4.22530743819715	0.025	0.004	1.22620189531056e-07	c18	CALML3
3.78765635609409e-12	0.746590939219643	0.573	0.454	1.27030418870683e-07	c18	NR4A2
4.00225093182361e-12	3.47589340775914	0.014	0.001	1.342274917515e-07	c18	PFKFB2
4.39268091332917e-12	1.34028332519548	0.148	0.065	1.47321732471234e-07	c18	TP53INP1
6.23405040402274e-12	1.28868466317933	0.157	0.071	2.09077582450115e-07	c18	CXorf40A
6.58839159646122e-12	2.85462691782152	0.039	0.008	2.20961477362116e-07	c18	KRT18
6.72184362036987e-12	3.12562846157603	0.032	0.006	2.25437191339965e-07	c18	CARMIL1
7.31105834595282e-12	0.438870831884974	0.751	0.707	2.45198274806566e-07	c18	RPL31
8.05899459375592e-12	3.38795271038165	0.042	0.009	2.70282560685386e-07	c18	RAB31
1.04536300811456e-11	2.53002851208609	0.03	0.005	3.50593845661462e-07	c18	TRIO
1.1506494111882e-11	4.50897440170073	0.012	0.001	3.85904799524297e-07	c18	ESAM
1.22603927637843e-11	2.58760961543457	0.023	0.003	4.11189052511797e-07	c18	CAMKK1
1.38236022119849e-11	3.95957497414635	0.016	0.002	4.6361597098555e-07	c18	IGKV2-28
1.39694175721852e-11	0.61231470368765	0.326	0.194	4.68506326535947e-07	c18	NR4A1
1.65183527122977e-11	0.258825899025266	0.915	0.927	5.53992513265039e-07	c18	RPS16
1.8460852438535e-11	6.24885123966341	0.012	0.001	6.19140069083586e-07	c18	SHTN1
2.05588117999743e-11	2.37831551921812	0.037	0.008	6.8950143014754e-07	c18	CHRNE
2.48682519385295e-11	1.58524840355052	0.136	0.061	8.34031433514404e-07	c18	CMSS1
2.73452534279088e-11	0.278875043000533	0.882	0.917	9.17105109465206e-07	c18	RPL35
2.89696187234277e-11	2.21901959155405	0.048	0.013	9.71583072746317e-07	c18	IGKV3-15
3.06845997457999e-11	0.77217745810184	0.598	0.52	1.02910010627464e-06	c18	EZR
3.13573857607651e-11	2.5152621827017	0.046	0.012	1.05166400364454e-06	c18	HHEX
3.16550720855992e-11	0.348274573516566	0.843	0.833	1.06164780760683e-06	c18	MT-ND1
3.25727961438469e-11	1.51357721478993	0.097	0.037	1.09242643707234e-06	c18	SSBP2
3.34952601919659e-11	3.10269199633949	0.048	0.013	1.12336403631815e-06	c18	GNB4
3.62793172117941e-11	3.51127942295445	0.025	0.004	1.21673574064915e-06	c18	LRRK1
3.69369028242835e-11	5.13942801760267	0.014	0.001	1.23878984692082e-06	c18	SSPN
3.69533777381006e-11	3.03265594224628	0.028	0.005	1.23934238258042e-06	c18	AC022182.1
3.81442253399417e-11	3.44029773661821	0.014	0.001	1.27928102945097e-06	c18	MPEG1
4.00440774940152e-11	1.12685711195506	0.109	0.043	1.34299827099428e-06	c18	SLC5A6
4.0194709634276e-11	4.00397249310637	0.018	0.002	1.34805017171435e-06	c18	IL18
4.12656380327172e-11	2.44422978343272	0.046	0.012	1.38396696834127e-06	c18	SNN
4.15071830746662e-11	4.39014628007767	0.016	0.002	1.39206790595815e-06	c18	AC106897.1
4.39108301486337e-11	3.10632193098159	0.016	0.002	1.47268142152488e-06	c18	NKX3-1
4.43169555285078e-11	0.266636655560532	0.949	0.979	1.48630205451509e-06	c18	MT-CO1
4.62263388317524e-11	1.49092368230995	0.092	0.034	1.55033895173931e-06	c18	PRDM4
6.02271284837121e-11	1.29755147772103	0.099	0.038	2.01989743508674e-06	c18	SNX29
9.5678656138034e-11	3.29545158671448	0.016	0.002	3.20887076955738e-06	c18	ZNF667-AS1
1.15520057318393e-10	1.15021217141862	0.254	0.151	3.87431168234425e-06	c18	IL16
1.19249494242483e-10	4.60508451969433	0.012	0.001	3.99938953790439e-06	c18	COL1A2
1.40511562721397e-10	2.3586178866278	0.079	0.028	4.71247679055021e-06	c18	CDCA7L
1.41278726838587e-10	4.55900111834591	0.014	0.001	4.73820594071255e-06	c18	ELF3
1.6480041536981e-10	2.95209775549085	0.039	0.009	5.52707633067269e-06	c18	CSTA
1.8689565783076e-10	0.69467481001631	0.617	0.514	6.26810657232803e-06	c18	SERP1
1.93660798405348e-10	2.4475881111775	0.053	0.015	6.49499585691858e-06	c18	SH2B3
1.96423782261274e-10	2.87673814276455	0.023	0.004	6.5876608094786e-06	c18	NUPR1
2.2598962213092e-10	3.30105938380126	0.055	0.017	7.5792399470268e-06	c18	LYZ
2.82455409311931e-10	1.54636122145458	0.097	0.039	9.47298951750355e-06	c18	DENND3
3.00412041550258e-10	1.25352234832845	0.129	0.058	1.00752190495125e-05	c18	S1PR1
3.02969181673122e-10	3.32351123497582	0.018	0.003	1.01609804149532e-05	c18	AL121787.1
3.49850451877738e-10	4.35639706121629	0.014	0.002	1.17332844550756e-05	c18	COL1A1
3.67086169550769e-10	3.83165369128718	0.018	0.003	1.23113359543937e-05	c18	S100A16
3.86929374637725e-10	2.82818730934048	0.03	0.006	1.29768373666e-05	c18	ZNF595
4.06969613400265e-10	4.08784404558949	0.012	0.001	1.36489468942181e-05	c18	AEBP1
4.07747287913204e-10	2.96297708741525	0.016	0.002	1.3675028542033e-05	c18	TNFSF13
4.11700464156318e-10	4.3414097764113	0.012	0.001	1.38076101668746e-05	c18	MDGA1
4.35556368451633e-10	0.852459258273942	0.21	0.113	1.46076894851309e-05	c18	RARA
4.36332388399018e-10	2.59010090497914	0.03	0.006	1.46337156421263e-05	c18	RAB13
4.54638475325247e-10	1.31535652088207	0.118	0.052	1.52476651854582e-05	c18	ERGIC1
5.12897634364318e-10	1.67747920754167	0.129	0.06	1.72015608613105e-05	c18	AHCY
5.38361824522584e-10	3.09637658960135	0.028	0.005	1.80555788708384e-05	c18	IGHA2
5.63307337375284e-10	0.849930775155728	0.305	0.192	1.88922014808923e-05	c18	HLA-DMA
6.31505124736968e-10	3.54132679342669	0.014	0.002	2.11794188734284e-05	c18	ACRBP
6.38192182246283e-10	1.78113149725188	0.062	0.02	2.14036894081758e-05	c18	RASL11A
6.70333703076911e-10	1.73771737798113	0.088	0.034	2.24816517337935e-05	c18	ZBTB10
6.82012233878371e-10	1.15793348099658	0.203	0.111	2.28733262998128e-05	c18	IMPDH2
7.05322772106776e-10	1.69033574245114	0.021	0.003	2.3655115130917e-05	c18	IGHV3-30
7.321811138619e-10	2.40402681425938	0.051	0.015	2.45558901967004e-05	c18	EMP1
7.84673478839474e-10	2.18485314472936	0.048	0.014	2.63163791333183e-05	c18	CXCL16
8.00974409670234e-10	0.491505331225442	0.836	0.753	2.68630797515203e-05	c18	MT-ND2
8.09434326726486e-10	4.83083610350985	0.014	0.002	2.71468084497529e-05	c18	BTNL9
8.8864966778641e-10	2.70769071768066	0.185	0.105	2.98035325582206e-05	c18	EIF4EBP1
1.03951750093756e-09	0.951089276378702	0.125	0.056	3.48633379464439e-05	c18	MTSS1
1.06731287736137e-09	1.27114868666119	0.085	0.033	3.57955392809457e-05	c18	HIP1R
1.11197611956526e-09	2.92588686373132	0.046	0.013	3.72934550979798e-05	c18	DERL3
1.41423003061518e-09	4.21157407552098	0.014	0.002	4.74304467667718e-05	c18	COL5A2
1.49693518748351e-09	0.545237269288798	0.33	0.205	5.02042123178218e-05	c18	PER1
1.52997699277632e-09	3.94692851168678	0.018	0.003	5.13123683837323e-05	c18	RBM47
1.82162178232822e-09	2.44576629493294	0.03	0.006	6.10935513357239e-05	c18	HES1
1.82559398836986e-09	2.96271706309132	0.012	0.001	6.12267711819484e-05	c18	IRF6
1.93745225279363e-09	3.02162127531549	0.037	0.009	6.49782736541929e-05	c18	BCL7A
2.20343897128512e-09	0.70508171651807	0.561	0.452	7.38989362189604e-05	c18	RPL22L1
2.25266262000297e-09	3.06174387569418	0.016	0.002	7.55497989496596e-05	c18	KLK1
2.40235114248338e-09	3.74697942830736	0.021	0.003	8.05700526166077e-05	c18	SIGLEC10
2.76027480652488e-09	0.899471376892411	0.245	0.146	9.25740964612315e-05	c18	EIF1AY
2.78662530982916e-09	1.10221466229988	0.148	0.074	9.34578396410504e-05	c18	NAF1
3.02273796383189e-09	3.87947857233783	0.014	0.002	0.000101376585830994	c18	SIRPA
3.95955352650836e-09	4.15342514182116	0.016	0.002	0.000132795506172038	c18	SOX12
4.14786505432806e-09	0.828141216646031	0.346	0.238	0.000139111098192055	c18	SNX9
4.4708910601927e-09	2.57154785644814	0.025	0.005	0.000149944744376743	c18	DNMBP
4.60939309007517e-09	0.982645055948646	0.187	0.102	0.000154589825454941	c18	STX5
5.47235969504028e-09	0.893250026712775	0.145	0.072	0.000183531999452261	c18	RASGEF1B
5.64822104800864e-09	1.5996911453477	0.06	0.02	0.000189430037508114	c18	ZBTB16
5.84486303910971e-09	1.34797342244429	0.083	0.033	0.000196025016605662	c18	ID1
5.8913443686922e-09	2.39637190360553	0.023	0.004	0.000197583907437199	c18	KRTCAP3
5.9208566375967e-09	0.134706224758544	0.577	0.42	0.000198573689911718	c18	FOSB
6.22121274494297e-09	0.82413184645612	0.316	0.209	0.000208647033039897	c18	SOD2
6.78563436827172e-09	1.4032755804948	0.219	0.13	0.000227576605443097	c18	NPC2
7.16463321512221e-09	0.81480105853467	0.312	0.205	0.000240287468768769	c18	PHF20
7.86627901803816e-09	0.573419782244389	0.453	0.327	0.000263819265706964	c18	EIF3L
8.92168833783e-09	3.65696036003697	0.012	0.001	0.000299215583474143	c18	COL3A1
9.41859104662865e-09	3.47050164746251	0.035	0.009	0.000315880706521832	c18	ABCA1
9.86343350001224e-09	0.185519568894444	1	0.998	0.00033079983272341	c18	RPLP1
1.10071611459391e-08	1.74789619867368	0.106	0.048	0.000369158170512507	c18	MYC
1.11017990247815e-08	2.06235620379801	0.021	0.004	0.000372332135693121	c18	ZNF154
1.18025815632272e-08	0.909753376814052	0.242	0.149	0.000395834980467512	c18	CNPPD1
1.18868137705599e-08	4.21514939057735	0.014	0.002	0.000398659960237039	c18	LINC02413
1.23539494797434e-08	2.62471060674922	0.035	0.009	0.000414326757651633	c18	LINC00665
1.36889297858516e-08	0.58569967046716	0.545	0.431	0.000459099327157892	c18	EIF3E
1.38087094454083e-08	1.98124347911959	0.051	0.016	0.000463116497380104	c18	ZNF395
1.58515586363352e-08	4.28450332193651	0.012	0.001	0.000531629573545409	c18	JDP2
1.58828149625456e-08	1.48988574636162	0.069	0.026	0.000532677848213853	c18	EAF2
1.63722226326134e-08	1.3844484154449	0.028	0.006	0.000549091602652588	c18	IGKV1-39
1.69293001651959e-08	1.27160478687808	0.102	0.045	0.000567774868940339	c18	CERS4
1.71480835064578e-08	0.27207550986415	0.829	0.837	0.000575112424639583	c18	PFDN5
1.88449805701917e-08	1.49864341807018	0.145	0.075	0.00063202295836309	c18	SESN3
2.09647184122397e-08	2.96724714873275	0.023	0.005	0.000703114726109694	c18	SCIMP
2.24789773652649e-08	2.95030449250187	0.018	0.003	0.000753899942876255	c18	KMO
2.36184267266934e-08	2.77836133806239	0.016	0.002	0.000792114795559842	c18	LINGO3
2.38988016078825e-08	3.45624706162107	0.028	0.006	0.000801518008325163	c18	IGFBP2
2.52810948062674e-08	2.75879897032841	0.028	0.006	0.000847877357612597	c18	GPR160
2.80019507939045e-08	3.89427543246685	0.012	0.001	0.00093912942572597	c18	SERPINF1
3.24842557992333e-08	2.40127272124894	0.018	0.003	0.00108945697099469	c18	IGHV4-61
3.63529202542636e-08	3.26415617976803	0.012	0.001	0.00121920423948749	c18	FP565260.3
3.84241647821496e-08	1.24723591352629	0.076	0.03	0.00128866963846373	c18	HSD17B4
4.32686512104549e-08	1.12516732155818	0.088	0.037	0.00145114402429623	c18	ZNF669
4.53753087166095e-08	0.223253619052294	0.908	0.9	0.00152179710373765	c18	RPS29
4.73774405690671e-08	1.80604349082368	0.065	0.024	0.00158894460180537	c18	CIITA
6.0579887873287e-08	4.18672112317212	0.014	0.002	0.0020317282794943	c18	PTGS1
6.1159531921495e-08	2.28218468677018	0.016	0.003	0.0020511683815831	c18	MCEMP1
6.78984393460645e-08	1.11643012047743	0.099	0.045	0.00227717785878831	c18	BEX2
7.13178060453122e-08	2.47058487718399	0.046	0.015	0.00239185657914768	c18	APOC1
7.2081263247571e-08	2.16964351254417	0.037	0.01	0.00241746140679704	c18	SLC9A7
7.60800591540842e-08	4.79714684969556	0.012	0.001	0.00255157302390967	c18	PKP3
8.0662420991044e-08	1.33945422860192	0.113	0.055	0.00270525627519764	c18	DGKD
8.74001210093271e-08	2.18861546934336	0.037	0.01	0.00293122525841081	c18	STARD5
8.82921553424969e-08	3.99144670199619	0.016	0.003	0.00296114230587666	c18	IGHV3-66
9.10024308042575e-08	3.44354434264627	0.014	0.002	0.00305203952431319	c18	SLC6A8
9.33778467890668e-08	1.73952467572882	0.035	0.009	0.00313170622561172	c18	SLC43A2
9.98058952018851e-08	6.82505679888767	0.03	0.008	0.00334729011328082	c18	IGHV1-18
1.13279040037238e-07	0.33381250093951	0.878	0.87	0.00379915244476889	c18	MT-ATP8
1.20253534121919e-07	1.97505366542077	0.035	0.01	0.00403306302738093	c18	IGHG3
1.40648984995321e-07	1.82610144252234	0.06	0.022	0.00471708565877306	c18	SLC19A2
1.47231406657209e-07	0.675925138419329	0.453	0.352	0.00493784691646948	c18	EIF4B
1.49967422507281e-07	1.24096718117377	0.127	0.065	0.00502960741604919	c18	TGIF2
1.50564101200105e-07	5.49623399343951	0.012	0.001	0.00504961882604911	c18	CDC42EP1
1.55454199638178e-07	0.485102640874131	0.478	0.374	0.00521362294746522	c18	TXNIP
1.55559667187095e-07	4.11420105759702	0.012	0.001	0.00521716011812079	c18	CSRP2
1.62642485489679e-07	1.77278137074247	0.042	0.013	0.00545470367835284	c18	KLF7
1.65115295749344e-07	1.68794018623897	0.069	0.028	0.00553763678884149	c18	CHD7
1.78269110385483e-07	0.86003310300315	0.333	0.236	0.00597878942410832	c18	DDX21
1.96560233780309e-07	1.59929824440197	0.09	0.041	0.006592237120524	c18	RRM2B
2.06495372970691e-07	2.53499618935081	0.03	0.008	0.00692544181869103	c18	AC022167.3
2.20707712990819e-07	0.222222798401382	0.843	0.881	0.00740209527828608	c18	UBA52
2.25889343522598e-07	1.207797278773	0.125	0.064	0.00757587680306091	c18	PIKFYVE
2.42084993108597e-07	3.2594509844419	0.03	0.008	0.00811904649887611	c18	KRT5
2.52603065889572e-07	3.38416615136353	0.021	0.004	0.00847180162380446	c18	UBR5-AS1
2.63046675407885e-07	1.74788202478316	0.058	0.022	0.00882205939982964	c18	SIPA1L3
2.7319982410779e-07	3.37041732847235	0.023	0.005	0.00916257570092707	c18	RAB20
2.90771880131417e-07	3.92635988279896	0.012	0.002	0.00975190731584747	c18	ZNF804A
2.93590922342329e-07	1.08853013961423	0.136	0.073	0.00984645235351701	c18	SH3BP5
2.93906023222397e-07	2.14140058623349	0.039	0.012	0.00985702020683275	c18	LYL1
3.11598273523676e-07	0.670087522630146	0.402	0.297	0.010450382897437	c18	TAF1D
3.14930963413846e-07	1.12167699854012	0.169	0.097	0.0105621546509736	c18	BCL2A1
3.6560310823259e-07	0.81409232354493	0.134	0.071	0.0122615970439046	c18	NFATC1
3.97043914522752e-07	3.6312468057846	0.014	0.002	0.0133160588052641	c18	CAV1
4.17455002915396e-07	1.31195527242824	0.113	0.057	0.0140006058877765	c18	STX7
4.33355560436862e-07	1.36099627319048	0.083	0.037	0.0145338787859315	c18	AC073111.5
4.49784267189918e-07	1.88056483333801	0.018	0.004	0.0150848647530155	c18	MYO1B
4.53268882533135e-07	3.75432732604349	0.012	0.002	0.0152017317823963	c18	MMP14
5.19956430468112e-07	0.807679170698828	0.252	0.164	0.0174382987650395	c18	ATP2B1
5.36710995980129e-07	3.87913146084194	0.014	0.002	0.0180002133831816	c18	U62317.5
5.56376120514237e-07	2.2409691625059	0.023	0.005	0.0186597423298065	c18	GPR146
5.68172816292895e-07	0.175365349987165	0.926	0.97	0.0190553799128311	c18	EIF1
5.69059446273084e-07	1.53617040438427	0.072	0.03	0.0190851157091067	c18	RNF130
6.32983528639035e-07	3.94127600554027	0.025	0.006	0.021229001583496	c18	SEMA4C
6.48747385451839e-07	3.11986583002245	0.035	0.01	0.0217576898132838	c18	C1QC
7.00290861774139e-07	1.01388446040176	0.069	0.03	0.0234863549221811	c18	IGKV3-20
7.61226562846526e-07	1.86101724912213	0.032	0.009	0.0255300164647468	c18	MATN1-AS1
7.73772657776137e-07	0.393588430825533	0.827	0.909	0.0259507873964961	c18	BTG1
7.84671955244125e-07	2.17974094678844	0.018	0.004	0.0263163280349775	c18	TTC21A
8.46781428420501e-07	2.5733915340595	0.044	0.015	0.0283993555463668	c18	ALCAM
9.13465823202695e-07	1.30892474681292	0.055	0.021	0.030635816778572	c18	SIK1
9.87583422176981e-07	0.601580122346543	0.356	0.258	0.0331215728129716	c18	MAP3K8
1.01719531726062e-06	3.99640354586867	0.021	0.005	0.0341146965502868	c18	S100P
1.01884636853982e-06	1.13988325939935	0.106	0.053	0.0341700695080886	c18	BEX4
1.04844541728026e-06	4.25045908790519	0.018	0.004	0.0351627624047453	c18	AK4
1.04869065803649e-06	2.29210459204006	0.016	0.003	0.0351709872892279	c18	AKR1C2
1.0967009644503e-06	1.30262904035326	0.099	0.049	0.0367811569457341	c18	RRP12
1.1654627671213e-06	2.71308907972539	0.025	0.006	0.0390872902837143	c18	RIMKLB
1.24773618039694e-06	1.01529279950378	0.215	0.137	0.0418465760181524	c18	SYPL1
1.28222668275857e-06	2.39219633167902	0.016	0.003	0.043003318486357	c18	KLF8
1.40838897012959e-06	0.465913856046685	0.259	0.385	0.0472345492802061	c18	CSTB
1.4379486743996e-06	1.01508896133098	0.15	0.086	0.0482259226420137	c18	AC007384.1
1.43902996946004e-06	1.27405958081558	0.106	0.054	0.0482621871157508	c18	PRCP
