p_val	avg_log2FC	pct.1	pct.2	p_val_adj	cluster	gene
0	0.687114134790067	0.955	0.62	0	c6	CCL5
1.01975893194175e-229	0.662096251213764	0.693	0.407	3.42006750594625e-225	c6	CD8A
1.40028285138213e-196	0.527387761122818	0.838	0.539	4.69626862696538e-192	c6	NKG7
3.67576355614125e-166	0.477984408771222	0.71	0.436	1.23277758145865e-161	c6	GZMB
7.67406864710263e-155	0.67023368757771	0.54	0.326	2.57372914286528e-150	c6	CD8B
1.19979753381876e-154	0.685975429761635	0.614	0.413	4.02388096892136e-150	c6	ANXA1
2.97294951472938e-150	0.438898164655404	0.69	0.453	9.97067808249939e-146	c6	CCL4
3.80268935351524e-134	0.480508474855755	0.824	0.68	1.27534595538194e-129	c6	HCST
1.15534598101875e-133	0.133024026155487	0.811	0.532	3.87479935114068e-129	c6	GZMA
1.41186924791471e-118	0.575706731221671	0.532	0.342	4.73512708365636e-114	c6	GZMH
5.19691775222548e-95	0.420235790160711	0.744	0.581	1.74294227574138e-90	c6	CST7
2.77700540568191e-83	0.650391305102641	0.407	0.271	9.31352072957601e-79	c6	PARP8
9.09757491183694e-83	0.571084371237518	0.494	0.344	3.05114467393187e-78	c6	PRF1
3.08038097300775e-82	1.12937415019317	0.183	0.091	1.03309817072734e-77	c6	XCL2
5.91978533108972e-82	0.88467790498355	0.186	0.092	1.98537760434087e-77	c6	MATK
4.35276048731925e-76	0.357404147423305	0.809	0.708	1.45982881223713e-71	c6	CD99
6.75489110062264e-74	0.260931671232639	0.969	0.936	2.26545537732682e-69	c6	SH3BGRL3
3.76851802431715e-73	0.334943838837383	0.874	0.788	1.26388557499549e-68	c6	IFITM2
3.20540241718287e-72	0.693232444988061	0.328	0.208	1.07502786267479e-67	c6	CCL4L2
7.62898678418247e-67	0.342088354580826	0.928	0.848	2.55860958767912e-62	c6	IFITM1
1.20834795757485e-65	0.457996874340117	0.579	0.45	4.05255738011454e-61	c6	CLEC2B
2.25217254024507e-65	0.386741208810998	0.842	0.775	7.5533362654739e-61	c6	S100A6
4.38548857986589e-61	0.365449133167493	0.809	0.739	1.47080515991542e-56	c6	CD52
2.57210490707295e-58	0.503836096438529	0.403	0.282	8.62632543734126e-54	c6	IFNG
3.11795977849745e-57	0.7303493582172	0.276	0.179	1.04570135051248e-52	c6	THEMIS
8.41299124290115e-56	0.762563698850709	0.221	0.133	2.82154900304419e-51	c6	CLIC3
1.08309966559605e-55	0.840060998781894	0.232	0.145	3.63249965847603e-51	c6	ITGA1
1.29135649875227e-55	1.15065066483384	0.139	0.071	4.33095142551536e-51	c6	XCL1
5.71587325386297e-55	0.415644840989388	0.615	0.503	1.91698957188056e-50	c6	RARRES3
6.66707825651517e-55	0.167567046002743	0.996	0.988	2.23600470567006e-50	c6	HLA-B
1.98217631444228e-53	0.288912142268197	0.853	0.774	6.64782292337653e-49	c6	MYL12A
9.00221410537633e-53	0.454170397525089	0.342	0.232	3.01916256666111e-48	c6	HOPX
1.96481796035358e-52	0.489809809655329	0.685	0.619	6.58960647543383e-48	c6	S100A10
8.64021390031815e-52	0.507201425831691	0.454	0.348	2.8977549378887e-47	c6	RUNX3
6.39363019021918e-51	0.352819925576652	0.649	0.53	2.14429569319571e-46	c6	ALOX5AP
5.71972689805322e-50	0.481998878803559	0.43	0.322	1.91828200706909e-45	c6	GZMM
9.37724011833172e-49	0.45474931493489	0.483	0.38	3.14493879088609e-44	c6	ADGRE5
1.22884422462444e-46	0.274765339368531	0.752	0.669	4.12129776054545e-42	c6	CYBA
7.25775289005391e-45	0.502542826834557	0.302	0.209	2.43410516426628e-40	c6	GZMK
2.7747649135016e-44	0.701242752477778	0.168	0.099	9.30600656690167e-40	c6	ZNF683
9.56657059677264e-44	0.601809326946874	0.311	0.222	3.20843644674561e-39	c6	PTMS
2.10769094921717e-43	0.435071369525478	0.407	0.301	7.06877390548455e-39	c6	LAG3
5.16966691568026e-42	0.423010544523352	0.378	0.281	1.73380289018085e-37	c6	AHNAK
7.98754059939178e-41	0.154370881265097	0.998	0.993	2.67886136622401e-36	c6	RPS27
4.43487239868039e-40	0.765664860448268	0.175	0.108	1.48736750506943e-35	c6	SYTL2
2.91835004107565e-39	0.519254466292598	0.414	0.327	9.78756236775952e-35	c6	PTPN22
3.08836306440869e-39	1.3805383430219	0.067	0.03	1.03577520454139e-34	c6	FXYD2
3.74971936363293e-39	0.666867757773312	0.253	0.176	1.25758088017521e-34	c6	ANKRD28
1.06558759569806e-38	0.534844664857259	0.341	0.258	3.57376767845215e-34	c6	TGFB1
1.40986063912849e-38	0.482742374020226	0.295	0.21	4.72839061150912e-34	c6	ZEB2
2.6324434007725e-38	0.318637447746031	0.342	0.244	8.82868867751081e-34	c6	CTSW
5.56114277312033e-38	0.601667684816616	0.26	0.182	1.8650960632491e-33	c6	JMJD6
8.81102897963243e-38	0.127306764436661	0.999	0.996	2.95504289918913e-33	c6	TMSB4X
2.72349232811856e-37	0.428062373305343	0.401	0.308	9.13404857004402e-33	c6	APOBEC3G
6.546247379284e-37	1.30179026194681	0.057	0.024	2.19548044606427e-32	c6	TRGV7
9.7565941139358e-37	0.255798107569543	0.537	0.43	3.27216653393179e-32	c6	LGALS1
1.38649040470585e-36	0.304730529366759	0.803	0.758	4.65001151930247e-32	c6	ZFP36L2
1.5959874984028e-36	0.455510588257236	0.358	0.271	5.35262287214332e-32	c6	GPR65
1.05746370741864e-35	0.403177127723918	0.447	0.359	3.54652178194065e-31	c6	CD96
3.28621813513183e-35	0.499311916830858	0.415	0.335	1.10213183816051e-30	c6	CBLB
5.10837790033696e-35	0.690261856335219	0.12	0.068	1.71324778021501e-30	c6	AUTS2
6.4300582585945e-35	0.531383876680227	0.27	0.194	2.15651293876742e-30	c6	FKBP11
3.33097244678059e-34	1.12383307389952	0.092	0.049	1.11714153920127e-29	c6	FGFBP2
7.60099328659815e-34	0.326347466508455	0.389	0.295	2.54922112845929e-29	c6	LINC01871
1.74021328668068e-33	0.28962356304518	0.537	0.44	5.83632732086966e-29	c6	ID2
3.87000014563087e-33	0.206822932636322	0.852	0.8	1.29792064884168e-28	c6	PTPRCAP
1.47330901489262e-31	0.772417391971538	0.12	0.071	4.94118377414687e-27	c6	TRGC2
1.86093629682453e-31	0.1742956117454	0.924	0.884	6.2412081522901e-27	c6	HLA-C
3.65306325836217e-31	0.241561809176396	0.814	0.759	1.22516435558951e-26	c6	PTPRC
8.34689442624382e-31	0.504833913149855	0.281	0.209	2.79938145267365e-26	c6	SLA2
1.5580113067044e-30	0.460972714534362	0.231	0.162	5.2252583204252e-26	c6	LYAR
2.55911257049818e-30	0.379722353988338	0.457	0.381	8.58275173893678e-26	c6	MSN
3.53918038292504e-30	0.34121984326845	0.553	0.47	1.1869703168254e-25	c6	CD3G
3.87722489295581e-29	0.365577586840177	0.43	0.351	1.30034368459952e-24	c6	SYTL3
6.04423034583913e-29	0.267828721773616	0.866	0.815	2.02711397338753e-24	c6	VIM
9.81575617079851e-29	1.02768234009014	0.086	0.047	3.2920083045624e-24	c6	TRGV2
1.55629718805484e-28	0.40812082683398	0.358	0.28	5.21950950929834e-24	c6	MYADM
2.04998675482503e-28	0.309091916292004	0.634	0.574	6.87524557833218e-24	c6	MCL1
4.44484377363494e-28	0.703581336830955	0.104	0.06	1.49071170480169e-23	c6	PTGER2
8.46469373157407e-28	0.386086942508864	0.508	0.435	2.83888898369531e-23	c6	RNF213
5.11392900264477e-27	0.379759837751713	0.389	0.313	1.715109508907e-22	c6	CD63
1.14263075424193e-26	0.350157272624551	0.465	0.396	3.83215502357658e-22	c6	LITAF
2.50982432519089e-26	0.487451280267533	0.238	0.175	8.41744882182519e-22	c6	STOM
1.34772672877552e-25	0.451405379613236	0.283	0.217	4.52000590296733e-21	c6	CHST12
1.78574044432568e-25	0.444158618440109	0.333	0.265	5.98901630217947e-21	c6	SLC7A5
1.50263467309529e-24	0.24094091654437	0.642	0.573	5.03953616662698e-20	c6	EVL
1.94973580530673e-24	0.65140178525734	0.155	0.104	6.5390239438377e-20	c6	CCL3L1
2.50379655707738e-24	0.936186796749862	0.099	0.06	8.39723289312613e-20	c6	SMIM3
2.81526551074316e-24	0.817260838231483	0.097	0.058	9.44183746993042e-20	c6	CRTAM
3.43161960403345e-24	0.566296932448099	0.182	0.129	1.15089658280074e-19	c6	PTPN4
3.49856842755318e-24	0.356372315168893	0.447	0.382	1.17334987923279e-19	c6	ZYX
4.77570105044287e-24	1.12751857696126	0.04	0.017	1.60167461829753e-19	c6	SNTB1
6.86428010037243e-24	0.155128815288523	0.697	0.634	2.3021422600629e-19	c6	CD69
8.96730139298187e-24	0.357305064907534	0.338	0.271	3.00745354117826e-19	c6	AKNA
8.98486158959094e-24	0.482423065945598	0.18	0.125	3.01334287991701e-19	c6	SAMD3
9.15931294525207e-24	1.04960117691011	0.07	0.038	3.07185037557864e-19	c6	IFIT2
1.08016293381109e-23	0.528737981379952	0.182	0.127	3.62265044741565e-19	c6	KLRC1
1.10397153315197e-23	0.245273952829395	0.586	0.509	3.70249972788508e-19	c6	LCP1
3.98864024135768e-23	0.305422876509559	0.486	0.42	1.33771016414654e-18	c6	RABAC1
7.83941654223931e-23	0.315772823756922	0.381	0.31	2.62918351993622e-18	c6	C12orf75
1.3285298515454e-22	0.602033847196683	0.132	0.087	4.45562341611297e-18	c6	TBX21
1.66274916005776e-22	0.547264110449209	0.217	0.162	5.57652813300173e-18	c6	ITGB7
1.93253819417501e-22	0.313236507243621	0.356	0.288	6.48134659562414e-18	c6	PIK3R1
2.31472278146761e-22	0.474792459455991	0.248	0.189	7.76311726448607e-18	c6	UTRN
1.06424880531523e-21	0.446071713578166	0.277	0.217	3.56927764326622e-17	c6	GIMAP4
1.46133302631867e-21	0.656601028928442	0.104	0.065	4.90101870366755e-17	c6	PPP2R2B
1.57116889426634e-21	0.459215046682582	0.223	0.168	5.26938623759046e-17	c6	TGFBR2
1.77481539864834e-21	0.278018087206209	0.549	0.485	5.9523758839868e-17	c6	GNG2
2.28488641878425e-21	0.22984974384181	0.579	0.508	7.66305207131861e-17	c6	PAXX
2.56228523193947e-21	0.238812675716364	0.652	0.605	8.59339221087858e-17	c6	CXCR4
3.09349605064896e-21	0.613538838511057	0.11	0.07	1.03749670546665e-16	c6	SERTAD3
4.0477614714672e-21	0.574701515910922	0.156	0.11	1.35753824230067e-16	c6	GPR171
5.38662644428795e-21	0.400553843698165	0.32	0.258	1.80656677688529e-16	c6	ITGA4
5.68414157010912e-21	0.481087693243543	0.269	0.212	1.9063473997832e-16	c6	CAPG
7.18578068770323e-21	1.2905285037456	0.037	0.017	2.40996712704191e-16	c6	CHN2
7.73173933064036e-21	0.582354947312707	0.149	0.103	2.59307073671017e-16	c6	FASLG
9.20544733027263e-21	0.407187891389411	0.381	0.324	3.08732292562684e-16	c6	EMB
9.68338978695218e-21	0.66286700309355	0.233	0.181	3.24761526674802e-16	c6	IFI44L
1.07662790149725e-20	0.323967499770257	0.354	0.289	3.61079465604148e-16	c6	PTGER4
1.1397915861928e-20	0.588513604709209	0.193	0.143	3.82263302177342e-16	c6	MT1F
1.18907264134896e-20	0.425506609504142	0.241	0.184	3.98791182455614e-16	c6	TSEN54
2.28378727963654e-20	1.5529541357425	0.019	0.006	7.65936577844503e-16	c6	GFPT2
5.54193731750294e-20	0.567210687871698	0.123	0.082	1.85865493754414e-15	c6	F2R
9.27724687245437e-20	0.396226934527452	0.299	0.242	3.11140305608375e-15	c6	CAPN2
1.04624095150261e-19	0.487606388929663	0.206	0.156	3.50888290314946e-15	c6	ATP8A1
2.80923882492605e-19	0.157133384389375	0.919	0.898	9.42162517103698e-15	c6	RPS29
3.99256006056195e-19	0.376748933900401	0.327	0.268	1.33902479311127e-14	c6	ANXA2
4.43493767663639e-19	0.847393478822775	0.065	0.037	1.48738939799031e-14	c6	KLRK1
4.54875269258362e-19	0.353935058940533	0.412	0.358	1.5255606780387e-14	c6	TUBA4A
4.75024970168782e-19	0.477488535683653	0.169	0.122	1.59313874495206e-14	c6	GLUL
5.42574227578318e-19	0.317497159443022	0.387	0.326	1.81968544445216e-14	c6	SYNE2
6.93581983208768e-19	0.408152404248493	0.099	0.063	2.32613525528557e-14	c6	AOAH
7.12976339996166e-19	0.271342630648077	0.541	0.487	2.39118004907914e-14	c6	DRAP1
8.56346085021826e-19	0.276622795732446	0.563	0.51	2.8720134999462e-14	c6	SAMSN1
1.04049405213485e-18	0.305976332126918	0.32	0.256	3.48960895204987e-14	c6	MGAT4A
1.05802831997077e-18	1.20850880920541	0.041	0.02	3.54841537951795e-14	c6	TRGV8
1.09331139769604e-18	0.290098801910769	0.465	0.405	3.66674776559299e-14	c6	ARL4C
1.76796523208916e-18	0.578188667355007	0.171	0.126	5.92940179538064e-14	c6	JAML
2.25209871935737e-18	0.281883070466398	0.504	0.451	7.55308868498074e-14	c6	NR4A2
2.6516492314717e-18	0.665736090300422	0.04	0.019	8.89310119250978e-14	c6	PTGDR
2.78528182676262e-18	0.386375258700838	0.4	0.349	9.34127819059647e-14	c6	KIAA1551
3.3897344622411e-18	0.435532843404991	0.115	0.076	1.13684914394642e-13	c6	KLRG1
4.17905730669292e-18	0.348719550900157	0.183	0.134	1.40157223951867e-13	c6	SCML4
4.25244036303027e-18	0.390037511143673	0.219	0.167	1.42618344895309e-13	c6	RNF125
5.29786903540512e-18	0.795311225582154	0.043	0.022	1.77679931709417e-13	c6	S1PR5
8.82862332615962e-18	0.399866004493106	0.171	0.125	2.96094369112741e-13	c6	TNFSF9
8.95790450792487e-18	0.35203294764709	0.375	0.321	3.00430201386784e-13	c6	IVNS1ABP
1.20426380021186e-17	0.257828353174619	0.419	0.361	4.03885993315055e-13	c6	PPP2R5C
1.42871224245153e-17	0.938113963385471	0.111	0.076	4.79161511873394e-13	c6	IFIT3
1.53852713259318e-17	0.538910015498528	0.088	0.055	5.15991229729102e-13	c6	DTHD1
1.80419932021977e-17	0.376753353796981	0.196	0.146	6.05092368015306e-13	c6	LINC02446
1.92072802922244e-17	0.579934267674161	0.155	0.113	6.44173766440621e-13	c6	RIN3
2.32194505190005e-17	0.236055401913341	0.634	0.585	7.7873393150624e-13	c6	MBNL1
2.81886800602556e-17	0.397633121415675	0.244	0.194	9.45391951860851e-13	c6	CDK17
5.32213824893565e-17	0.335115765055294	0.291	0.237	1.78493872592804e-12	c6	STAT4
5.44968362735057e-17	0.647657647093285	0.108	0.074	1.82771489494083e-12	c6	MCOLN2
1.0124137262054e-16	0.44992642500549	0.238	0.188	3.39543315494767e-12	c6	OASL
1.15025949708749e-16	0.674204230626031	0.11	0.075	3.85774030133202e-12	c6	CEBPD
1.85998222738487e-16	0.715376312680132	0.065	0.039	6.23800839420337e-12	c6	ADRB2
1.98095872377231e-16	0.669307355047253	0.369	0.323	6.64373936778758e-12	c6	MT1X
2.42146957257342e-16	0.804980640651304	0.054	0.03	8.12112465249675e-12	c6	SORBS3
2.76402628382277e-16	0.290059801188392	0.24	0.186	9.26999135068481e-12	c6	ITM2C
3.52128830334121e-16	0.243102884358423	0.515	0.465	1.18096967117458e-11	c6	WIPF1
4.10346940528004e-16	0.387875875313118	0.224	0.176	1.37622156914282e-11	c6	AC116366.3
4.12081236942611e-16	0.181706081522774	0.647	0.589	1.38203805245813e-11	c6	LSP1
4.18161066867617e-16	0.705251020046064	0.069	0.042	1.40242858606061e-11	c6	SYNGR1
4.28523071916859e-16	0.498294132039639	0.125	0.088	1.43718067859476e-11	c6	TUBB2A
4.75758443770302e-16	0.122421374869889	0.906	0.847	1.59559866871684e-11	c6	CD3E
4.91828540509002e-16	0.703382374736824	0.082	0.052	1.64949455915909e-11	c6	CPNE7
5.66464805287183e-16	0.246186070963466	0.514	0.462	1.89980966397215e-11	c6	MYH9
5.77888058076746e-16	0.133433269660434	0.838	0.764	1.93812096917779e-11	c6	CD3D
6.02443300007412e-16	0.332628300097879	0.325	0.274	2.02047433956486e-11	c6	DHRS7
6.6711171096376e-16	0.166801454253815	0.714	0.659	2.23735925623026e-11	c6	MYL12B
6.76152617111768e-16	0.339485243404097	0.241	0.19	2.26768064726945e-11	c6	LIME1
8.94781209876574e-16	0.208826703933272	0.741	0.689	3.00091722168405e-11	c6	CD2
9.25914354488712e-16	0.616124781366358	0.072	0.044	3.10533156208424e-11	c6	SLAMF7
1.01937885986327e-15	0.917720247637421	0.082	0.053	3.41879282020943e-11	c6	IFIT1
1.06967225596237e-15	0.409449343926971	0.311	0.263	3.58746681204659e-11	c6	IKZF3
1.28203626427671e-15	0.352065216203788	0.211	0.164	4.29969322313123e-11	c6	RALGAPA1
1.71550456365288e-15	0.35971801884631	0.306	0.257	5.75345920557904e-11	c6	MAPRE2
1.77528759032546e-15	0.758025561739283	0.078	0.05	5.95395952043353e-11	c6	TRAV13-1
2.07226239827796e-15	0.16707507450716	0.722	0.645	6.94995363134462e-11	c6	LY6E
2.47216549980464e-15	0.129958391043647	0.885	0.853	8.29114865324481e-11	c6	HLA-E
3.8294536581208e-15	0.148517746613281	0.81	0.785	1.28432216786055e-10	c6	MT-ND5
4.40922834271291e-15	0.185431842812259	0.511	0.456	1.47876700157905e-10	c6	IDS
4.58838890543073e-15	0.240479580731515	0.52	0.473	1.53885387110336e-10	c6	STK17A
5.98481064118487e-15	0.373255582324993	0.255	0.208	2.00718579284058e-10	c6	CXCR3
6.48309639507941e-15	0.328713710912323	0.279	0.23	2.17430086898173e-10	c6	ARRB2
7.50279207295616e-15	0.512305898243515	0.164	0.125	2.51628640542804e-10	c6	SLFN12L
1.00231560927282e-14	0.430285794304603	0.174	0.134	3.36156609037918e-10	c6	MYO1F
1.02308101880529e-14	0.839834813155299	0.069	0.044	3.43120912086917e-10	c6	ABCB1
1.10646008996903e-14	0.259080384787799	0.406	0.353	3.71084584973813e-10	c6	ARHGAP9
1.21152706006073e-14	0.328941641442135	0.293	0.245	4.06321945403169e-10	c6	SUN2
1.56551534216954e-14	0.363267664074724	0.173	0.13	5.25042535456821e-10	c6	NR4A3
1.65881745573224e-14	0.899066056696394	0.029	0.014	5.5633419830348e-10	c6	PRSS23
1.70794043115976e-14	0.834427711070063	0.04	0.022	5.72809061802361e-10	c6	AC243829.1
1.95333840101901e-14	0.139380564270917	0.719	0.669	6.55110632933757e-10	c6	PNRC1
2.15132453849744e-14	0.132342247945525	0.829	0.798	7.2151122372127e-10	c6	CALM1
2.22395065579692e-14	0.46469168579471	0.236	0.193	7.45868570941169e-10	c6	SLFN5
2.22642046216748e-14	0.207391149499871	0.633	0.587	7.4669689460173e-10	c6	TRBC2
2.25134444576287e-14	0.461130410745771	0.188	0.147	7.5505590021995e-10	c6	SUPT3H
2.31649064209387e-14	0.214191564573871	0.482	0.429	7.76904631545442e-10	c6	FYN
3.27749604699018e-14	0.276483772618287	0.35	0.3	1.09920662423956e-09	c6	PDE4D
3.41862907099083e-14	0.305017979077664	0.258	0.209	1.14653981782891e-09	c6	CD55
3.50808852849963e-14	0.358636111869852	0.129	0.092	1.1765427306882e-09	c6	SPON2
3.93083034157277e-14	0.244803086755768	0.418	0.367	1.31832187995668e-09	c6	AC016831.7
4.60341190638722e-14	0.557138633793645	0.135	0.099	1.54389228516414e-09	c6	CD226
5.67161447089449e-14	0.330918090731015	0.272	0.226	1.90214606124859e-09	c6	HERPUD2
5.82245655553338e-14	0.382223656014034	0.217	0.174	1.95273547959478e-09	c6	APMAP
5.97066235576049e-14	0.111339624946104	0.964	0.959	2.00244074087495e-09	c6	RPL41
6.43594735254469e-14	0.520899854437207	0.24	0.198	2.15848802309644e-09	c6	SAMD9
6.70865282746649e-14	0.377893038941444	0.262	0.218	2.24994798527571e-09	c6	NFATC2
7.08161970365314e-14	0.346706300867249	0.26	0.213	2.37503361621119e-09	c6	GABARAPL1
8.58532650295306e-14	0.217284389458068	0.507	0.459	2.8793468025604e-09	c6	SEPT7
9.60901945098596e-14	0.580903524299466	0.053	0.031	3.22267294347167e-09	c6	TRBV2
9.74197534007595e-14	0.703992268380936	0.08	0.052	3.26726368955467e-09	c6	TRAV14DV4
1.10379825882725e-13	0.51461827209553	0.217	0.177	3.70191860045484e-09	c6	SETX
1.30260036520355e-13	0.446918616449437	0.161	0.123	4.36866110481967e-09	c6	ZBP1
1.35299705627855e-13	0.428710218091039	0.181	0.142	4.53768152734701e-09	c6	CTSD
1.3842265704731e-13	0.216900352167448	0.496	0.452	4.64241907205269e-09	c6	DNAJB6
1.67562466226623e-13	0.147378177933858	0.471	0.409	5.61970999230847e-09	c6	HLA-DPB1
1.69649307252746e-13	0.235372400691698	0.19	0.146	5.68969846664259e-09	c6	TC2N
1.75387523166435e-13	0.363506612959541	0.256	0.211	5.8821467519559e-09	c6	ATP2B4
1.87078493867331e-13	0.334819148655344	0.218	0.174	6.27423852732253e-09	c6	GLIPR2
1.90599944113314e-13	0.349753861498023	0.236	0.193	6.39234092567234e-09	c6	RBMS1
2.12599165054439e-13	0.445946824414524	0.239	0.198	7.13015079759579e-09	c6	SRRT
2.38407616058451e-13	0.912886433568921	0.036	0.02	7.99571462736833e-09	c6	KLRC4
2.4017319167288e-13	0.574154673521078	0.125	0.092	8.05492850232506e-09	c6	SPRY1
2.80600493198054e-13	0.115148443556258	0.772	0.7	9.41077934087634e-09	c6	CLIC1
2.96967027292843e-13	0.108184211673404	0.959	0.959	9.95968016134738e-09	c6	MT-ND4L
3.31383860684662e-13	0.480878734324528	0.248	0.208	1.11139519196422e-08	c6	XAF1
3.33880359579744e-13	0.491085435177492	0.12	0.087	1.11976794995855e-08	c6	AAED1
3.75494720281747e-13	0.272122722106247	0.444	0.404	1.25933419288092e-08	c6	AKAP13
4.18430177515424e-13	0.486994614903555	0.176	0.138	1.40333112935123e-08	c6	ARHGEF3
4.76704594976908e-13	0.174483802138774	0.644	0.605	1.59877187063355e-08	c6	RPL36A
5.19625531733929e-13	0.605158854932243	0.051	0.031	1.74272010832925e-08	c6	ENC1
6.19642505217924e-13	0.160543481257105	0.622	0.588	2.07815703399987e-08	c6	DUSP2
6.82197621708983e-13	0.226706692546539	0.23	0.182	2.28795438368759e-08	c6	KLRD1
6.90147785446959e-13	0.14805136632593	0.373	0.319	2.31461764283201e-08	c6	SERTAD1
7.1722574984868e-13	0.116165927771802	0.815	0.78	2.4054317198425e-08	c6	TNFAIP3
7.86262387283068e-13	0.350058021895651	0.287	0.243	2.63696679446995e-08	c6	MACF1
8.15887337046694e-13	0.399295248357367	0.27	0.227	2.7363229509872e-08	c6	GPR174
1.24202059096388e-12	0.390438646458658	0.177	0.139	4.16548865797467e-08	c6	PITPNC1
1.34901849765935e-12	0.520695025117118	0.096	0.067	4.52433823744991e-08	c6	METRNL
1.50020807334547e-12	0.198925801879	0.502	0.456	5.03139783638605e-08	c6	KMT2E
1.68960911811555e-12	0.765151134848276	0.04	0.022	5.66661106033592e-08	c6	FCRL6
1.70050989834045e-12	0.104129622318387	0.905	0.84	5.70317009705419e-08	c6	CRIP1
2.27368378524722e-12	0.463101331759784	0.162	0.126	7.62548067896212e-08	c6	GRAP2
2.65949278626644e-12	0.154002374652789	0.422	0.369	8.9194069065804e-08	c6	HSPA1B
3.12094647223922e-12	0.21725150462797	0.446	0.399	1.04670302785959e-07	c6	CELF2
3.45688794191118e-12	0.180395315302976	0.598	0.558	1.15937107795817e-07	c6	CD44
3.66720167487805e-12	0.313031969159508	0.201	0.161	1.2299060977206e-07	c6	SYNE1
4.5408322189354e-12	0.144376203273138	0.461	0.409	1.52290430958656e-07	c6	HSPA1A
5.12524004000122e-12	0.382512314286108	0.233	0.194	1.71890300461561e-07	c6	DSTN
6.21076626346498e-12	0.23941578271724	0.357	0.314	2.08296678944088e-07	c6	FLNA
6.91945078785186e-12	0.429238282463376	0.175	0.14	2.32064540522976e-07	c6	LPIN2
7.03374068704507e-12	0.45262963900895	0.165	0.13	2.35897595162118e-07	c6	TNKS2
7.43693392178211e-12	0.205545712669769	0.371	0.322	2.49419889868729e-07	c6	CD6
1.17066085847119e-11	0.364005359886089	0.209	0.172	3.92616238714068e-07	c6	STK10
1.27170580946701e-11	0.816067909977575	0.043	0.026	4.26504694379044e-07	c6	ABCD2
1.68595259576254e-11	0.750766251187327	0.029	0.015	5.65434781566839e-07	c6	TRGV4
2.07486863622198e-11	0.476254491178202	0.082	0.056	6.95869443216128e-07	c6	MIR22HG
2.14685557486772e-11	0.479389788822233	0.15	0.117	7.20012422699136e-07	c6	PLEKHF1
2.49463817579821e-11	0.305015616022032	0.258	0.218	8.36651751399202e-07	c6	RBL2
2.51528521036392e-11	0.323646443738749	0.169	0.133	8.4357635385185e-07	c6	GIMAP1
2.66838183879486e-11	0.64226879195844	0.084	0.059	8.94921901095019e-07	c6	CCR5
2.79879684624881e-11	0.379158059288486	0.247	0.208	9.38660486294925e-07	c6	ABLIM1
3.04013370304438e-11	0.473348075377489	0.06	0.039	1.01960004132702e-06	c6	AC006369.1
3.24120351878442e-11	0.607975723453032	0.151	0.119	1.08703483612992e-06	c6	DDX60
3.92087863597996e-11	0.28942211014362	0.242	0.201	1.31498427693496e-06	c6	RNF166
3.96008774922169e-11	0.534847110585196	0.051	0.031	1.32813422933397e-06	c6	TRBV9
4.14575985288953e-11	0.395020213742589	0.153	0.12	1.39040493946209e-06	c6	DIP2A
4.49729649542055e-11	0.339393756062589	0.301	0.262	1.50830329863414e-06	c6	RAB27A
4.84603652817830e-11	0.310549632357569	0.228	0.19	1.62526373082044e-06	c6	PRKACB
5.05751549157372e-11	0.745885892961112	0.043	0.026	1.696189545564e-06	c6	GALNT3
5.086493760905e-11	0.635514011725199	0.083	0.059	1.70590827753232e-06	c6	IL18RAP
5.71715474851094e-11	0.613782229955125	0.042	0.025	1.9174193595556e-06	c6	TPRG1
6.32747356769748e-11	0.431057663368021	0.314	0.28	2.12210808513438e-06	c6	ITGAE
7.60450912995985e-11	0.116195163374122	0.793	0.757	2.55040027200594e-06	c6	YWHAZ
7.65847750896394e-11	0.386468817682798	0.2	0.164	2.56850018695633e-06	c6	CXCR6
8.04365779105405e-11	0.360286371629196	0.351	0.307	2.69768194996371e-06	c6	LMNA
8.07292257624921e-11	0.284099425289464	0.264	0.225	2.70749677362246e-06	c6	TMX4
1.04034443889255e-10	0.244945354825705	0.323	0.28	3.48910717915784e-06	c6	CEMIP2
1.2822677926099e-10	0.251369790858142	0.549	0.516	4.30046972285507e-06	c6	RGCC
1.30559509629998e-10	0.161031568111489	0.676	0.651	4.37870483397086e-06	c6	SRSF5
1.32854643518877e-10	0.238839110640007	0.377	0.338	4.4556790343361e-06	c6	SHISA5
1.34604384069713e-10	0.438241261042529	0.22	0.184	4.51436183293004e-06	c6	SAMD9L
1.42359133368084e-10	0.342966250773517	0.238	0.201	4.77444061489881e-06	c6	ATF7IP
1.48529247049383e-10	0.395052416514079	0.222	0.186	4.98137388754221e-06	c6	XRN1
1.51261355281679e-10	0.378687154414007	0.224	0.188	5.07300333343696e-06	c6	APOL6
1.51559727831388e-10	0.13324765122705	0.56	0.521	5.08301015200909e-06	c6	YPEL5
1.6504904490134e-10	0.557566220139305	0.076	0.053	5.53541486790115e-06	c6	MVB12B
2.01657857782845e-10	0.396018510352533	0.149	0.117	6.76320123432107e-06	c6	PIP4K2A
2.40194459828281e-10	0.532442562158558	0.09	0.065	8.05564179372088e-06	c6	AC022706.1
2.61529527666422e-10	0.455095941905969	0.146	0.115	8.77117729887646e-06	c6	TRG-AS1
2.64235757521182e-10	0.196665255354308	0.521	0.479	8.8619388357454e-06	c6	TMEM50A
2.85242811332225e-10	0.333989205735149	0.089	0.063	9.56647340646015e-06	c6	SMAD7
2.9872534641232e-10	0.645762608572214	0.076	0.054	1.00186506679764e-05	c6	MCTP2
3.07257141180139e-10	0.166189752432564	0.816	0.809	1.03047900008995e-05	c6	ZFP36
3.35222757440985e-10	0.292476234720291	0.257	0.219	1.12427008390558e-05	c6	XBP1
4.20576192649791e-10	0.388744680448585	0.164	0.132	1.41052843490887e-05	c6	PLA2G16
4.89172836796966e-10	0.48371061593665	0.051	0.033	1.64058786004967e-05	c6	LINC00944
5.64356222881526e-10	0.311995544118025	0.246	0.21	1.89273790030006e-05	c6	BIN2
6.5642838352139e-10	0.516101484131378	0.09	0.066	2.20152951265404e-05	c6	DDAH2
7.07139231822992e-10	0.153196273429301	0.633	0.595	2.37160355568795e-05	c6	GUK1
7.17575566954857e-10	0.577221039185252	0.111	0.084	2.4066049364532e-05	c6	KIF21A
7.34335218671405e-10	0.732121506635705	0.072	0.05	2.46281345638016e-05	c6	AL133415.1
7.4944339668755e-10	0.29594250889138	0.248	0.212	2.51348326381071e-05	c6	BTN3A2
8.07694894353026e-10	0.122087615005461	0.687	0.644	2.70884713668118e-05	c6	PSME1
9.05704960526588e-10	0.648964218350749	0.063	0.043	3.03755329661407e-05	c6	PECAM1
1.20264834401705e-09	0.401310881134303	0.134	0.104	4.0334420161644e-05	c6	IFNGR1
1.22687692773372e-09	0.477497985848191	0.12	0.093	4.11469984023334e-05	c6	IGF2R
1.2786969245341e-09	0.434682622698746	0.144	0.115	4.28849374550247e-05	c6	NLRC3
1.35861488165162e-09	1.03200830774987	0.02	0.01	4.5565225900832e-05	c6	GAL3ST2
1.46397096570555e-09	0.198853568118959	0.439	0.398	4.90986582478326e-05	c6	HSPA5
1.47963876565785e-09	0.354187864808955	0.153	0.122	4.96241249226331e-05	c6	PERP
1.49590591654016e-09	0.358053511720665	0.175	0.143	5.0169692628924e-05	c6	RGL4
1.4999832319153e-09	0.271813249654882	0.29	0.253	5.03064376319753e-05	c6	CAST
1.84831686198194e-09	0.266964827644083	0.346	0.308	6.19888509171502e-05	c6	RGS2
1.92500211197148e-09	0.137746839787629	0.547	0.498	6.45607208312994e-05	c6	EMP3
1.95720587815639e-09	0.176001389063111	0.193	0.158	6.56407707416091e-05	c6	ATF3
2.05698697698201e-09	0.220729674014834	0.305	0.265	6.89872292340227e-05	c6	BHLHE40
2.1305208940129e-09	0.197242650587684	0.408	0.371	7.14534097434045e-05	c6	OSTF1
2.15631337483226e-09	0.324449010475648	0.135	0.106	7.23184379651244e-05	c6	TBCD
2.19276125100554e-09	0.311607754854365	0.254	0.219	7.35408268362239e-05	c6	ARAP2
2.22577105773683e-09	0.23857409810618	0.306	0.268	7.46479097343779e-05	c6	GLIPR1
2.70169575306192e-09	0.207019379441236	0.374	0.334	9.06094721661906e-05	c6	CD48
2.78708771497063e-09	0.105588612816826	0.978	0.979	9.3473347784685e-05	c6	MT-CO1
2.80098810612059e-09	0.744179297489661	0.117	0.091	9.39395391030725e-05	c6	RSAD2
3.2250192614139e-09	0.577358604042362	0.063	0.043	0.000108160695989299	c6	GAB3
3.66373082343559e-09	0.385004066348433	0.084	0.061	0.000122874204356383	c6	ADGRG1
4.05725348953134e-09	0.397766871928716	0.21	0.178	0.000136072167531902	c6	ABI3
4.07135558052631e-09	0.165231180956921	0.344	0.305	0.000136545123459691	c6	CNOT6L
4.38334975533435e-09	0.338568877286938	0.453	0.42	0.000147008784094403	c6	ISG15
5.4053790754404e-09	0.266673555869493	0.228	0.193	0.00018128560343212	c6	SKIL
5.46096273142721e-09	0.357898611399817	0.126	0.098	0.000183149768086606	c6	PTPRE
5.46779745700763e-09	0.653332387358502	0.056	0.038	0.000183378991113122	c6	GALNT6
5.61177626878422e-09	0.438084618532954	0.137	0.11	0.000188207752502485	c6	ATP11B
5.96802802655133e-09	0.435943709364479	0.192	0.162	0.000200155723954479	c6	PARP14
6.59974466253676e-09	0.513326691950939	0.145	0.117	0.000221342236492158	c6	DDX60L
6.77724197855204e-09	0.29859674530349	0.198	0.165	0.000227295141476678	c6	CEBPB
6.81658825615949e-09	0.30193266472308	0.228	0.195	0.000228614736935077	c6	BIRC6
7.39206838695378e-09	0.200963727574257	0.424	0.387	0.000247915189561656	c6	PDIA3
8.40305353911674e-09	0.941402310700738	0.019	0.01	0.000281821609594897	c6	IGFBP3
9.85964059710905e-09	0.210937064092368	0.607	0.573	0.000330672626345843	c6	ISG20
9.92200513382376e-09	0.14301034684831	0.649	0.61	0.000332764208178181	c6	PPIB
1.02267269178273e-08	0.237176780792703	0.146	0.116	0.000342983967370091	c6	ERN1
1.06476272831048e-08	0.394387160533041	0.081	0.059	0.000357100123820768	c6	ETV3
1.16748656271243e-08	0.35095339727482	0.259	0.227	0.000391551643402494	c6	LNPEP
1.22118597564896e-08	0.839633463828137	0.035	0.022	0.000409561352513148	c6	LINC02384
1.5033468692115e-08	0.242571479605656	0.371	0.338	0.000504192472996153	c6	CD47
1.60742518345268e-08	0.410250007833415	0.121	0.095	0.000539098258026359	c6	PRKX
1.61685136938856e-08	0.396635989413733	0.103	0.079	0.000542259612265535	c6	SLC16A7
1.81932772313726e-08	0.177341307186627	0.432	0.395	0.000610166131785773	c6	CCDC85B
1.85946824523565e-08	0.44747969222754	0.105	0.08	0.000623628460087132	c6	HSPA6
1.93871131150109e-08	0.464844622971519	0.118	0.093	0.000650204999651235	c6	TRANK1
1.97481890100531e-08	0.127116924410822	0.956	0.963	0.000662314763019161	c6	MT-ATP6
2.01004981861409e-08	0.323212809873513	0.235	0.204	0.000674130508166793	c6	DHX36
2.19300392697869e-08	0.212205207599588	0.311	0.275	0.000735489657030112	c6	RASAL3
2.28411696025771e-08	0.377870960176401	0.182	0.152	0.00076604714613123	c6	MRPL10
2.34318115758759e-08	0.647058139739247	0.044	0.029	0.000785856096631726	c6	TSPAN2
2.38117579898583e-08	0.303578384913606	0.225	0.193	0.000798598739463867	c6	ZBTB1
2.42070812954036e-08	0.150080496120329	0.552	0.522	0.000811857092485247	c6	ELF1
2.46138336335281e-08	0.936777981316328	0.034	0.021	0.000825498752401267	c6	DOCK5
2.63307577810585e-08	0.632954232615893	0.085	0.064	0.000883080954461141	c6	DAPK2
2.64908045539394e-08	0.276709913028103	0.293	0.258	0.00088844860313002	c6	TOB1
2.65375349213991e-08	0.139046063438569	0.893	0.909	0.000890015846193882	c6	MT-CYB
2.80772670774771e-08	0.216461250587771	0.346	0.313	0.000941655383244426	c6	ZAP70
3.06928905739214e-08	0.160656457807863	0.489	0.456	0.00102937816406818	c6	BRD2
3.34214460623374e-08	0.859824764200485	0.02	0.011	0.00112088845803867	c6	TTC16
3.64621423671595e-08	0.377896065087999	0.15	0.122	0.00122286733070979	c6	CMIP
3.88929848994592e-08	0.347143207338802	0.101	0.077	0.00130439292755806	c6	SKI
3.97378400711568e-08	0.162019307121454	0.34	0.304	0.00133272768030646	c6	CCNH
4.3394243614153e-08	1.09233769092197	0.013	0.006	0.00145535614233146	c6	TRBV6-4
4.34799779285421e-08	0.139029705839041	0.475	0.438	0.00145823149976744	c6	CD53
4.49568685548197e-08	0.333033490684147	0.085	0.063	0.00150776345759154	c6	TGFBR3
4.82972060053223e-08	0.455818255475982	0.078	0.058	0.0016197916950065	c6	ZNF276
5.06737575492479e-08	0.241964824156731	0.281	0.249	0.00169949648068668	c6	ANKRD44
5.17254404334392e-08	0.262381423961182	0.384	0.353	0.00173476782125668	c6	CLEC2D
5.22774862227656e-08	0.50014260579573	0.1	0.077	0.00175328233293911	c6	MACO1
5.24420226570687e-08	0.456588593863732	0.1	0.077	0.00175880055587277	c6	PRR5
5.31866566488757e-08	0.371938196799611	0.221	0.193	0.00178377409068999	c6	SYNRG
5.49236085725401e-08	0.148222967857688	0.803	0.781	0.00184202798430585	c6	HSP90AA1
5.54168333405473e-08	0.326738734671828	0.275	0.246	0.00185856975657527	c6	PAG1
5.66016307789709e-08	0.279477858022286	0.186	0.155	0.00189830549306513	c6	MIDN
6.49539281307535e-08	0.457226593810991	0.082	0.061	0.00217842484164921	c6	TNFSF14
6.51474953979018e-08	0.35821266687989	0.112	0.088	0.00218491670065483	c6	MPZL3
6.81049562064539e-08	0.462594044053005	0.088	0.066	0.00228410402125205	c6	C16orf54
7.09310637980569e-08	0.250461746751528	0.333	0.304	0.00237888601765923	c6	NCOR1
7.61570719089173e-08	0.600159650662237	0.075	0.056	0.00255415587768127	c6	SOS1
8.14741739218202e-08	0.180331799330775	0.412	0.379	0.00273248084499001	c6	BZW1
8.16035408683299e-08	0.247691281102399	0.303	0.272	0.00273681955364205	c6	CHCHD10
9.87823702561714e-08	0.240143020256189	0.242	0.21	0.00331296313365148	c6	VPS37B
9.88956006029653e-08	0.420817263503262	0.112	0.088	0.00331676065302225	c6	AC243829.4
1.04549990874747e-07	0.31312967487279	0.14	0.113	0.00350639759395726	c6	ADAM8
1.0686333759849e-07	0.624475244220938	0.02	0.011	0.00358398261637815	c6	RAB27B
1.08479196408157e-07	0.227670835654137	0.365	0.335	0.00363817528913676	c6	ITGB2
1.14122821825041e-07	0.365294924836704	0.12	0.095	0.00382745119836821	c6	LINC00623
1.158177951588e-07	0.484531952903911	0.065	0.047	0.00388429721403585	c6	YBX3
1.20497025393188e-07	0.524182330802003	0.046	0.031	0.00404122923763673	c6	MXRA7
1.21542895107094e-07	0.674713911306027	0.045	0.031	0.00407630561610172	c6	TMEM200A
1.22815671166886e-07	0.289950525179717	0.325	0.295	0.00411899197959501	c6	TRIM22
1.26097444154858e-07	0.420937388156736	0.096	0.074	0.00422905608206563	c6	ITPRIP
1.34120711141122e-07	0.771828657321001	0.019	0.01	0.00449814041025095	c6	CD160
1.41388897402043e-07	0.368068862741829	0.251	0.223	0.00474190084106971	c6	EIF2AK2
1.41551999976056e-07	0.303524017218027	0.239	0.208	0.00474737097519698	c6	GIMAP7
1.48326832915363e-07	0.346017788641146	0.129	0.104	0.00497458532231544	c6	AC004687.1
1.54691245979102e-07	0.15519410122844	0.442	0.407	0.00518803500764713	c6	HLA-F
1.56456629079891e-07	0.167269494023552	0.411	0.376	0.00524724242608137	c6	CAP1
1.59592049899723e-07	0.123775883518011	0.546	0.516	0.0053523981695369	c6	SON
1.69271172199169e-07	0.16852743468659	0.397	0.363	0.00567701657321572	c6	IQGAP1
1.84994617767089e-07	0.206958600117019	0.273	0.24	0.00620434949067263	c6	VAMP2
1.927991379579e-07	0.281243060394421	0.196	0.167	0.00646609748883205	c6	UPP1
2.1900272808955e-07	0.247830269049494	0.207	0.177	0.00734491349466733	c6	TIPARP
2.22022124364701e-07	1.03479739682084	0.018	0.009	0.00744617800694333	c6	KLRC4-KLRK1
2.46126054267105e-07	0.553124201117526	0.108	0.086	0.00825457560801018	c6	DDX58
2.49013001463378e-07	0.278847458335221	0.193	0.164	0.00835139804307876	c6	PDLIM2
2.58837193383877e-07	0.249122488043178	0.398	0.372	0.00868088179170846	c6	SP100
2.82471548026009e-07	0.122644516370333	0.614	0.574	0.0094735307776963	c6	TPM3
3.00618428148157e-07	0.401673456036627	0.122	0.099	0.0100821408432329	c6	PPP3CA
3.03081605841323e-07	0.137318584858574	0.372	0.338	0.0101647508967063	c6	RSRP1
3.2035879583845e-07	0.653446868896101	0.043	0.029	0.0107441932948299	c6	TRBV12-4
3.54016351924393e-07	0.690415668137502	0.018	0.01	0.0118730004108403	c6	RTP5
3.54037259664694e-07	0.410368391890149	0.078	0.058	0.0118737016146345	c6	ADA2
3.87467920937595e-07	0.291778240355109	0.175	0.148	0.0129948991324051	c6	KMT2C
3.96953543265748e-07	0.327824745893579	0.187	0.161	0.0133130279340467	c6	GYG1
4.54841826018415e-07	0.342840100314595	0.093	0.072	0.0152544851610056	c6	STAT6
4.61709955998628e-07	0.270024946607412	0.294	0.269	0.015484828504282	c6	DOCK8
4.89092476923303e-07	0.474071622559225	0.057	0.04	0.0164031834910537	c6	DYRK2
5.1438342966206e-07	0.72550423059867	0.072	0.054	0.0172513914640062	c6	NBL1
5.33918037003435e-07	0.141495404809845	0.451	0.42	0.0179065431250212	c6	ARHGEF1
5.57395759205265e-07	0.385710213746413	0.148	0.123	0.0186939389722262	c6	MYO9B
6.52174556230197e-07	0.10484307084024	0.597	0.565	0.0218726302668483	c6	LEPROTL1
6.71878676357794e-07	0.175960519357328	0.342	0.313	0.0225334670476877	c6	KTN1
7.16068460818083e-07	0.27621287309045	0.163	0.137	0.0240155040389169	c6	USP36
7.31930620100923e-07	0.38488824429066	0.296	0.27	0.0245474891369447	c6	KLRB1
7.33320914994212e-07	0.637507423189807	0.014	0.007	0.0245941168470759	c6	LGR6
7.564788894141e-07	0.681193864511529	0.022	0.013	0.0253707889931701	c6	RCAN2
8.8981514448171e-07	0.821279592173942	0.04	0.027	0.0298426203156276	c6	ETV1
9.05903128206379e-07	0.397620826897086	0.111	0.089	0.0303821791137855	c6	ZFYVE28
9.08116403194379e-07	0.298925495915888	0.052	0.036	0.0304564079303331	c6	C1orf21
9.58691915075661e-07	0.374515642726735	0.143	0.119	0.0321526094478075	c6	USP11
1.00071101158367e-06	1.0002909371934	0.175	0.154	0.0335618459064931	c6	MT1E
1.02152716648594e-06	0.176893054715341	0.455	0.429	0.0342599781096053	c6	PRRC2C
1.03857160797849e-06	0.3128015325107	0.149	0.124	0.0348316145883828	c6	PIK3CD
1.07090607311365e-06	0.80654289485845	0.012	0.006	0.0359160478800858	c6	IFNL1
1.07380949591509e-06	0.713171279573231	0.052	0.037	0.0360134228740001	c6	CD101
1.3170519511e-06	0.151874963423847	0.417	0.388	0.0441712883359918	c6	ACAP1
1.35689115339942e-06	0.371816297268363	0.062	0.045	0.0455074155027098	c6	TRGV9
1.39633050670523e-06	0.320762508282047	0.166	0.141	0.04683013253388	c6	GNPTAB
1.40170693972709e-06	0.929566866980331	0.012	0.006	0.0470104473445672	c6	AC009495.3
1.46964497515445e-06	0.241826047982313	0.225	0.197	0.04928895317673	c6	PDE3B
