p_val	avg_log2FC	pct.1	pct.2	p_val_adj	cluster	gene
0	2.2186283940278	0.706	0.254	0	c3	IL7R
0	1.22321391405637	0.599	0.299	0	c3	LTB
0	0.998209466319307	0.502	0.281	0	c3	SPOCK2
0	3.38443895311158	0.24	0.031	0	c3	LEF1
0	3.11093351151049	0.244	0.035	0	c3	TCF7
0	1.11588370823798	0.635	0.442	0	c3	LEPROTL1
0	2.08011635796991	0.274	0.084	0	c3	CCR7
0	3.26004660843257	0.209	0.025	0	c3	MAL
0	1.71760553575901	0.255	0.084	0	c3	TC2N
0	2.86059171732367	0.172	0.039	0	c3	PASK
0	2.53324155773617	0.167	0.041	0	c3	TSHZ2
0	2.85570771984856	0.143	0.025	0	c3	CD40LG
0	0.879031080456754	0.846	0.74	0	c3	ZFP36L2
0	2.75497286748429	0.133	0.028	0	c3	FAAH2
0	0.828646098189268	0.812	0.717	0	c3	FXYD5
0	1.12566404116399	0.904	0.814	0	c3	SARAF
0	2.89737844497675	0.104	0.022	0	c3	CMTM8
0	1.07193990782545	0.887	0.808	0	c3	JUNB
0	3.41949140126686	0.06	0.006	0	c3	LINC00402
0	0.694882416725777	0.831	0.795	0	c3	EEF1B2
0	0.841440995785345	0.834	0.812	0	c3	PABPC1
0	0.763378471203676	0.932	0.915	0	c3	RPL3
0	0.568654843197179	0.977	0.988	0	c3	RPS28
0	0.529462124254014	0.903	0.914	0	c3	RPS5
0	0.59806783991783	0.958	0.968	0	c3	RPL35A
0	0.494125491406901	0.901	0.911	0	c3	RPL17
0	0.600598920566323	0.966	0.975	0	c3	RPS8
0	0.429395556769499	0.96	0.969	0	c3	RPS7
0	0.677037677335913	0.975	0.983	0	c3	RPL11
0	0.715855922494972	0.904	0.896	0	c3	RPL5
0	0.50147688053796	0.966	0.974	0	c3	RPS23
0	0.529878085977185	0.902	0.894	0	c3	EEF1D
0	0.579592876327458	0.964	0.972	0	c3	RPS13
0	0.413572195584893	0.977	0.985	0	c3	RPS15
0	0.635973960794469	0.911	0.904	0	c3	RPL9
0	0.638207197497114	0.966	0.973	0	c3	RPL37
0	0.615581522868269	0.971	0.978	0	c3	RPS14
0	0.51874994859999	0.957	0.964	0	c3	RPLP2
0	0.617092350718896	0.974	0.981	0	c3	RPL19
0	0.611478515186029	0.954	0.961	0	c3	RPS21
0	0.512089497841901	0.962	0.969	0	c3	RPL18
0	0.548676419049333	0.954	0.96	0	c3	RPL29
0	0.740835079994946	0.983	0.989	0	c3	RPL30
0	0.610957211690659	0.984	0.99	0	c3	RPS15A
0	0.731111586248208	0.982	0.988	0	c3	RPL13
0	0.488408843241539	0.928	0.934	0	c3	RPS16
0	0.397025615118021	0.981	0.987	0	c3	RPS19
0	0.566897003934697	0.934	0.94	0	c3	RPL6
0	0.613703782723167	0.9	0.895	0	c3	RPL22
0	0.683075333856077	0.978	0.983	0	c3	RPS27A
0	0.767595717463279	0.982	0.987	0	c3	RPL32
0	0.758789577407585	0.978	0.983	0	c3	RPL34
0	0.67577563512606	0.961	0.966	0	c3	RPS18
0	0.633836676463255	0.902	0.897	0	c3	RPS29
0	0.502581038346817	0.94	0.935	0	c3	RPLP0
0	0.624105649872407	0.939	0.943	0	c3	RPL14
0	0.555316155639192	0.879	0.875	0	c3	RPL10A
0	0.81160075501877	0.987	0.991	0	c3	RPS12
0	0.388677158036361	0.973	0.977	0	c3	RPL12
0	0.555926870776761	0.976	0.98	0	c3	RPL18A
0	0.429143300572412	0.992	0.996	0	c3	RPL28
0	0.724549933703103	0.952	0.955	0	c3	RPS3A
0	0.594294525993605	0.99	0.993	0	c3	RPL39
0	0.694965264086896	0.973	0.976	0	c3	RPS3
0	0.649017334115849	0.961	0.964	0	c3	RPL36
0	0.691180976410055	0.955	0.953	0	c3	RPS4X
0	0.64659956821834	0.991	0.993	0	c3	RPL10
0	0.695254778135984	0.936	0.934	0	c3	RPS6
0	0.510264882081563	0.975	0.973	0	c3	EIF1
0	0.642294325024067	0.992	0.991	0	c3	RPS27
0	0.765932513748479	0.992	0.991	0	c3	EEF1A1
0	0.531129211721765	0.996	0.997	0	c3	RPLP1
0	0.494903123743794	0.939	0.939	0	c3	RPL24
0	0.659962956287898	0.961	0.961	0	c3	RPS25
0	0.645130887490768	0.978	0.978	0	c3	TPT1
2.10520070178453e-300	0.670625975418861	0.8	0.777	7.06042211364494e-296	c3	RPL4
3.2459522431032e-295	0.368101370098949	0.957	0.968	1.08862746329195e-290	c3	RPL8
2.61324056364799e-294	0.491565345212521	0.802	0.515	8.76428620236262e-290	c3	CD3E
1.3341662135206e-291	0.318611990157318	0.974	0.984	4.4745266469054e-287	c3	FAU
1.16139146096784e-287	1.53793004516438	0.34	0.178	3.89507468179394e-283	c3	SELL
4.5978836074912e-285	1.43213017708543	0.283	0.129	1.5420382042804e-280	c3	CAMK4
1.68305318911656e-284	1.5871618805128	0.216	0.084	5.64462378565914e-280	c3	CD28
2.85557000485431e-282	2.11060434980566	0.166	0.057	9.57701068228038e-278	c3	TNFSF8
3.73483548968899e-277	2.70392167230991	0.07	0.013	1.25258912653189e-272	c3	LINC02273
7.47335931945137e-277	0.349009066137745	0.966	0.974	2.5064152485576e-272	c3	RPL26
6.5695640399097e-270	1.54486917062077	0.195	0.073	2.20330038770491e-265	c3	TRAT1
1.55044123515952e-266	0.710368858068025	0.733	0.685	5.19986981447799e-262	c3	EEF1G
2.404295152313e-262	0.369003233086236	0.948	0.958	8.06352508182733e-258	c3	RPL7A
1.17875346181813e-261	1.66388319748738	0.235	0.103	3.95330336024563e-257	c3	AQP3
5.83645445706427e-258	0.989341339932867	0.569	0.444	1.95743009581022e-253	c3	LDHB
9.75892695465592e-257	0.416729944571805	0.96	0.966	3.2729489220525e-252	c3	RPL41
1.4982973604648e-256	0.507135200164434	0.857	0.856	5.02498968752686e-252	c3	RPL21
2.84370875290742e-253	0.41277017295003	0.915	0.925	9.53723041550089e-249	c3	RPL23A
9.83431237399347e-253	1.17637927126365	0.353	0.189	3.29823168398993e-248	c3	KLRB1
2.52002920326588e-251	0.913662014500499	0.762	0.605	8.4516739419131e-247	c3	DNAJB1
2.11911911770603e-249	1.28831267505547	0.337	0.179	7.10710169696248e-245	c3	ITK
2.62498959660634e-248	2.19164486772372	0.116	0.033	8.80369010909835e-244	c3	FBLN7
1.98829581730294e-244	0.551901371376069	0.817	0.812	6.6683465120706e-240	c3	RPL38
1.21008847462132e-241	3.55036042608251	0.04	0.005	4.05839472618497e-237	c3	ANKRD55
3.45892653306128e-232	3.2070461011138	0.047	0.007	1.16005478065809e-227	c3	TTC39C-AS1
2.97232971912079e-230	1.73506164269222	0.297	0.16	9.96859941198731e-226	c3	CRYBG1
1.78263776061663e-226	1.10648759386207	0.349	0.192	5.97861052155605e-222	c3	CD6
1.31290597819092e-225	0.432166464753044	0.891	0.907	4.4032240696567e-221	c3	NACA
1.04411306462284e-223	2.3334303622139	0.082	0.02	3.50174639613209e-219	c3	ANK3
1.1480780149007e-222	0.436690981613931	0.884	0.894	3.85042404637397e-218	c3	RACK1
8.64205601710936e-222	0.45045439330931	0.874	0.885	2.89837274701814e-217	c3	RPSA
7.85981688290969e-219	0.503057277793645	0.89	0.868	2.63602538619025e-214	c3	RPS2
6.06601852324151e-218	0.44509132745933	0.998	0.986	2.03442129232474e-213	c3	MALAT1
7.66161669151905e-211	1.6661477932483	0.142	0.05	2.56955300600166e-206	c3	S1PR1
2.25136276789531e-210	1.28140756173207	0.304	0.165	7.55062045096731e-206	c3	PIK3IP1
2.31678183710165e-206	4.27723106160336	0.021	0.001	7.7700229252715e-202	c3	GREM2
2.72736720919942e-206	0.411871692898108	0.948	0.923	9.14704414621301e-202	c3	MT-CYB
3.00086387192748e-205	1.21044529557156	0.44	0.31	1.00642972536704e-200	c3	ARID5A
1.8188461613657e-204	1.55857205832928	0.186	0.079	6.10004625598828e-200	c3	INPP4B
3.95751316297871e-204	0.725179234257081	0.838	0.776	1.3272707645998e-199	c3	TSC22D3
3.59679525853081e-197	0.845945717307254	0.58	0.486	1.20629319380606e-192	c3	NOP53
7.63316647531965e-197	1.47794662858364	0.196	0.086	2.5600113724927e-192	c3	LINC00861
3.42169284524118e-194	1.34694580552946	0.25	0.127	1.14756734643699e-189	c3	FLT3LG
5.81606515150109e-193	0.344593840071742	0.921	0.934	1.95059193051044e-188	c3	RPS9
6.67655972462622e-190	1.22520761526415	0.319	0.184	2.23918460044514e-185	c3	PBXIP1
1.79314582440337e-182	1.25999768213165	0.243	0.123	6.01385246588402e-178	c3	CD5
4.47585999987621e-182	0.382302561783996	0.941	0.888	1.50111392675848e-177	c3	BTG1
2.52959474706667e-180	1.85479858240656	0.138	0.053	8.4837548627122e-176	c3	AP3M2
4.48415714723823e-179	0.536470142051323	0.755	0.739	1.50389662404076e-174	c3	EEF2
1.30735720011988e-176	1.12904925594511	0.406	0.274	4.38461457776205e-172	c3	SOCS1
2.80313383529537e-175	0.947286344861029	0.316	0.178	9.4011502568136e-171	c3	ICOS
2.33503329635299e-174	0.69721492045183	0.829	0.763	7.83123466930864e-170	c3	HSPA8
3.81868282694682e-173	4.94739989635883	0.013	0	1.28070984650143e-168	c3	WNT7A
1.13972024396699e-171	1.46752883902849	0.197	0.094	3.82239375421649e-167	c3	TNFRSF25
1.04155485655728e-170	1.27342013486915	0.262	0.143	3.49316667792181e-166	c3	GIMAP7
1.63849101964661e-164	2.11371821984897	0.079	0.023	5.4951711816908e-160	c3	FXYD7
2.05498436997632e-164	1.0087473857246	0.568	0.469	6.89200658002659e-160	c3	DDIT4
2.17918728114027e-164	0.693550047112491	0.854	0.838	7.30855830348825e-160	c3	ZFP36
1.05485551193615e-162	2.70149393026014	0.06	0.014	3.53777441593147e-158	c3	TRABD2A
8.77710533470296e-162	0.925672357852559	0.675	0.558	2.94366558715268e-157	c3	CD69
3.46061020833707e-161	0.509479178080104	0.738	0.733	1.16061945167209e-156	c3	TOMM7
3.4584574111269e-160	1.21934052341756	0.775	0.711	1.15989744654374e-155	c3	FOS
5.79649302487863e-158	0.72132453576447	0.584	0.463	1.94402783068379e-153	c3	FYB1
4.93652906948364e-155	1.58379523871684	0.144	0.061	1.65561311932342e-150	c3	ZNF831
4.34497026244587e-153	1.02389047584552	0.388	0.263	1.4572161266191e-148	c3	PIM2
1.55030965116828e-152	1.31419120361591	0.315	0.202	5.19942850808817e-148	c3	IL6ST
1.9502468079279e-149	1.91468296084812	0.109	0.041	6.54073774442858e-145	c3	LDLRAP1
1.98311460712233e-149	0.746619458192015	0.582	0.458	6.65096976936686e-145	c3	RGCC
2.88611529214829e-149	1.2182256037463	0.228	0.122	9.67945346680693e-145	c3	BCL11B
3.494201037149e-147	0.662279918972513	0.686	0.578	1.17188514383903e-142	c3	CXCR4
3.54100557319142e-147	1.04086618786789	0.281	0.162	1.18758244913694e-142	c3	FCMR
1.02459242942617e-145	0.598863383284619	0.648	0.572	3.4362780898095e-141	c3	C12orf57
1.59522668013609e-143	1.72169586871941	0.164	0.078	5.35007123984042e-139	c3	CCR6
1.28734944430406e-142	0.632105204278411	0.684	0.658	4.31751256630696e-138	c3	RPL36A
6.7399831408784e-141	1.02879387105886	0.316	0.196	2.2604555457878e-136	c3	RORA
2.31045270608319e-140	2.25739802418314	0.069	0.02	7.74879628566181e-136	c3	CCR4
7.87593195520984e-140	1.11256457475684	0.345	0.236	2.64143005913828e-135	c3	MCUB
7.56484952367773e-138	0.264975089731598	0.968	0.951	2.53709923325104e-133	c3	MT-ND4L
5.07514630380714e-137	0.778423151726433	0.555	0.458	1.70210256737084e-132	c3	SLC2A3
4.93225609499763e-135	0.481486233400366	0.73	0.715	1.65418004914031e-130	c3	RPL13A
1.08122911482866e-134	0.455952093558118	0.594	0.426	3.62622620531236e-130	c3	CD2
5.23093564509686e-134	0.323165262694762	0.877	0.899	1.75435119665258e-129	c3	RPL37A
2.87492943164715e-133	1.47578254655059	0.187	0.097	9.64193832785821e-129	c3	DGKA
2.46262375984454e-128	1.67936990408294	0.112	0.045	8.25914756576661e-124	c3	BEX2
1.30532809151356e-122	0.425587655197192	0.772	0.753	4.37780935331817e-118	c3	NPM1
2.32547254966039e-122	0.249001160954506	0.931	0.944	7.79916983705103e-118	c3	RPL15
8.22629615067167e-122	0.624090880034486	0.626	0.595	2.75893520301227e-117	c3	RPS4Y1
7.30592654800831e-121	0.425718940851206	0.745	0.751	2.45026164567103e-116	c3	RPL31
9.04193497861111e-120	1.68975707904311	0.155	0.078	3.03248415312659e-115	c3	THEM4
8.90267350653742e-116	1.01257098037707	0.233	0.135	2.98577864062252e-111	c3	LIME1
3.76774911345995e-114	0.261673005793673	0.905	0.93	1.2636276976722e-109	c3	RPL35
1.06730714123492e-112	2.42220148714733	0.057	0.017	3.57953469027367e-108	c3	PTPN13
6.35190055007366e-112	2.39461151278559	0.034	0.007	2.1303004064837e-107	c3	AC013264.1
6.80329633403895e-111	0.196135334765088	0.773	0.549	2.28168952450998e-106	c3	IL32
1.53648055321228e-110	1.09696421493564	0.223	0.131	5.15304847936334e-106	c3	PDE3B
1.12829010405746e-109	0.266690791132128	0.971	0.964	3.78405935098791e-105	c3	MT-ATP6
1.34057663966599e-106	0.319061614260042	0.837	0.868	4.49602593411181e-102	c3	RPL27
3.79895279562359e-104	0.908666052641039	0.397	0.299	1.27409278859624e-99	c3	KLF2
2.21180753945988e-103	0.915260545516007	0.419	0.335	7.41796012584054e-99	c3	ANKRD12
1.41886123702552e-102	0.605903611619395	0.611	0.557	4.7585768167362e-98	c3	YPEL5
9.46030923244311e-102	0.942103427067224	0.366	0.27	3.17279851037677e-97	c3	PTGER4
1.02797200686636e-100	0.756319355075145	0.496	0.424	3.44761251662838e-96	c3	SNHG8
3.28224992555602e-100	0.660723898150857	0.54	0.48	1.10080098003298e-95	c3	SF1
3.77623239861617e-100	0.600942764065421	0.423	0.31	1.26647282184789e-95	c3	BATF
8.51077561410256e-100	1.68928033162942	0.112	0.051	2.85434392545772e-95	c3	SH3YL1
5.9871197992687e-99	1.56165530699636	0.157	0.085	2.00796023827874e-94	c3	SESN3
3.52724416498138e-98	0.201615250796078	0.817	0.675	1.18296714805145e-93	c3	IFITM1
4.71752402041687e-98	1.05952497046955	0.217	0.13	1.58216320596741e-93	c3	PBX4
2.8260662237691e-96	0.311629986121119	0.822	0.821	9.4780609012768e-92	c3	HNRNPA1
6.80669867959789e-96	0.253503221261576	0.882	0.908	2.28283060316354e-91	c3	UBA52
1.11458489157214e-95	1.17541289086753	0.105	0.047	3.73809480935464e-91	c3	TRBV20-1
1.42859962305407e-94	0.429404381155302	0.804	0.801	4.79123741579875e-90	c3	DDX5
1.43527297261364e-93	0.271396287482502	0.851	0.873	4.81361849555163e-89	c3	PFDN5
3.55409562338377e-93	0.43009683018219	0.72	0.696	1.19197259017045e-88	c3	CIRBP
7.74299463759713e-93	1.7260010802257	0.075	0.029	2.59684554155732e-88	c3	LINC01550
1.85162751938999e-91	0.821802660182967	0.255	0.162	6.20998837453014e-87	c3	ABLIM1
4.38440520934219e-91	3.07690575244799	0.02	0.003	1.47044181910918e-86	c3	SPON1
5.73304553840276e-91	0.903799804281511	0.431	0.364	1.92274881266952e-86	c3	FAM177A1
8.43112953019612e-91	2.05850453472506	0.055	0.018	2.82763222183718e-86	c3	ADTRP
9.96017329163939e-91	1.55121510822909	0.076	0.03	3.34044291855002e-86	c3	LYPD3
1.0180860487471e-90	2.76225368782104	0.028	0.006	3.41445699028803e-86	c3	VIPR1
1.76096502598529e-90	0.653097778860914	0.529	0.493	5.90592450414945e-86	c3	EIF3E
2.94533896445711e-90	1.60433608495494	0.096	0.043	9.87807781899626e-86	c3	KCNA3
9.9392311932704e-90	0.379328014597985	0.743	0.744	3.33341935759903e-85	c3	COMMD6
3.87617988633418e-89	1.24409710047874	0.163	0.091	1.29999321027876e-84	c3	RASA3
2.69958924752533e-88	1.23439434181091	0.221	0.141	9.05388241835045e-84	c3	TMEM173
3.66936967021428e-88	0.392174874068728	0.715	0.721	1.23063319999646e-83	c3	RPL7
8.87077999328088e-87	1.66583559771201	0.125	0.065	2.97508219414654e-82	c3	SERINC5
9.59548993127912e-86	1.34691394671637	0.124	0.063	3.21813541315239e-81	c3	TESPA1
1.80822853744428e-85	4.22446468722767	0.011	0.001	6.06443686888063e-81	c3	FAM153C
9.87545809878748e-83	0.850862520936209	0.344	0.261	3.31203113717135e-78	c3	PDCD4
1.07649966525845e-82	3.50343062570831	0.012	0.001	3.61036457734378e-78	c3	HPCAL4
1.77876349531269e-81	1.19242689528438	0.186	0.113	5.96561701057969e-77	c3	RCAN3
2.26243271964674e-81	1.87346811255291	0.091	0.042	7.58774685515125e-77	c3	TAF4B
3.35126378329592e-81	2.88126252597968	0.018	0.003	1.12394684764179e-76	c3	VSIG1
4.10363529968783e-81	1.13361717703645	0.39	0.32	1.37627720680931e-76	c3	CITED2
5.39615857244764e-81	2.67513078446177	0.021	0.004	1.80976366202749e-76	c3	AC139720.1
6.07746406758936e-81	2.28125255896126	0.032	0.008	2.03825989898812e-76	c3	FBLN5
6.49600995359876e-81	1.75792271794399	0.065	0.025	2.17863181823795e-76	c3	FXYD1
1.73601718100102e-80	0.791770475985652	0.521	0.466	5.82225442164122e-76	c3	BTG2
5.52892315370206e-80	1.89870415506725	0.039	0.011	1.8542902472886e-75	c3	PLEKHB1
1.61103212671133e-79	0.241468776224294	0.956	0.943	5.40307954656446e-75	c3	MT-ND3
1.82140595436443e-79	0.992222562390194	0.296	0.216	6.10863128974741e-75	c3	ARHGAP15
6.19048786453424e-77	0.340064634924278	0.753	0.749	2.07616582000749e-72	c3	HINT1
1.08325522658564e-76	1.4848995678073	0.101	0.049	3.63302137892292e-72	c3	GIMAP5
2.98328131797802e-75	0.768983396930113	0.439	0.375	1.00053288842347e-70	c3	EML4
4.84284268359723e-75	0.344877474300594	0.963	0.969	1.62419257922484e-70	c3	H3F3B
3.24518546520965e-74	1.06507835745606	0.179	0.109	1.08837030132201e-69	c3	GIMAP1
4.12633828736011e-72	0.56426629920092	0.678	0.643	1.38389133481483e-67	c3	SRSF7
8.10009334505123e-71	0.821531726806306	0.332	0.253	2.71660930606328e-66	c3	CNOT6L
1.77791930113905e-70	0.355615973688451	0.709	0.719	5.96278575216013e-66	c3	RPL27A
3.13324448022939e-70	0.637638826108831	0.799	0.799	1.05082753377933e-65	c3	KLF6
1.30161491215681e-68	1.25488887405118	0.065	0.027	4.36535609239152e-64	c3	APBA2
1.88056574875599e-68	0.387253926987484	0.447	0.354	6.30704140817783e-64	c3	GPR183
9.40505809829963e-66	0.801887050067888	0.351	0.281	3.15426838500773e-61	c3	IKZF1
1.21151442689867e-64	0.791322910226918	0.198	0.127	4.06317708493276e-60	c3	RNF125
1.89664409086108e-64	0.929970070825068	0.271	0.199	6.36096495192989e-60	c3	TTC39C
1.31833303754983e-63	0.80085038324888	0.346	0.271	4.4214253413346e-59	c3	TSPYL2
1.58374656651286e-63	1.93438895167198	0.038	0.012	5.31156923477082e-59	c3	FHL1
4.0573168069456e-63	0.47078168735633	0.621	0.594	1.36074291071341e-58	c3	ZFAS1
4.98807030421261e-63	2.71920114527379	0.017	0.003	1.67289901862683e-58	c3	LINC01891
5.79182604221079e-62	0.778403401672737	0.369	0.303	1.94246261803666e-57	c3	ARID5B
7.01962888839495e-61	0.686789157921628	0.373	0.302	2.3542431365899e-56	c3	PPP2R5C
7.9520616354007e-61	1.43976007232774	0.051	0.02	2.66696243128068e-56	c3	CRIP2
2.95677604949611e-60	0.789301796499294	0.327	0.258	9.91643551480007e-56	c3	FOXP1
1.05005744124652e-59	1.10347059257774	0.174	0.112	3.52168264645257e-55	c3	TNIK
2.53654094610921e-59	0.643880203659824	0.364	0.286	8.50705102506108e-55	c3	ETS1
3.26130033861169e-59	3.57703090395287	0.013	0.002	1.09377490756359e-54	c3	EDA
2.63389946337736e-58	1.11553519055133	0.138	0.082	8.83357202027498e-54	c3	AC026979.2
2.75319052796937e-57	1.01144072588662	0.152	0.094	9.23365039270368e-53	c3	FAM102A
5.92179656940085e-57	1.30622556601548	0.099	0.053	1.98605213344566e-52	c3	RIC3
2.92435298702379e-56	2.99017471091442	0.021	0.005	9.80769504788038e-52	c3	IL2
5.09162061304633e-56	0.554217990535437	0.552	0.528	1.70762772120348e-51	c3	EIF4A2
5.32954542554879e-56	0.577012299492588	0.35	0.27	1.78742294482055e-51	c3	LAT
1.35655408271505e-55	0.762895038206093	0.365	0.303	4.54961108260972e-51	c3	ZC3HAV1
2.24300583830834e-55	1.21673427671596	0.174	0.117	7.52259298051851e-51	c3	KDSR
3.10826364414147e-55	0.808043949660927	0.371	0.321	1.04244946097217e-50	c3	NDFIP1
1.30901725661003e-54	1.01764110934929	0.197	0.136	4.39018207521872e-50	c3	RSBN1
1.88968213237334e-54	0.260330323862217	0.775	0.811	6.33761593555371e-50	c3	RPL36AL
4.61561577882047e-54	1.21423849269881	0.161	0.106	1.54798521990081e-49	c3	ICAM2
6.00498311088421e-54	3.03968522786758	0.011	0.002	2.01395123572835e-49	c3	GCNT4
1.33077287872738e-53	1.30905718709638	0.109	0.062	4.46314608067589e-49	c3	ZC3H12D
1.64638257911209e-53	1.01188672036733	0.079	0.039	5.52163789382612e-49	c3	TXK
2.08006364793307e-53	1.17393671562979	0.114	0.066	6.97611746243793e-49	c3	CDC14A
6.59431762730381e-53	2.71238657086521	0.015	0.003	2.21160224584515e-48	c3	AL109741.1
8.5562385436641e-53	1.67612588343405	0.046	0.019	2.86959128277407e-48	c3	TMEM204
1.24216041448796e-52	0.277895424883212	0.792	0.793	4.16595759810973e-48	c3	ARHGDIB
3.78020771535254e-52	1.4494862526345	0.043	0.017	1.26780606357494e-47	c3	TRAV9-2
1.458857579126e-51	3.47199879213197	0.01	0.001	4.89271654887278e-47	c3	AXIN2
1.90449347133644e-51	0.25484776783403	0.777	0.816	6.38729020416816e-47	c3	BTF3
3.11313781890976e-51	0.564045669461314	0.524	0.492	1.04408416170595e-46	c3	CSRNP1
4.3639647669045e-51	0.806303040166948	0.336	0.28	1.46358650352443e-46	c3	SOCS3
4.46459127246869e-51	0.956593040330859	0.471	0.441	1.49733462096055e-46	c3	TUBB4B
1.48496306115774e-49	0.893579204362056	0.152	0.096	4.98026911451082e-45	c3	SCML4
2.33377520008303e-49	1.68436892580648	0.033	0.011	7.82701526603846e-45	c3	CCDC184
6.6739735112421e-49	0.423349659856765	0.595	0.563	2.23831723620037e-44	c3	SOD1
1.01495923730231e-48	0.549093642554283	0.516	0.497	3.40397029006449e-44	c3	GSTK1
1.76503765065709e-48	1.39063289368572	0.044	0.018	5.91958327277374e-44	c3	TRBV2
9.12777016651121e-48	0.604420933038648	0.392	0.339	3.06127155844453e-43	c3	AES
1.42733014321351e-47	0.915627871678496	0.184	0.127	4.78697983430946e-43	c3	RASGRP2
2.53995346186666e-47	1.9368648661133	0.028	0.009	8.51849592040841e-43	c3	TRBV30
1.35134164255841e-46	0.960917284881393	0.269	0.217	4.53212960081241e-42	c3	NOSIP
1.80101500702868e-45	0.506230119487623	0.531	0.52	6.04024413057278e-41	c3	HNRNPA0
3.6218299057122e-45	1.54751216528633	0.034	0.012	1.21468931377776e-40	c3	TRBV3-1
5.6673104814829e-45	1.03247285221958	0.111	0.067	1.90070258927974e-40	c3	AP002387.2
2.28645371754931e-44	0.895421409468232	0.209	0.153	7.66830847791689e-40	c3	SATB1
1.7869709445881e-43	1.651057740063	0.036	0.014	5.99314315395957e-39	c3	LINC00239
4.68094644840272e-43	1.72915476180481	0.033	0.013	1.5698958198653e-38	c3	TRBV18
1.06698769962222e-42	1.32703711816791	0.07	0.036	3.57846334699301e-38	c3	PGAP1
1.56296386388092e-42	1.46619493301356	0.033	0.013	5.24186820668383e-38	c3	NSG1
8.04938365009557e-42	1.69971072839096	0.024	0.008	2.69960228856905e-37	c3	ACSL6
3.42737894160378e-41	0.472472536558739	0.523	0.518	1.14947434943508e-36	c3	RPS10
9.37491487448972e-41	0.629118929155772	0.293	0.23	3.14415895060636e-36	c3	SYNE2
1.12583889311456e-40	1.04043297803868	0.164	0.115	3.7758384797276e-36	c3	EPB41
1.1632282207611e-40	1.52255895015672	0.044	0.02	3.90123480678858e-36	c3	TRBV19
1.44105949590554e-40	2.80234985138796	0.014	0.003	4.833025337368e-36	c3	IL21-AS1
1.8657043859698e-40	0.689145212344552	0.573	0.589	6.25719936966551e-36	c3	CYCS
2.24920534291638e-40	0.615324774091161	0.35	0.295	7.54338487907297e-36	c3	BIRC3
3.14762174499841e-40	0.661132042660963	0.294	0.238	1.05564938083757e-35	c3	MGAT4A
4.80775774426772e-40	2.5888321786156	0.014	0.003	1.61242579227251e-35	c3	AL121748.1
6.74462665683095e-40	1.24621646143152	0.093	0.055	2.26201288816796e-35	c3	CFAP36
1.29026629112662e-39	1.26990275410351	0.06	0.03	4.32729508718047e-35	c3	TRAV8-2
2.21320420427316e-39	0.113140439411453	0.974	0.982	7.42264426029131e-35	c3	RPS24
3.19540943626673e-39	0.765431068404968	0.391	0.345	1.07167641673514e-34	c3	LMNA
3.36447829491351e-39	0.616773495546008	0.351	0.297	1.12837873054809e-34	c3	OCIAD2
4.30662896609012e-39	2.84873412461981	0.012	0.002	1.4443572226473e-34	c3	ABO
5.20334937832714e-39	0.529063837166872	0.454	0.421	1.74509931450336e-34	c3	GYPC
8.24439950282902e-39	1.4317545574691	0.056	0.028	2.7650067052588e-34	c3	RETREG1
8.38462684965774e-39	2.46762934987469	0.019	0.006	2.81203615283821e-34	c3	TCEA3
1.08432746885211e-38	0.532439480806502	0.531	0.522	3.63661746503621e-34	c3	FUS
1.52765429262851e-38	1.60242221076634	0.055	0.028	5.12344696661751e-34	c3	ITGA6
2.79607541751938e-38	1.33949048225537	0.074	0.041	9.37747773527648e-34	c3	KIAA0391
3.73243320270317e-38	2.27578897173185	0.016	0.004	1.25178344752259e-33	c3	MDS2
8.94547918711711e-38	1.28926956619226	0.054	0.027	3.00013480977533e-33	c3	SH2D3A
9.28764901516435e-38	1.01459849180695	0.114	0.073	3.11489172670582e-33	c3	LPAR2
2.14356778187165e-37	0.441113141216677	0.74	0.726	7.18909762684113e-33	c3	TNFAIP3
2.21746255006045e-37	0.374375127352562	0.233	0.344	7.43692590039272e-33	c3	NR4A1
3.02158012962587e-37	0.343115556912262	0.661	0.675	1.01337754387392e-32	c3	SRSF5
3.82763968615413e-37	0.397665331076063	0.491	0.43	1.28371379794237e-32	c3	TRBC2
4.84510081440604e-37	1.61936188021279	0.08	0.047	1.6249499111355e-32	c3	SCML1
1.71203985561891e-36	2.17371707477901	0.021	0.007	5.74183926777471e-32	c3	AL109914.1
1.26464078636992e-35	0.194939070612636	0.892	0.879	4.24135226932744e-31	c3	MT-ATP8
1.36634002644295e-35	0.848007307375474	0.28	0.235	4.58243118068436e-31	c3	FKBP5
1.75976172268721e-35	2.27490296615844	0.014	0.004	5.90188886554835e-31	c3	AP003716.1
2.36471412434714e-35	1.72122919001849	0.036	0.016	7.93077823023544e-31	c3	AC004585.1
2.5311279901635e-35	0.793213387823616	0.073	0.041	8.48889705341035e-31	c3	CHRM3-AS2
4.01497367808259e-35	1.16961054827073	0.09	0.055	1.34654187215534e-30	c3	ITPKB
1.44641255126101e-34	1.1792867599551	0.024	0.009	4.85097841441917e-30	c3	AC005842.1
2.1402553716899e-34	0.669746551896211	0.452	0.425	7.1779884655736e-30	c3	TXNIP
2.35016978819699e-34	2.46394756072337	0.011	0.002	7.88199943565505e-30	c3	AK5
5.60560006071823e-34	1.0117424446096	0.66	0.674	1.88000614836368e-29	c3	JUN
6.97384420778639e-34	1.16504774111413	0.059	0.032	2.3388878704074e-29	c3	TCAF2
1.07067533597958e-33	0.49696095308563	0.262	0.204	3.5908309418083e-29	c3	ZAP70
2.31224560720172e-33	1.68365523269342	0.032	0.013	7.75480931743314e-29	c3	AC133644.2
4.11719974253822e-33	0.266550979932372	0.682	0.71	1.38082644965247e-28	c3	UQCRB
4.76278372364728e-33	1.4028934205043	0.029	0.012	1.59734240523682e-28	c3	TRAV26-1
6.11957659908182e-33	1.17287224444893	0.089	0.055	2.05238359980006e-28	c3	FBXO32
1.30459414183886e-32	1.43364228305098	0.023	0.008	4.37534783289915e-28	c3	TRBV29-1
1.36473106698939e-32	1.52584214786327	0.033	0.014	4.57703505246901e-28	c3	SEC14L2
1.73131507057613e-32	0.599929958481908	0.361	0.327	5.80648448369824e-28	c3	TMEM123
1.80045633875653e-32	0.955443009559471	0.114	0.075	6.03837046892166e-28	c3	SC5D
1.8264548706915e-32	0.393430967247332	0.536	0.541	6.12556434532514e-28	c3	EIF3F
2.12226886198063e-32	1.51402447352072	0.046	0.022	7.11766530931062e-28	c3	DPP4
2.53566243545361e-32	3.10728329227351	0.01	0.002	8.50410467602431e-28	c3	SLC22A17
3.03516579687983e-32	0.684767251207073	0.308	0.268	1.01793390495756e-27	c3	SBDS
3.5670148186085e-32	1.26947525003125	0.05	0.025	1.19630542986492e-27	c3	STMN3
4.65885485126349e-32	0.206755858030326	0.76	0.796	1.56248674001675e-27	c3	COX7C
1.00615657736148e-31	0.296479534729994	0.417	0.346	3.37444792915494e-27	c3	LCK
1.32987599300005e-31	0.426616706589491	0.476	0.446	4.46013810532357e-27	c3	RNASET2
2.00605280775168e-31	1.27832502568297	0.043	0.021	6.72789990663759e-27	c3	CYB561D2.1
2.33977917227409e-31	1.44513332743702	0.039	0.018	7.84715138797285e-27	c3	PATJ
4.39808240430657e-31	0.954624219313996	0.13	0.09	1.47502887675634e-26	c3	HIVEP2
1.01393586809311e-30	1.08567762667596	0.091	0.058	3.40053811441069e-26	c3	LINS1
3.35387927435099e-30	1.29147857062878	0.045	0.023	1.12482403103184e-25	c3	DOCK9
4.26618990342657e-30	1.09328310408333	0.064	0.037	1.4307947698112e-25	c3	APBB1
4.99625291967502e-30	0.609870437633917	0.401	0.378	1.67564330420061e-25	c3	PPP1R2
1.44419748715964e-29	0.417727349430587	0.526	0.509	4.84354953243601e-25	c3	CREM
3.26529689060624e-29	1.73268473699177	0.021	0.008	1.09511527117152e-24	c3	RASGRF2
8.62923994362988e-29	0.694949673414924	0.219	0.174	2.89407449229459e-24	c3	PHF1
1.08923555628951e-28	0.778794612449698	0.203	0.16	3.65307820868377e-24	c3	ADD3
1.2651654400666e-28	0.963702648120812	0.057	0.032	4.24311185289536e-24	c3	TRBV5-1
1.38584836833339e-28	0.467130751210699	0.49	0.475	4.64785825771653e-24	c3	EPC1
1.81225425103672e-28	0.825420878529872	0.15	0.109	6.07793830712697e-24	c3	P2RY10
2.48680016475553e-28	0.542295918812442	0.414	0.4	8.34023039255709e-24	c3	EIF4B
4.59872663119223e-28	1.99856919120617	0.016	0.005	1.54232093756925e-23	c3	NR3C2
6.68827992308892e-28	0.358382168726866	0.323	0.43	2.24311532060556e-23	c3	HSPA1A
8.08673154685693e-28	0.948901080389802	0.131	0.093	2.71212802618488e-23	c3	DUSP16
1.44180526285453e-27	0.655696259662151	0.556	0.574	4.83552649056152e-23	c3	DNAJA1
1.52144741996504e-27	1.18387489736499	0.031	0.014	5.10263035707875e-23	c3	TRBV6-1
4.58101601655309e-27	0.665133813293043	0.299	0.262	1.53638115163157e-22	c3	MBP
5.71311968342005e-27	1.21191251336136	0.046	0.024	1.91606607942541e-22	c3	AC006369.1
7.65182883629861e-27	1.40054671177569	0.021	0.008	2.56627035511783e-22	c3	TRBV12-3
1.30880714270863e-26	1.21690533772504	0.076	0.047	4.38947739521619e-22	c3	NDUFV2-AS1
1.82917617494159e-26	1.09491495445319	0.089	0.058	6.13469105551909e-22	c3	NCK2
1.99580534984783e-26	1.59486974853233	0.022	0.009	6.69353198231965e-22	c3	TRBV10-3
2.14897683302513e-26	1.30163519356835	0.036	0.017	7.20723850259968e-22	c3	ATXN7.1
2.1575041195094e-26	0.42885007384976	0.353	0.308	7.23583731601062e-22	c3	SEPT1
2.98974084630736e-26	0.941672073363774	0.129	0.092	1.00269928503456e-21	c3	IPCEF1
3.50635382658727e-26	0.758742953821055	0.169	0.129	1.17596094636084e-21	c3	KLF3
4.35182727997378e-26	0.898419389200051	0.081	0.052	1.45951583315761e-21	c3	ARMH1
5.03251892877968e-26	0.245031564561254	0.163	0.24	1.68780619833413e-21	c3	MRPL18
7.7831803425141e-26	0.939491960914993	0.051	0.028	2.61032302327238e-21	c3	TRAV13-1
1.25641835150363e-25	0.76038075180017	0.249	0.21	4.21377586727289e-21	c3	GPRIN3
3.38184788624661e-25	1.50083853083776	0.021	0.008	1.13420414408939e-20	c3	TRBV5-4
3.98655427500373e-25	1.2942252260502	0.049	0.027	1.33701057275075e-20	c3	ATP8B2
4.14509546783726e-25	1.47078154032055	0.031	0.015	1.39018211800326e-20	c3	TRAV8-3
8.08695766538828e-25	1.69333581448671	0.016	0.006	2.71220386181792e-20	c3	GPRASP1
8.23902418937836e-25	0.386252888603035	0.443	0.408	2.76320393263371e-20	c3	STK17A
9.71504175460222e-25	0.153098289905222	0.744	0.726	3.25823070365849e-20	c3	PNRC1
1.19372773487339e-24	0.728415451902241	0.18	0.141	4.00352407721837e-20	c3	SELENOM
1.36560845253455e-24	0.408212429706994	0.353	0.306	4.57997762811039e-20	c3	FYN
2.22442830614847e-24	0.856379026945749	0.036	0.018	7.46028765316073e-20	c3	PCSK1N
2.31450040689973e-24	0.742342909034192	0.227	0.189	7.76237146466032e-20	c3	AAK1
2.42908719303984e-24	0.681986568295452	0.473	0.455	8.14667262801701e-20	c3	ANXA1
3.37592917945024e-24	0.861005099835017	0.172	0.135	1.13221912820402e-19	c3	ODF2L
4.07404321228379e-24	1.58095371373819	0.03	0.014	1.36635261253574e-19	c3	ST8SIA1
7.72317092305973e-24	1.25999125131662	0.101	0.071	2.59019706417577e-19	c3	SESN1
7.85980525512108e-24	0.109727123302836	0.114	0.172	2.63602148646251e-19	c3	CLINT1
8.65676699934247e-24	0.414080714218494	0.299	0.249	2.90330651623948e-19	c3	ITM2A
1.377166644321e-23	0.474987078559148	0.469	0.461	4.61874149172377e-19	c3	IDS
1.54267654461402e-23	2.33743392798307	0.013	0.004	5.17382859532651e-19	c3	TRBV25-1
2.17962359527619e-23	0.644172571090413	0.296	0.264	7.3100216138373e-19	c3	BCAS2
2.24893359182348e-23	0.123957861820515	0.098	0.151	7.5424734802576e-19	c3	MICAL1
2.41402336663175e-23	1.74353192378774	0.017	0.006	8.09615156700957e-19	c3	OBSCN
5.49585415684086e-23	1.28149773487809	0.063	0.039	1.84319956712129e-18	c3	LSR
9.13773861369611e-23	1.82586431674473	0.018	0.007	3.0646147762614e-18	c3	CDHR3
9.74887782505592e-23	0.35448864984238	0.519	0.508	3.26957864496725e-18	c3	CYTIP
1.07727013765472e-22	0.14237995094384	0.156	0.22	3.61294858766639e-18	c3	ZFAND2A
1.11373395120485e-22	1.37031321748088	0.046	0.026	3.73524092555083e-18	c3	SYNGAP1
1.39364302808059e-22	0.129970996656577	0.197	0.272	4.67399998757668e-18	c3	PRDM1
1.98731839220037e-22	1.2858204460877	0.054	0.032	6.66506842376159e-18	c3	AC012645.3
2.31224213673045e-22	0.484140704582405	0.456	0.445	7.75479767816657e-18	c3	STK4
5.65548543417352e-22	0.843867569983448	0.107	0.076	1.89673670491311e-17	c3	KLF12
6.05297029361484e-22	0.891284305109715	0.239	0.21	2.03004517707255e-17	c3	UGP2
6.19694003962603e-22	0.145794241273221	0.822	0.851	2.07832975048978e-17	c3	HLA-E
7.07148820868692e-22	1.11661045540107	0.058	0.035	2.37163571542942e-17	c3	PDCD4-AS1
2.61300017438571e-21	0.646162639991491	0.222	0.185	8.7634799848548e-17	c3	RBL2
2.65638670724639e-21	0.127317774212433	0.183	0.254	8.90898973876295e-17	c3	BTG3
3.09675208001361e-21	0.179815952229741	0.057	0.095	1.03858871259496e-16	c3	Z93241.1
3.14346197453797e-21	0.714279387009014	0.168	0.132	1.05425427702055e-16	c3	OXNAD1
4.28178477712252e-21	0.684660522021506	0.376	0.363	1.43602497855135e-16	c3	NR3C1
5.01634173661514e-21	0.115516960926353	0.075	0.119	1.68238069162599e-16	c3	MED29
5.07833857405311e-21	0.615217815895864	0.156	0.119	1.70317319096593e-16	c3	P2RY8
5.18135402972095e-21	0.935078035472163	0.065	0.041	1.73772251448781e-16	c3	BICDL1
8.16082316460139e-21	0.533485289557582	0.37	0.344	2.73697687294401e-16	c3	AC016831.7
8.2819219335519e-21	1.31343774723702	0.029	0.014	2.77759097807464e-16	c3	RNF144A
1.33448226209842e-20	0.118201784461169	0.09	0.137	4.47558661062567e-16	c3	GIT2
1.36950944311741e-20	0.113429530952257	0.101	0.151	4.59306077032716e-16	c3	PIH1D1
1.95633747741799e-20	0.106829210858887	0.199	0.273	6.56116463176446e-16	c3	EIF4A1
2.37772942090311e-20	0.642968110077377	0.241	0.207	7.97442893182485e-16	c3	RNF138
2.39936770095811e-20	0.492427612134819	0.39	0.373	8.04699939547331e-16	c3	STAT3
6.10147612107124e-20	0.721148643667688	0.238	0.206	2.04631306148487e-15	c3	WDR74
1.07896336546751e-19	0.600230920501569	0.281	0.25	3.61862733510495e-15	c3	PER1
2.23644657149688e-19	0.444892560691897	0.405	0.397	7.50059451148624e-15	c3	EIF3L
6.06750094369492e-19	1.08411679953529	0.048	0.029	2.0349184664964e-14	c3	AC008555.5
7.18439872052638e-19	0.840776395648666	0.034	0.018	2.40950364289014e-14	c3	TRAV29DV5
1.00112231925887e-18	0.156544531925804	0.762	0.803	3.3575640343304e-14	c3	RPS11
1.10221962033475e-18	0.144533460867414	0.101	0.148	3.69662416267869e-14	c3	ARID1B
1.43396287640188e-18	0.842506923999432	0.186	0.155	4.80922469487663e-14	c3	MAF
1.47335417430564e-18	0.779573827182353	0.094	0.067	4.94133522978626e-14	c3	PRKCQ
2.24486419645207e-18	0.125733501796598	0.088	0.132	7.52882554206095e-14	c3	PTOV1
2.53946347989638e-18	0.582240032945157	0.793	0.798	8.51685261887649e-14	c3	DUSP1
2.61311519921804e-18	1.20569161996932	0.033	0.018	8.76386575513747e-14	c3	EPHX2
2.63803513012171e-18	1.49107682676532	0.029	0.015	8.84744221940218e-14	c3	PLCL1
3.53722646220311e-18	0.128956792170978	0.214	0.288	1.18631501089368e-13	c3	IL10RA
4.31201986944254e-18	0.799124178661795	0.236	0.209	1.44616522381364e-13	c3	PLK3
4.63227130614134e-18	0.111751757283666	0.111	0.159	1.55357115065368e-13	c3	STT3B
5.0988595951798e-18	0.35339049153055	0.525	0.525	1.7100555310314e-13	c3	EZR
5.57175157242246e-18	0.152615823612278	0.04	0.07	1.86865404235904e-13	c3	SGK3
7.42553129034774e-18	0.633715601818076	0.299	0.273	2.49037468415683e-13	c3	RNF19A
8.91239018875685e-18	0.809543431231233	0.153	0.123	2.98903742150527e-13	c3	NMRK1
1.67889595529613e-17	0.109889896887358	0.088	0.13	5.63068125487216e-13	c3	DPYD
2.04580434919486e-17	1.81684472464163	0.012	0.004	6.86121862632973e-13	c3	PCAT1
2.16408963108901e-17	0.961601616486474	0.048	0.03	7.25792380474632e-13	c3	ANO9
3.56137735579366e-17	0.428723218364465	0.391	0.375	1.19441473758608e-12	c3	CCND3
4.00057074318028e-17	0.11828081157095	0.187	0.25	1.3417114158478e-12	c3	MAT2A
4.09764073412525e-17	0.629139396432217	0.279	0.256	1.37426674941093e-12	c3	CYTH1
4.16139036507565e-17	0.337403010540059	0.106	0.077	1.39564710063907e-12	c3	BACH2
5.13524771434907e-17	0.127798361269479	0.077	0.116	1.72225937843839e-12	c3	IL17RA
5.57259616549978e-17	1.23102614564469	0.024	0.012	1.86893730198532e-12	c3	TRBV7-2
6.78173427263213e-17	0.1040772574796	0.109	0.156	2.27445804035536e-12	c3	UBQLN1
6.90961792400136e-17	0.998007549460564	0.07	0.047	2.31734765935157e-12	c3	MLF1
6.97204386773695e-17	1.6340374961047	0.015	0.006	2.33828407236162e-12	c3	MORN3
7.27525973829233e-17	0.127368621678289	0.062	0.096	2.43997661102848e-12	c3	EBAG9
8.89905124972999e-17	1.21590422122879	0.05	0.032	2.98456380813444e-12	c3	PHLDB3
9.96382795292516e-17	0.125567341800013	0.062	0.096	3.34166861885204e-12	c3	FRMD4B
1.03882456409561e-16	1.04709401883785	0.025	0.013	3.48400982306385e-12	c3	AC136475.1
1.66500678768316e-16	0.718559483438168	0.122	0.093	5.58409976453179e-12	c3	ANXA2R
1.6923229254223e-16	1.32234137136062	0.024	0.012	5.67571262728132e-12	c3	AC022916.1
1.76273706840249e-16	0.246638571486258	0.083	0.123	5.91186758000827e-12	c3	DNAJB4
1.7706713499141e-16	0.112298975461254	0.069	0.105	5.9384775733419e-12	c3	GOPC
2.22231009728225e-16	0.640732468714374	0.25	0.223	7.45318360426522e-12	c3	CDKN1B
3.28413977123495e-16	0.13296452272813	0.066	0.101	1.10143479647678e-11	c3	EHD4
3.66533919404641e-16	0.108926707203123	0.071	0.107	1.22928145889928e-11	c3	MALSU1
3.68283992163512e-16	1.09192537565766	0.06	0.04	1.23515085291799e-11	c3	FASN
3.75496693975798e-16	0.483952108679015	0.34	0.317	1.25934081225603e-11	c3	ACAP1
5.51392744090679e-16	0.114178850039492	0.041	0.068	1.84926098513132e-11	c3	DNAJA4
7.06934477924119e-16	0.136063675024038	0.073	0.109	2.37091685206191e-11	c3	RBM26
7.77951169401288e-16	0.779344024972807	0.244	0.218	2.60909263193804e-11	c3	TOB1
8.35084071788268e-16	0.138700990272818	0.038	0.064	2.80070495996349e-11	c3	IKZF2
9.15939616217004e-16	0.109135086103009	0.121	0.168	3.07187828486859e-11	c3	ZNF800
9.76072083666973e-16	2.33113508066659	0.01	0.003	3.2735505542023e-11	c3	LTK
1.00587601311341e-15	0.100363855149205	0.128	0.177	3.37350697277977e-11	c3	SRSF6
1.02465929621362e-15	1.06115750433899	0.07	0.048	3.43650234764125e-11	c3	PKIA
1.05288010442567e-15	0.909785162370546	0.031	0.017	3.53114929422282e-11	c3	TRAV8-4
1.06143597080138e-15	1.43158486764109	0.024	0.012	3.55984395887368e-11	c3	RHPN1
1.11589362698544e-15	0.17081302691434	0.246	0.325	3.74248404618378e-11	c3	GLIPR1
1.2464127589511e-15	0.137194721799568	0.077	0.114	4.18021911097019e-11	c3	MDFIC
1.25462069859041e-15	0.233450863109084	0.697	0.704	4.2077468989325e-11	c3	PTPRC
1.6011076262099e-15	0.120615905076628	0.104	0.147	5.36979475678276e-11	c3	LMF2
1.6940598485995e-15	0.115461869645432	0.081	0.118	5.68153792023301e-11	c3	CDIPT
2.60051942460824e-15	0.126102020015648	0.032	0.056	8.72162204625111e-11	c3	C5orf51
3.23876109980456e-15	1.10432547509862	0.066	0.045	1.08621569765245e-10	c3	ZNF101
3.70173249191812e-15	0.529548756922631	0.268	0.239	1.2414870431395e-10	c3	TENT5C
3.70337459696288e-15	1.88259948809836	0.01	0.004	1.24203777232941e-10	c3	MEOX1
4.16504725897576e-15	0.154683966956604	0.112	0.157	1.39687354971529e-10	c3	ARRDC1
4.71682363767912e-15	0.141218865950932	0.13	0.179	1.58192831160482e-10	c3	INO80E
5.02344285371952e-15	1.19101319283008	0.039	0.023	1.68476226428045e-10	c3	LRIG1
5.87359285972521e-15	0.127255324539806	0.081	0.118	1.96988557329464e-10	c3	SMAD2
6.06977609242977e-15	0.115954333594219	0.099	0.14	2.0356815058791e-10	c3	CHMP3
6.1036336607045e-15	0.100376404759136	0.085	0.122	2.04703665712708e-10	c3	GLOD4
6.5436297155952e-15	0.947214472250894	0.095	0.071	2.19460253401632e-10	c3	MYC
7.28781341940897e-15	1.78821436763591	0.012	0.005	2.44418686460138e-10	c3	LINC02325
7.96828208284299e-15	1.42918134353716	0.044	0.028	2.67240244494388e-10	c3	HSBP1L1
8.19607073813038e-15	0.363102555755952	0.461	0.475	2.74879820415417e-10	c3	EIF3H
8.41820018163917e-15	0.132808555159659	0.142	0.193	2.82329597691815e-10	c3	DARS
9.76060579724296e-15	0.107135346963807	0.209	0.275	3.27351197227934e-10	c3	OSBPL8
1.01369409098956e-14	1.47258224681728	0.019	0.009	3.39972724236079e-10	c3	TRBV21-1
1.03409419842487e-14	0.106094956393139	0.051	0.08	3.46814512267732e-10	c3	HMCES
1.0856950218342e-14	0.53344218019106	0.39	0.393	3.64120396422752e-10	c3	NDUFV2
1.24884734422907e-14	0.51331792022806	0.289	0.267	4.18838422307545e-10	c3	TMEM243
1.32415157690451e-14	0.114437890586383	0.173	0.231	4.44093955862235e-10	c3	OXA1L
1.3704297411278e-14	1.53869243379777	0.019	0.009	4.5961472657944e-10	c3	LOXL1-AS1
1.50532902640707e-14	0.822118259433982	0.269	0.251	5.04857248876402e-10	c3	SNHG12
1.51614307757168e-14	0.101685288277463	0.08	0.116	5.08484065355991e-10	c3	JPX
1.69204032140585e-14	0.114352261805571	0.063	0.095	5.67476482993093e-10	c3	ARRDC3
1.84543871163568e-14	0.551098216254795	0.236	0.209	6.18923235108373e-10	c3	SNRPN
1.85215730129879e-14	0.447066921922207	0.403	0.392	6.21176515709587e-10	c3	SMCHD1
2.01639910196413e-14	0.645214670102095	0.376	0.372	6.76259930816732e-10	c3	TAGAP
2.20889777295028e-14	0.210625278072178	0.138	0.188	7.40820135092065e-10	c3	ZBTB38
2.27634298993228e-14	0.108261973617988	0.052	0.081	7.63439911963489e-10	c3	DDX42
2.40890928287236e-14	0.155966789724167	0.107	0.149	8.07899995289732e-10	c3	PCF11
2.86861652776879e-14	0.118797813976085	0.074	0.108	9.62076611083095e-10	c3	ANKRD17
3.39477087493556e-14	0.582907918415079	0.256	0.233	1.13853825603589e-09	c3	PIM1
3.49107799079274e-14	1.03151762632031	0.076	0.055	1.17083773655207e-09	c3	AC093010.2
4.25045668693353e-14	0.265250669430507	0.06	0.091	1.42551816366377e-09	c3	OXLD1
4.81646191957707e-14	0.178419959934262	0.091	0.129	1.61534499858776e-09	c3	NEK7
4.95374516492105e-14	0.195840606934725	0.124	0.167	1.66138705341122e-09	c3	ANKRD37
5.06994798337729e-14	0.109029632062479	0.077	0.111	1.70035915466507e-09	c3	NFATC2IP
5.07789298217103e-14	0.211058660229247	0.678	0.714	1.70302374836052e-09	c3	HNRNPDL
5.18593810940427e-14	0.21058006750657	0.249	0.323	1.739259923132e-09	c3	DDX17
5.389759215419e-14	0.519160971130589	0.08	0.057	1.80761744566723e-09	c3	NELL2
5.40719104168299e-14	0.192392126582942	0.074	0.107	1.81346373155964e-09	c3	BROX
6.31872825434628e-14	0.42943095328131	0.384	0.371	2.11917508194265e-09	c3	ARHGEF1
6.84285388387027e-14	0.135723384341148	0.096	0.134	2.29495633557241e-09	c3	ZNF638
8.08477480170001e-14	0.623503714644194	0.32	0.308	2.71147177299415e-09	c3	CCNH
8.15813177071002e-14	1.17133249470171	0.036	0.022	2.73607423326073e-09	c3	AL365361.1
9.04589263857888e-14	0.150849991228166	0.263	0.338	3.03381147312658e-09	c3	SLC38A2
9.31008195215223e-14	0.11389420377414	0.076	0.11	3.12241528511281e-09	c3	CLASRP
9.62206776097649e-14	0.103833142393939	0.097	0.135	3.22704908567629e-09	c3	ATXN1
9.7150895834028e-14	0.116028378134969	0.07	0.103	3.25824674448163e-09	c3	MAP3K1
1.03332539176906e-13	0.916323943429955	0.025	0.013	3.46556669891507e-09	c3	TRAV12-1
1.04735750258869e-13	0.187328588018737	0.141	0.19	3.51262759218194e-09	c3	NORAD
1.07895554808577e-13	0.724426763943524	0.233	0.212	3.61860111717006e-09	c3	DNAJB9
1.16700322864821e-13	0.198529977825862	0.2	0.262	3.91389542824038e-09	c3	GLUD1
1.19571760599376e-13	1.22189933648588	0.027	0.015	4.01019770698186e-09	c3	AP000787.1
1.59988667070602e-13	0.169613842256552	0.066	0.098	5.36569991621384e-09	c3	CREBL2
1.65216826540639e-13	0.557260076604746	0.217	0.189	5.54104192851996e-09	c3	GIMAP4
1.66450289367934e-13	0.13941093645555	0.163	0.216	5.58240980482179e-09	c3	AKAP9
1.73785982780486e-13	0.357882897790536	0.512	0.53	5.82843429049194e-09	c3	CCNL1
1.85052592771309e-13	0.747450313722643	0.146	0.121	6.20629385636416e-09	c3	ARRDC2
1.87119901514858e-13	0.128058749250164	0.032	0.054	6.27562725700531e-09	c3	HYI
1.89922527229764e-13	0.16104415507736	0.055	0.083	6.36962171823183e-09	c3	FAM3A
2.39777150523919e-13	0.154100052530027	0.079	0.113	8.04164607427118e-09	c3	REV3L
2.47737121821514e-13	0.112729001578336	0.048	0.074	8.30860759164992e-09	c3	RETREG2
2.95626203153147e-13	0.105641287219377	0.076	0.109	9.91471160135024e-09	c3	SDHAF3
3.17550722827473e-13	0.173807380612295	0.48	0.454	1.06500161421878e-08	c3	EVL
3.25945443801041e-13	0.95804009399037	0.024	0.013	1.09315582941993e-08	c3	TRBV11-2
3.80184639908679e-13	0.825512246909898	0.109	0.086	1.27506324532573e-08	c3	MAML2
4.24775670004867e-13	0.205873032669233	0.044	0.069	1.42461264206232e-08	c3	ECPAS
4.32096109988852e-13	0.104616234492211	0.087	0.121	1.44916393368061e-08	c3	MON2
4.35927912362597e-13	0.60387533627282	0.326	0.312	1.46201503248168e-08	c3	ODC1
4.63378434772926e-13	0.191870127887573	0.089	0.125	1.55407859454144e-08	c3	ADSL
5.56099011469872e-13	1.60395635723939	0.065	0.046	1.86504486466766e-08	c3	CH25H
5.84497145660366e-13	0.803887778285196	0.031	0.018	1.96028652711573e-08	c3	TRAV3
5.8560563784463e-13	0.122095772935028	0.134	0.178	1.96400418820332e-08	c3	BUD23
5.86200275232071e-13	0.114619269508536	0.118	0.159	1.96599848307332e-08	c3	DHX9
5.92020595006102e-13	0.101958165141813	0.116	0.157	1.98551867153146e-08	c3	C1orf52
6.32066450710849e-13	0.125921815041884	0.059	0.088	2.11982446239405e-08	c3	ZGPAT
6.48816658484367e-13	0.105022919373124	0.119	0.159	2.17600130922487e-08	c3	RABIF
6.52209865721439e-13	0.140976595122793	0.07	0.1	2.18738144765656e-08	c3	HERC4
6.66845330033549e-13	0.127264781281255	0.073	0.105	2.23646586786652e-08	c3	TMUB2
6.73461242336914e-13	0.14166032839515	0.122	0.164	2.25865431454954e-08	c3	MED28
7.49686409410197e-13	0.110764373065861	0.058	0.086	2.51429827987992e-08	c3	SMARCD1
7.77251073023798e-13	1.29490714262218	0.02	0.01	2.60674464870721e-08	c3	AC124312.1
7.94451262779048e-13	1.54544463128279	0.013	0.006	2.66443064510837e-08	c3	WDR86
8.68561802476819e-13	0.148851233425893	0.126	0.169	2.91298257314675e-08	c3	DNAJB14
8.95791979887452e-13	1.62661047787452	0.015	0.007	3.00430714214654e-08	c3	HOOK1
1.00260849088952e-12	0.151275264262841	0.095	0.131	3.36254835674526e-08	c3	NCK1
1.01561699281207e-12	1.58498404147895	0.012	0.005	3.40617627049314e-08	c3	TNK1
1.05084950841747e-12	0.157903883715795	0.095	0.132	3.52433908133052e-08	c3	UBR5
1.11118706924722e-12	0.114981532210612	0.041	0.065	3.72669919284134e-08	c3	SLC35B3
1.39875943306242e-12	0.103797874915359	0.054	0.081	4.69115938660475e-08	c3	ATAD2B
1.42277052295708e-12	0.681142710886993	0.151	0.125	4.77168777989347e-08	c3	AL138963.3
1.50848326899229e-12	0.576073000510631	0.301	0.288	5.05915118754633e-08	c3	TNFAIP8
1.53027158000563e-12	1.53314221247183	0.013	0.006	5.13222482502289e-08	c3	ZNF483
1.55635152861422e-12	0.12597361219021	0.113	0.152	5.21969175666637e-08	c3	MED15
1.63830831174981e-12	0.92025893790584	0.049	0.032	5.49455841594652e-08	c3	AC119396.1
1.69894912175534e-12	0.823811721023511	0.072	0.053	5.69793556454307e-08	c3	SHISAL2A
1.70727202452269e-12	0.973684636387537	0.022	0.012	5.72584891584421e-08	c3	PLXDC1
1.76138336825223e-12	0.147193406127183	0.189	0.246	5.90732754044432e-08	c3	TIAL1
1.92598165607987e-12	0.6346043461892	0.164	0.139	6.45935727816066e-08	c3	SVIP
1.93360494154932e-12	0.453464570706136	0.338	0.324	6.48492425296811e-08	c3	CDC42SE2
2.11649069449065e-12	0.144685792486526	0.032	0.053	7.09828649118275e-08	c3	FBH1
2.1222850262899e-12	0.202631410046986	0.05	0.076	7.11771952117106e-08	c3	DMAP1
2.16582391526785e-12	0.23201341996152	0.032	0.053	7.2637402470253e-08	c3	CEP164
2.20131715215662e-12	0.719081292498103	0.157	0.133	7.38277746490288e-08	c3	SFXN1
2.26906880130377e-12	0.845059959335827	0.032	0.019	7.61000294581257e-08	c3	TRBV6-5
2.3688981730865e-12	0.626375042970853	0.161	0.136	7.94481069289751e-08	c3	SORL1
2.45257525646345e-12	0.225520010312745	0.609	0.648	8.22544689512711e-08	c3	EIF3K
2.47835296861263e-12	0.122873023602426	0.042	0.066	8.31190018613303e-08	c3	DCAF10
2.5181389155253e-12	0.158831298250234	0.057	0.085	8.44533429488873e-08	c3	RAB28
2.58054092608528e-12	0.128013445738264	0.187	0.242	8.65461815790481e-08	c3	YTHDC1
2.83319395064302e-12	0.101439659945812	0.091	0.125	9.50196587166655e-08	c3	CNOT8
2.91788891846116e-12	0.103781643895278	0.032	0.053	9.78601585473505e-08	c3	ZDHHC17
2.96614727599435e-12	0.104368161082105	0.117	0.156	9.94786473422984e-08	c3	POLE3
3.07098577027297e-12	0.148118140700031	0.166	0.217	1.02994720763415e-07	c3	RSF1
3.30227527563027e-12	1.18631173834609	0.02	0.011	1.10751708194088e-07	c3	GPR15
3.34290978519212e-12	0.169159699401722	0.048	0.073	1.12114508375773e-07	c3	METAP1
3.42126158492066e-12	0.157424426437614	0.067	0.097	1.14742271035069e-07	c3	TRIM8
3.45486204260128e-12	1.27793126104454	0.015	0.007	1.15869163184762e-07	c3	AC111182.1
3.46196280334818e-12	0.866284217633604	0.089	0.068	1.16107308498691e-07	c3	HELB
3.62013823587031e-12	1.27269043142924	0.019	0.01	1.21412196154618e-07	c3	TRBV6-6
4.23448092292452e-12	0.253043833636006	0.089	0.123	1.42016021193043e-07	c3	TAB2
4.45482379726983e-12	1.60837343663013	0.011	0.005	1.49405880512836e-07	c3	IL21
4.60752949571289e-12	0.131235575761868	0.053	0.079	1.54527324227219e-07	c3	KIAA0040
4.77740591898258e-12	0.166463328435463	0.206	0.265	1.60224639710838e-07	c3	RBBP6
4.80172192447012e-12	0.117410824001289	0.063	0.092	1.61040149902879e-07	c3	GTF2H1
4.86356075291603e-12	0.180057390517357	0.12	0.161	1.63114100531298e-07	c3	ERGIC2
4.92837783240364e-12	1.3613688877902	0.017	0.009	1.65287935743153e-07	c3	TRAV8-1
5.39400848273403e-12	0.119944465630917	0.185	0.238	1.80904256493934e-07	c3	KRAS
5.73423701136248e-12	0.103021122911153	0.045	0.069	1.92314840887075e-07	c3	GLT8D1
6.0146884522935e-12	0.105205549001795	0.046	0.07	2.0172062131302e-07	c3	PMS1
6.33233383934651e-12	0.109547303895928	0.084	0.117	2.12373812304003e-07	c3	POGZ
6.36559109799622e-12	0.115091189005024	0.028	0.048	2.13489194244597e-07	c3	ALG6
6.49406641136301e-12	1.45052007256236	0.011	0.005	2.17797999304292e-07	c3	AP000311.1
8.40704309561477e-12	0.194452350669382	0.061	0.089	2.81955411340728e-07	c3	ZNF326
1.03772042199842e-11	0.838557441354646	0.122	0.1	3.48030675129829e-07	c3	PVT1
1.04250518856681e-11	0.119512915693934	0.048	0.072	3.49635390141537e-07	c3	GTF3C5
1.08952853383658e-11	0.500759930070662	0.329	0.321	3.65406079678113e-07	c3	MZT2A
1.29011271075419e-11	0.225400996935266	0.168	0.218	4.32678000932739e-07	c3	CHORDC1
1.30013214604682e-11	0.107582564320168	0.043	0.066	4.36038319141184e-07	c3	MED16
1.30912226029291e-11	0.111793161694169	0.037	0.058	4.39053423657036e-07	c3	COG4
1.41628276379702e-11	0.104146605321131	0.024	0.042	4.74992913322246e-07	c3	PCNX3
1.68217528652548e-11	0.187524145686855	0.048	0.072	5.64167947594914e-07	c3	AVL9
1.75260967180914e-11	0.599224029888879	0.202	0.178	5.8779023173135e-07	c3	RIPOR2
1.77249931599739e-11	0.102666368555806	0.089	0.122	5.94460820599203e-07	c3	MKLN1
1.84596790489079e-11	0.987673728167499	0.079	0.06	6.19100715942272e-07	c3	CCDC66
1.91781302389608e-11	0.197726780236345	0.106	0.144	6.43196131954266e-07	c3	SEPHS2
1.91977528016178e-11	0.439381812973201	0.087	0.121	6.43854233460657e-07	c3	REEP3
1.922429005387e-11	0.162101306193731	0.048	0.072	6.44744239826691e-07	c3	TMEM41B
1.92550707998882e-11	0.101347633596663	0.052	0.077	6.45776564486651e-07	c3	PIGH
2.00085841068892e-11	0.134105270453818	0.06	0.086	6.71047893776851e-07	c3	KLC1
2.08521508431129e-11	0.123662293225634	0.081	0.112	6.99339434976321e-07	c3	GON4L
2.1833055377301e-11	0.394894601326485	0.423	0.437	7.32237011243922e-07	c3	TOMM20
2.21400534328221e-11	0.12480737500018	0.049	0.073	7.42533112029987e-07	c3	ABCB7
2.23415188951255e-11	1.10328584477928	0.044	0.03	7.49289860704717e-07	c3	TMEM116
2.27344041096167e-11	0.142301924258548	0.035	0.055	7.62466445028324e-07	c3	ZBED5
2.27349677624075e-11	1.15368502642061	0.042	0.028	7.62485348815622e-07	c3	AL662844.4
2.34518895590816e-11	0.145703337941735	0.076	0.106	7.86529472032479e-07	c3	LONP2
2.3583500991653e-11	0.13097954133567	0.034	0.054	7.90943456258057e-07	c3	ZNF688
2.51682459132945e-11	1.0705361460174	0.023	0.013	8.44092631440069e-07	c3	LINC02361
2.78483801243663e-11	0.114393338763342	0.03	0.05	9.33978972610998e-07	c3	COG2
2.80442184778614e-11	0.656656782296878	0.091	0.07	9.40546999310515e-07	c3	MLLT3
2.87531704943861e-11	0.114134292214331	0.066	0.093	9.64323832040719e-07	c3	USP38
2.9969562808927e-11	0.160556147424173	0.087	0.12	1.00511919748579e-06	c3	YDJC
3.00161018104783e-11	0.902950120307954	0.018	0.009	1.00668002251982e-06	c3	TRBV4-1
3.03318442005078e-11	0.828840861921088	0.111	0.089	1.01726939079663e-06	c3	GOLGA8B
3.10966268753739e-11	0.103556863158367	0.055	0.08	1.04291867214629e-06	c3	MAN1B1
3.2644803332934e-11	1.00462311935667	0.031	0.019	1.09484141417994e-06	c3	EVA1C
3.30538103685192e-11	0.927591443653014	0.024	0.014	1.1085586921394e-06	c3	TRAV27
3.54082361049917e-11	0.103902778279821	0.043	0.065	1.18752142248921e-06	c3	KATNA1
3.60460475475479e-11	0.142919572893284	0.065	0.093	1.20891234264966e-06	c3	CYTH2
3.82819955257874e-11	0.131975515673074	0.14	0.183	1.28390156594386e-06	c3	PRPF8
4.01332194941093e-11	0.760858539631683	0.095	0.075	1.34598791539344e-06	c3	TRIB2
4.10544972040591e-11	1.38631406527336	0.015	0.008	1.37688572722973e-06	c3	TRBV14
4.18078076846834e-11	0.476885590681833	0.256	0.236	1.40215025412891e-06	c3	ALG13
4.3608860300134e-11	0.143329215638022	0.034	0.054	1.46255395674589e-06	c3	MAU2
4.73940169472827e-11	1.0570414849811	0.042	0.028	1.58950054037797e-06	c3	TCP11L2
4.79285740284172e-11	1.75655526854766	0.011	0.005	1.60742851576506e-06	c3	FOXJ1
4.81429003272062e-11	0.1091104031368	0.025	0.043	1.61461659117384e-06	c3	VPS35L
4.92794326257208e-11	0.165282488342771	0.071	0.1	1.65273361140143e-06	c3	TRIP11
5.32160761979948e-11	1.37096552244875	0.015	0.008	1.78476076352835e-06	c3	ZNF540
5.34620725540935e-11	0.124566808921651	0.048	0.071	1.79301098931919e-06	c3	TRAP1
5.52725561806251e-11	0.226964163885567	0.057	0.083	1.8537309891858e-06	c3	CTDSP2
5.6620572694104e-11	1.08879138521556	0.03	0.018	1.89894076701486e-06	c3	GCSAM
5.74096791863379e-11	1.54908698871878	0.019	0.01	1.9254058205514e-06	c3	MEGF6
5.84943372192309e-11	0.107635380111022	0.175	0.221	1.96178308165857e-06	c3	RASAL3
6.23658532292488e-11	0.207521806790943	0.068	0.096	2.09162598560255e-06	c3	NDE1
6.24775204656416e-11	0.147304271239348	0.023	0.04	2.09537108137669e-06	c3	CPTP
6.58198545621863e-11	0.142311706278066	0.079	0.109	2.2074662823066e-06	c3	TMEM43
6.68386969641632e-11	0.810431944541315	0.061	0.044	2.24163621878411e-06	c3	MHENCR
6.71643341216928e-11	0.121924421376826	0.137	0.178	2.25255743777333e-06	c3	ZNF644
7.68764257924168e-11	0.11352737376682	0.066	0.093	2.57828156822607e-06	c3	NECAP1
8.26741793244869e-11	1.08492555262997	0.019	0.01	2.77272662618464e-06	c3	TRAV38-2DV8
8.52004118225008e-11	0.127400271369011	0.124	0.162	2.85745141170303e-06	c3	PSMB8-AS1
8.60843210891292e-11	0.127085126560301	0.057	0.081	2.88709596068722e-06	c3	DTNBP1
8.70360392650524e-11	0.188852700490059	0.076	0.105	2.91901468487133e-06	c3	MKL1
8.74135820393127e-11	0.276869259549236	0.049	0.072	2.93167671443447e-06	c3	ZNF33A
8.89000362511882e-11	1.45048592601971	0.014	0.007	2.98152941579235e-06	c3	NLRP6
9.12462498035756e-11	0.150597635244083	0.099	0.133	3.06021672591232e-06	c3	KANSL1
9.36351463560869e-11	0.290306176449786	0.044	0.066	3.14033553849044e-06	c3	MRPL45
9.83036394282086e-11	1.28793628309027	0.015	0.008	3.29690745914326e-06	c3	ATG9B
1.02848837546025e-10	0.923024630212455	0.111	0.091	3.4493443136186e-06	c3	CERK
1.04884665566341e-10	0.262095481757666	0.077	0.107	3.51762191376394e-06	c3	INTS6
1.05585713219422e-10	0.101935040592309	0.093	0.125	3.54113364995297e-06	c3	ZPR1
1.0849221107905e-10	0.173001615872163	0.05	0.074	3.63861177516918e-06	c3	APTX
1.1643898926847e-10	0.143069746124096	0.053	0.077	3.90513082208595e-06	c3	POM121C
1.21468202457786e-10	0.159454780435319	0.195	0.247	4.07380057402922e-06	c3	NUP58
1.23944662006487e-10	0.695851258230658	0.175	0.154	4.15685607437356e-06	c3	FAS
1.32015314955911e-10	0.107560104093807	0.123	0.16	4.42752963299135e-06	c3	PUM2
1.38125700474099e-10	1.35211988382982	0.013	0.006	4.63245974250032e-06	c3	AC103724.3
1.43917730377065e-10	0.190614191677367	0.145	0.188	4.826712841386e-06	c3	PDCL3
1.52002193637598e-10	0.207561365258517	0.044	0.065	5.09784957021776e-06	c3	TCTA
1.61966873966488e-10	0.14354007104427	0.092	0.123	5.43204501908808e-06	c3	PEX16
1.65344221982456e-10	0.117157417721911	0.034	0.054	5.5453145168476e-06	c3	CRELD1
1.66990763945464e-10	0.227586323113447	0.127	0.166	5.60053624120298e-06	c3	GDI1
1.77139408803937e-10	0.137426885571281	0.211	0.268	5.94090149246643e-06	c3	PCNP
1.78616081808767e-10	0.467763369458237	0.319	0.31	5.99042615170242e-06	c3	ARID4B
1.78906004707962e-10	0.100199109635971	0.032	0.05	6.00014958589562e-06	c3	PHF10
1.84865074463284e-10	0.139071517799627	0.11	0.146	6.20000486734961e-06	c3	FRYL
1.87931015551214e-10	0.212814906058083	0.103	0.137	6.30283039955662e-06	c3	FAM53C
1.95016492369318e-10	0.144858229055804	0.037	0.057	6.54046312108219e-06	c3	CPSF1
1.99480089795409e-10	0.159646542890868	0.05	0.074	6.69016325155842e-06	c3	MSL1
2.03349089268796e-10	0.130978439533927	0.177	0.224	6.81992175589688e-06	c3	TIPARP
2.10808148426692e-10	0.149166139795671	0.115	0.151	7.0700836819344e-06	c3	RBM5
2.13022492714339e-10	0.219466835649251	0.104	0.139	7.14434836065352e-06	c3	ARID4A
2.23653497410122e-10	0.210650570410435	0.051	0.074	7.50089099614067e-06	c3	STXBP3
2.25998797952409e-10	0.186469115932593	0.116	0.153	7.57954768572789e-06	c3	GLG1
2.28111604991959e-10	0.167685528907345	0.093	0.124	7.65040700822033e-06	c3	ZNF24
2.49541704444721e-10	0.125719285384247	0.036	0.055	8.36912968366705e-06	c3	C2orf49
2.49623357720447e-10	0.145321780732816	0.168	0.215	8.37186817122834e-06	c3	SNRPA1
2.69323699605943e-10	0.168955317474927	0.087	0.117	9.03257823738413e-06	c3	ZCCHC7
2.80747770322842e-10	0.168058705303154	0.07	0.097	9.41571872108748e-06	c3	BRD9
2.84624693680876e-10	0.235790092060406	0.044	0.065	9.54574297666923e-06	c3	ZNF280D
2.9703857981924e-10	0.1345010058608	0.086	0.116	9.96207988997766e-06	c3	SUCLG2
2.98702106071946e-10	0.100947944941072	0.148	0.189	1.00178712334409e-05	c3	DGCR6L
2.99289469357089e-10	0.166131801988979	0.041	0.061	1.00375702232981e-05	c3	TTF1
3.0515079054757e-10	0.362491535453334	0.419	0.431	1.02341472133844e-05	c3	RPS20
3.05255619131916e-10	0.138904700694379	0.041	0.061	1.02376629544462e-05	c3	SCAMP1
3.08951065398791e-10	0.993926271060399	0.047	0.033	1.03616008313447e-05	c3	MXI1
3.15996331815405e-10	0.126602952866086	0.046	0.068	1.0597884976425e-05	c3	WDR36
3.40106832153293e-10	0.167972676162014	0.059	0.083	1.14065029367571e-05	c3	UMAD1
3.4505609448907e-10	0.117880756000476	0.077	0.105	1.15724912969744e-05	c3	NDUFAF4
3.46764639628754e-10	0.192403409110522	0.114	0.15	1.16297924838692e-05	c3	NUDT4
3.47787408494787e-10	0.903101527619113	0.086	0.068	1.16640941060982e-05	c3	WWP1
3.49836038369692e-10	0.1753619664881	0.081	0.109	1.17328010548427e-05	c3	MIA3
3.61066294695393e-10	0.138371652310168	0.13	0.167	1.21094413914941e-05	c3	PRKACB
3.66636156515585e-10	0.181990095292513	0.058	0.083	1.22962434172197e-05	c3	MAN2C1
3.6795897808552e-10	0.130635939918739	0.015	0.029	1.23406082070322e-05	c3	BCS1L
3.70153009160484e-10	0.120627684942099	0.054	0.077	1.24141916212243e-05	c3	CUL2
3.72863985414995e-10	0.161260556952468	0.014	0.027	1.25051123428481e-05	c3	HIST1H2BJ
3.80899214281765e-10	0.103713871482123	0.138	0.178	1.27745978485818e-05	c3	ARL2BP
3.9711470766572e-10	0.180878482630242	0.022	0.038	1.33184330656929e-05	c3	DDX55
3.97663912515907e-10	0.160876350136137	0.085	0.114	1.33368522979585e-05	c3	PDE7A
4.07921982284315e-10	0.141767306733512	0.193	0.243	1.36808874418514e-05	c3	RNMT
4.31742110873901e-10	0.1211753602416	0.246	0.309	1.44797669144889e-05	c3	PPIG
4.39990017103536e-10	0.180306053049528	0.072	0.099	1.47563851936184e-05	c3	SUPT20H
4.40890141362488e-10	0.1856630209399	0.17	0.218	1.47865735610151e-05	c3	PQBP1
4.58231801951609e-10	0.187503864116634	0.08	0.108	1.53681781738531e-05	c3	SFSWAP
4.92062841168794e-10	0.179816740839663	0.089	0.119	1.6502803567119e-05	c3	TTC19
5.12589652111409e-10	1.18670917049509	0.013	0.006	1.71912317525124e-05	c3	TRAV25
5.15161208124713e-10	0.143344512229632	0.02	0.035	1.72774765980866e-05	c3	CEP128
5.25738153965672e-10	0.204234428027296	0.074	0.101	1.76322062077007e-05	c3	ATF2
5.41305634528159e-10	0.661858193528032	0.201	0.181	1.81543083708054e-05	c3	ATM
5.53364951016426e-10	0.156834114483624	0.077	0.104	1.85587537271889e-05	c3	URI1
5.62311650312456e-10	0.973011164773008	0.097	0.078	1.88588081281791e-05	c3	ABCC1
5.71094437451951e-10	0.516248309846612	0.358	0.435	1.91533652432635e-05	c3	GADD45B
6.01736931182163e-10	0.28531689459607	0.06	0.084	2.01810531979874e-05	c3	ANTXR2
6.23722677660984e-10	0.233696557241458	0.044	0.065	2.09184111633941e-05	c3	ATXN2
6.7546842620054e-10	1.06274738534877	0.052	0.037	2.26538600779137e-05	c3	ATXN7L1
6.83207479654672e-10	0.187515407285301	0.038	0.058	2.29134124526584e-05	c3	SRFBP1
6.85750866439557e-10	0.139654311388841	0.156	0.198	2.29987125586499e-05	c3	RNF166
7.06013411166778e-10	0.119163212309825	0.256	0.318	2.36782777837114e-05	c3	PTP4A1
7.6512418802106e-10	0.191468797220048	0.214	0.27	2.56607350178503e-05	c3	TRA2A
7.71599495834615e-10	0.190717327909307	0.147	0.188	2.58779038913013e-05	c3	BBX
7.77020519077004e-10	0.193407882886908	0.088	0.118	2.60597141688046e-05	c3	CREBBP
8.37717895327448e-10	1.36724678233831	0.021	0.012	2.8095382773492e-05	c3	LINC00243
8.45639911432519e-10	0.132573966453083	0.114	0.149	2.83610713496238e-05	c3	TTC17
9.4127084771612e-10	0.114241954890007	0.071	0.097	3.15683416907032e-05	c3	CAMK1D
9.5623033271712e-10	0.178381113529955	0.075	0.102	3.20700528986668e-05	c3	CPSF7
1.03280831317337e-09	0.361873137548213	0.418	0.435	3.46383252072086e-05	c3	SMDT1
1.04864731504217e-09	0.417745776090764	0.372	0.373	3.51695336518844e-05	c3	DDX24
1.0532924784979e-09	0.175145626292165	0.073	0.1	3.53253231438625e-05	c3	METTL17
1.0610639440965e-09	0.117553256514323	0.03	0.047	3.55859625571084e-05	c3	KHDC4
1.07429918743132e-09	0.111764527639405	0.051	0.073	3.60298461480717e-05	c3	TRAPPC8
1.08672474205146e-09	1.27266661166773	0.017	0.01	3.6446574398922e-05	c3	UBXN10-AS1
1.1193717252568e-09	0.661368385908666	0.135	0.115	3.75414889216626e-05	c3	MFSD14A
1.18397435677347e-09	0.168224810901834	0.02	0.034	3.97081319774686e-05	c3	RCBTB1
1.18980013821689e-09	1.16911611514977	0.011	0.005	3.99035170355181e-05	c3	PYGM
1.2099307651138e-09	0.159642684918771	0.05	0.072	4.05786580003868e-05	c3	VPS13B
1.2290089167736e-09	0.722222275691776	0.146	0.127	4.12185010507529e-05	c3	HECA
1.23115431401441e-09	0.19976671626221	0.057	0.08	4.12904533834152e-05	c3	AHCTF1
1.28048232710511e-09	0.146845337790809	0.028	0.045	4.29448162864511e-05	c3	LRRC23
1.28497582126424e-09	0.11771878071207	0.049	0.07	4.30955190935601e-05	c3	TBC1D23
1.32763038695265e-09	0.144191915118558	0.021	0.036	4.45260679176179e-05	c3	ARRDC1-AS1
1.35144352869325e-09	0.102094074251442	0.031	0.048	4.53247130653142e-05	c3	MED27
1.38392657778913e-09	0.264957398719689	0.027	0.044	4.64141295658919e-05	c3	ZBTB7B
1.38804254016337e-09	0.14429248135888	0.031	0.048	4.65521707119992e-05	c3	C6orf120
1.39177613004962e-09	0.778766159515179	0.059	0.044	4.66773878496041e-05	c3	UBASH3A
1.39383961697493e-09	0.134636774583186	0.057	0.081	4.67465930741052e-05	c3	PPP1R21
1.40622166703609e-09	0.124500357425982	0.038	0.056	4.71618622690563e-05	c3	SLC12A7
1.41754275271537e-09	0.169313663122364	0.147	0.189	4.75415488405681e-05	c3	LUC7L2
1.473195977898e-09	0.180649770348848	0.096	0.127	4.94080467067431e-05	c3	SLC25A36
1.47697995765605e-09	0.212272137017995	0.055	0.078	4.95349538198685e-05	c3	MBD1
1.52641275927079e-09	0.118487708957697	0.143	0.181	5.11928311204237e-05	c3	BTN3A2
1.5442181775196e-09	0.157763013001115	0.017	0.031	5.17899892376525e-05	c3	DONSON
1.57233983453641e-09	0.638855542450329	0.169	0.149	5.2733133370682e-05	c3	SRSF8
1.59745770157585e-09	0.113330717118996	0.055	0.077	5.35755363954507e-05	c3	PTAR1
1.77314786404897e-09	1.11473421698173	0.016	0.009	5.94678330644742e-05	c3	AC136475.5
1.78741273256078e-09	0.16116078706068	0.089	0.118	5.99462482246236e-05	c3	SPATA13
1.8561506986225e-09	0.113755958551399	0.066	0.09	6.22515821304013e-05	c3	KDM6A
1.91762616690699e-09	1.06276607182898	0.018	0.01	6.43133463857265e-05	c3	TRBV24-1
1.92877584884395e-09	0.121822428105967	0.084	0.112	6.46872844185283e-05	c3	HBS1L
1.96821542653514e-09	0.117353679093895	0.802	0.83	6.60100089751356e-05	c3	MT-ND5
2.018433859599e-09	0.142649611233394	0.158	0.2	6.76942347832314e-05	c3	PCM1
2.0627609440942e-09	0.163272082974147	0.125	0.16	6.91808765430313e-05	c3	KMT2A
2.17770066305832e-09	0.14631091139042	0.081	0.109	7.303572483765e-05	c3	U2AF1L4
2.25250426981772e-09	0.103062925937748	0.027	0.044	7.55444882011468e-05	c3	ZNF414
2.2763050426691e-09	0.14827877094994	0.059	0.082	7.63427185210364e-05	c3	HUS1
2.32276861471595e-09	0.204458800316413	0.215	0.27	7.79010138003436e-05	c3	YME1L1
2.34605306377679e-09	0.244659328633586	0.106	0.139	7.86819276529458e-05	c3	SUMF2
2.40257306868616e-09	0.391353951863907	0.354	0.349	8.05774955775965e-05	c3	SEPT9
2.4129537960085e-09	0.112005873234204	0.051	0.072	8.0925644410533e-05	c3	HIVEP1
2.46363748471124e-09	0.205414025640226	0.054	0.077	8.26254739622457e-05	c3	RMC1
2.54995636332042e-09	0.124456058919636	0.063	0.087	8.55204365130404e-05	c3	SLC30A7
2.5505132154159e-09	1.00956305140751	0.038	0.026	8.55391122186186e-05	c3	CBX7
2.72680496472989e-09	0.111829144544294	0.012	0.024	9.14515849071109e-05	c3	AP001816.1
2.74189204498364e-09	0.194188950304055	0.057	0.08	9.19575754046615e-05	c3	RANBP3
2.83754992985258e-09	0.23285575883922	0.074	0.101	9.51657495473958e-05	c3	MLLT10
2.97162765440235e-09	0.367808709303332	0.1	0.132	9.96624482733461e-05	c3	NABP1
2.97802765560701e-09	0.115059981816736	0.13	0.166	9.98770915137481e-05	c3	MED4
3.05977778736776e-09	0.13889371562284	0.06	0.083	0.00010261882743274	c3	PHAX
3.11258718484568e-09	0.31961091203434	0.422	0.415	0.000104389949005355	c3	ZNF331
3.25825997396989e-09	0.215482651409173	0.099	0.13	0.000109275523007002	c3	REST
3.30944872841347e-09	0.829522563371505	0.071	0.055	0.000110992291453531	c3	TNRC6C
3.40319740754994e-09	0.377688757215865	0.421	0.443	0.00011413643465441	c3	UXT
3.56252530834054e-09	0.118781405600997	0.035	0.052	0.000119479973791125	c3	HAUS6
3.60971245191556e-09	0.154030437436603	0.102	0.133	0.000121062536212344	c3	CWC25
3.73558270744952e-09	0.14312526494176	0.14	0.178	0.000125283972842442	c3	SUPT5H
3.80378498478689e-09	0.201062340322074	0.087	0.115	0.000127571340819783	c3	TSC22D2
3.98044989577722e-09	0.111384038453514	0.041	0.059	0.000133496328604576	c3	SIK2
4.01420903587428e-09	0.132541886490114	0.083	0.11	0.000134628542645152	c3	ERG28
4.06902569896952e-09	0.170701792630878	0.066	0.09	0.00013646698389204	c3	YTHDC2
4.13327703750448e-09	0.558469668305188	0.011	0.005	0.000138621845283825	c3	TRBV10-2
4.13655946296967e-09	0.240647307982318	0.053	0.075	0.000138731931269077	c3	NPIPB5
4.14558808687504e-09	0.168087783999159	0.083	0.111	0.000139034733257615	c3	EGLN2
4.18560391289288e-09	0.149345816527003	0.022	0.036	0.000140376784030601	c3	IDE
4.21137698993333e-09	0.137894426371561	0.149	0.188	0.000141241161488384	c3	HECTD1
4.42688614637027e-09	0.135408696238358	0.209	0.258	0.000148468907576966	c3	SAMHD1
4.54474258816062e-09	0.12421896112977	0.021	0.035	0.000152421576921731	c3	KCNQ1OT1
4.64300363594524e-09	0.101164322543519	0.045	0.065	0.000155717055942332	c3	ZBTB11
4.81204620838631e-09	0.16632601067718	0.035	0.052	0.00016138640573686	c3	PIK3CB
4.97491241142011e-09	0.140412286716468	0.056	0.078	0.000166848612454208	c3	AQR
4.995051403249e-09	0.115450901516063	0.056	0.077	0.000167524033962165	c3	ALKBH6
5.04067413626049e-09	0.136385627870153	0.083	0.11	0.000169054129181904	c3	SLC25A38
5.05105353218055e-09	0.196465429575992	0.09	0.118	0.000169402233362271	c3	QRICH1
5.11508599846337e-09	0.293704555087029	0.119	0.154	0.000171549754216464	c3	STARD3
5.38488989442665e-09	0.149878446133593	0.123	0.158	0.000180598437279281	c3	CIR1
5.57043717373438e-09	0.876251581959056	0.034	0.023	0.000186821321932704	c3	MPP7
5.58025026115249e-09	0.155433401831151	0.042	0.061	0.000187150433258532	c3	ENTPD6
5.70670466944757e-09	0.19838838410634	0.081	0.108	0.000191391461203933	c3	DCAF8
5.76637158349404e-09	0.139783112007621	0.108	0.139	0.000193392570167223	c3	KRR1
5.92536266019856e-09	0.709570162840219	0.124	0.105	0.000198724812897739	c3	TSPYL1
5.97114685908148e-09	0.173596957429733	0.083	0.11	0.000200260323359875	c3	UTP23
6.0268206950183e-09	0.145987442581849	0.15	0.189	0.000202127512469524	c3	TMF1
6.09315422058175e-09	0.169624025800697	0.049	0.07	0.000204352206249871	c3	LUZP1
6.15784890260873e-09	0.189191998541872	0.063	0.087	0.000206521936495691	c3	DCAF5
6.24255265184134e-09	0.225339913918616	0.111	0.144	0.000209362730837455	c3	ELF2
6.6323453459986e-09	0.169928088932906	0.198	0.248	0.000222435598214101	c3	CHIC2
7.25831947752133e-09	0.132443295572892	0.019	0.033	0.00024342951863711	c3	TEFM
7.38999618925567e-09	0.186232690602115	0.21	0.263	0.000247845692195257	c3	CNIH1
7.92226490928586e-09	0.132175285681492	0.093	0.121	0.000265696920527629	c3	PPP6R3
8.31990502488092e-09	1.16948439963812	0.049	0.035	0.000279032974724456	c3	TMEM63A
8.39341007521661e-09	0.182324333550971	0.084	0.111	0.000281498187102615	c3	ATF7IP2
8.48536941783823e-09	0.19348072169754	0.057	0.079	0.000284582319535458	c3	CUTC
8.59140034863823e-09	0.258553107989331	0.076	0.102	0.000288138384892629	c3	CCDC186
8.79041067136652e-09	0.177650316158594	0.127	0.162	0.000294812793096291	c3	RBM22
9.26886327523049e-09	0.282079299697361	0.251	0.226	0.00031085913652468	c3	PRKCH
9.3321205895776e-09	0.936359649961	0.086	0.069	0.000312980660333254	c3	MAP3K4
9.37919348417421e-09	2.49197091664657	0.01	0.004	0.000314559391072235	c3	IL17A
9.61446326181969e-09	0.130537804293546	0.014	0.026	0.000322449868874909	c3	KLHDC10
9.83913173715865e-09	0.588379739632462	0.222	0.207	0.000329984800200827	c3	R3HDM4
1.00900687781869e-08	0.118193916821562	0.087	0.114	0.000338400726682832	c3	SP140L
1.0578150493047e-08	0.604483739263566	0.179	0.16	0.000354770011235812	c3	TBCC
1.06407709954773e-08	0.133097659121078	0.156	0.196	0.000356870177646317	c3	BIRC2
1.10939887312252e-08	0.127493302284686	0.761	0.788	0.000372070194067829	c3	CALM1
1.13396604344416e-08	0.123188387364379	0.042	0.06	0.000380309531650302	c3	SCAP
1.13712591148063e-08	0.253230478381937	0.081	0.107	0.000381369288192372	c3	AFF1
1.18391371455982e-08	0.14434152702513	0.133	0.168	0.000397060981589071	c3	TNIP2
1.20549559222739e-08	0.181175430009847	0.207	0.258	0.000404299111721222	c3	MYCBP2
1.28344106348531e-08	0.102826296607767	0.009	0.019	0.000430440463871705	c3	TRMT10A
1.28766255830018e-08	1.26873688169551	0.033	0.022	0.000431856268802715	c3	NR1D1
1.29020040365418e-08	1.01605045356424	0.06	0.046	0.000432707411377538	c3	NBPF15
1.29426183352222e-08	0.186237598252404	0.098	0.127	0.000434069533726683	c3	NUDT16L1
1.3029198217088e-08	1.6101794656386	0.01	0.005	0.000436973249804698	c3	MICU3
1.3509708923693e-08	0.252637413102953	0.079	0.105	0.000453088617882815	c3	CFAP20
1.3521784915068e-08	0.707588625632221	0.125	0.107	0.000453493622481549	c3	PLSCR3
1.37007608751387e-08	0.123932837950753	0.031	0.047	0.000459496118230403	c3	CHM
1.3829308936715e-08	0.125009794091053	0.274	0.337	0.000463807363119548	c3	PPP1CC
1.41826118876766e-08	0.146897610101156	0.057	0.079	0.000475656437488898	c3	ANGEL2
1.44627348853901e-08	0.204302832249606	0.084	0.111	0.000485051202586213	c3	TTC14
1.48983901577088e-08	0.103915334390421	0.036	0.053	0.000499662209109239	c3	DUS1L
1.53054343266602e-08	0.158628945107371	0.066	0.089	0.00051331365644753	c3	PCNX4
1.55624086105768e-08	0.166984523714603	0.039	0.057	0.000521932059981523	c3	TRIM13
1.57175356961912e-08	0.104109889926754	0.302	0.372	0.000527134712178862	c3	UFC1
1.64876739925624e-08	1.27427237786943	0.014	0.007	0.000552963610362558	c3	AC004832.6
1.67813395512049e-08	0.197701307872285	0.029	0.045	0.000562812565868308	c3	ZNF37A
1.68507272891914e-08	0.134551220163229	0.022	0.036	0.000565139691824902	c3	BLOC1S5
1.68636644254561e-08	0.256216631955358	0.202	0.254	0.000565573577500947	c3	SNRNP70
1.69311556864966e-08	0.187020251271712	0.093	0.121	0.000567837099413723	c3	INTS10
1.73327614915958e-08	0.150547193481474	0.032	0.048	0.000581306154905138	c3	SLC7A6OS
1.73375958485174e-08	0.303056208703395	0.124	0.159	0.000581468289567578	c3	NECAP2
1.76925540503198e-08	0.148512087759408	0.072	0.096	0.000593372877739625	c3	MMGT1
1.80321729889838e-08	0.298960045097592	0.104	0.135	0.000604763017704537	c3	PHF14
1.90184597116458e-08	0.110974184635748	0.025	0.04	0.000637841101809175	c3	DNAJC11
1.97139567286258e-08	0.132052536401752	0.053	0.074	0.000661166680764651	c3	G2E3
2.01103829108442e-08	0.141889322752944	0.06	0.082	0.000674462022063891	c3	KAT2B
2.01771317573091e-08	0.363534244595631	0.249	0.227	0.000676700644876633	c3	SKAP1
2.05947193583636e-08	0.174051920522603	0.064	0.086	0.0006907056978408	c3	C6orf226
2.0880839140767e-08	0.637058434409412	0.091	0.074	0.000700301583103043	c3	BNIP3
2.14601031651954e-08	0.164054635706799	0.062	0.084	0.000719728939954325	c3	MINK1
2.39562899239929e-08	0.189468672260922	0.093	0.122	0.000803446051470874	c3	OGDH
2.44906245731384e-08	0.23107370344926	0.038	0.055	0.000821366566933915	c3	TPK1
2.46858534054842e-08	0.183757189071121	0.049	0.069	0.000827914151513128	c3	NBPF19
2.50446401894643e-08	0.79228825894901	0.101	0.084	0.000839947142674254	c3	RAPGEF6
2.5682117446687e-08	0.136386053584846	0.016	0.027	0.000861326854926989	c3	NECAB3
2.63423444307687e-08	0.239205119210555	0.044	0.063	0.000883469547519122	c3	CYHR1
2.63503069049874e-08	0.9234111283361	0.028	0.018	0.000883736592979466	c3	TRAV17
2.64455900218267e-08	0.184037430262934	0.041	0.059	0.000886932198152024	c3	KCTD13
2.65587374234258e-08	0.159547290620325	0.036	0.053	0.000890726935706854	c3	SLC35E1
2.72644174232146e-08	0.258242245996721	0.194	0.242	0.000914394031539773	c3	TPR
2.77196517037763e-08	0.15367726768612	0.008	0.017	0.000929661678841251	c3	PPARG
2.79207167755293e-08	0.382497594189299	0.057	0.079	0.000936404999217701	c3	MRPS31
2.85248014690763e-08	0.171642089854056	0.061	0.082	0.00095666479166988	c3	ICE1
2.91154110685781e-08	0.106996449386459	0.057	0.077	0.000976472656417972	c3	THAP4
3.05819481384742e-08	0.791614721132261	0.091	0.074	0.00102565737666815	c3	ECHDC2
3.21967367278174e-08	1.06635872329503	0.042	0.03	0.00107981415637754	c3	ZNF33B
3.26604343749032e-08	0.130488836706133	0.043	0.062	0.0010953656480655	c3	TMEM140
3.2766853040019e-08	0.233101851558516	0.027	0.041	0.00109893471725616	c3	PPME1
3.29721000358155e-08	0.497823533935765	0.199	0.179	0.00110581829100118	c3	STAT4
3.72438118208613e-08	0.170050133747284	0.069	0.092	0.00124908296084805	c3	CDK10
3.84777534046709e-08	0.567023452663781	0.498	0.595	0.00129046689368585	c3	IER2
3.89025211899272e-08	0.130994264402733	0.015	0.027	0.00130471275566778	c3	SLC10A7
4.02779145735196e-08	0.15592402343132	0.11	0.14	0.0013508406989667	c3	WDR82
4.27835917033702e-08	0.46571509757893	0.31	0.301	0.00143487609854763	c3	KIAA1551
4.29073811356061e-08	0.148073652766615	0.021	0.035	0.00143902774852596	c3	PKNOX1
4.36200812131129e-08	0.226635504892787	0.037	0.054	0.00146293028372538	c3	COX10
4.41734329430052e-08	0.127665768519993	0.029	0.044	0.00148148859404251	c3	CCDC126
4.47221574252716e-08	0.801686780738982	0.176	0.164	0.00149989171572876	c3	TRADD
4.48372842291016e-08	0.204833576830983	0.069	0.092	0.00150375283847561	c3	LRCH4
4.58134319365351e-08	0.200775389808642	0.055	0.075	0.00153649088028751	c3	FBXO28
4.78702927323544e-08	0.213542654179412	0.171	0.212	0.0016054738776577	c3	CDC42EP3
4.81600271139345e-08	0.12064632881246	0.103	0.132	0.00161519098934713	c3	C15orf61
4.85986460788508e-08	0.142845567585397	0.189	0.233	0.0016299013921925	c3	SERINC1
4.88300738134866e-08	0.108664885265136	0.033	0.049	0.00163766301555671	c3	POLRMT
4.98422957753432e-08	0.121363589041326	0.233	0.285	0.00167161091571346	c3	TAF7
5.06781923379883e-08	0.238364621194701	0.121	0.154	0.00169964521463145	c3	FNTA
5.31183404144374e-08	1.04335421284736	0.111	0.095	0.0017814829008194	c3	TIFA
5.35318532889873e-08	0.255497216675986	0.085	0.112	0.00179535129560606	c3	OAT
5.35616476669706e-08	0.287639760447133	0.117	0.15	0.00179635053945486	c3	ELMO1
5.4557579624563e-08	0.263665542950029	0.084	0.11	0.00182975210544859	c3	PIP4P1
5.48874541032537e-08	0.112233599570541	0.042	0.059	0.00184081543571492	c3	SIRT1
5.53587933011216e-08	0.1793461282799	0.054	0.073	0.00185662320973302	c3	ELK4
5.66790129062551e-08	0.260980782996378	0.015	0.026	0.00190090073484998	c3	CPOX
5.77681930588936e-08	0.229742995392865	0.097	0.125	0.00193742965880917	c3	ZC3H7A
5.80930289831197e-08	0.115202602261841	0.028	0.043	0.00194832400603587	c3	BRD8
5.86132631368285e-08	0.139020644624876	0.159	0.199	0.00196577161908296	c3	UBAC2
5.88659176447138e-08	0.247384027945072	0.067	0.09	0.00197424514596841	c3	CCDC130
6.02544918058668e-08	1.12041123010216	0.022	0.014	0.00202081514618516	c3	FAM184A
6.19791677896105e-08	0.171092245905542	0.036	0.053	0.00207865732932796	c3	EMSY
6.23740592895837e-08	0.777885819835467	0.088	0.072	0.00209190120045406	c3	SFI1
6.33908296502887e-08	0.123618286810278	0.31	0.279	0.00212600164481138	c3	CD247
6.54965623546804e-08	0.135896704821626	0.026	0.04	0.00219662370825127	c3	FAM76A
6.62820654378321e-08	0.140931846573144	0.029	0.044	0.00222296791065401	c3	SNTB2
6.80043117347136e-08	0.183364292071367	0.183	0.228	0.00228072860695883	c3	DDX18
6.8039011909197e-08	0.179378981833246	0.076	0.1	0.00228189238141065	c3	BET1L
6.9117801019192e-08	0.192986369110855	0.015	0.026	0.00231807281058166	c3	FAM221A
6.99297283102961e-08	0.775155908563479	0.016	0.009	0.00234530322807071	c3	TRBV4-2
7.19122706983006e-08	0.28822049944471	0.043	0.061	0.00241179373467961	c3	MFSD14C
7.38418187489356e-08	0.105237242425123	0.023	0.036	0.0024765069172018	c3	VPS52
7.64867552857718e-08	0.249993922011145	0.037	0.054	0.00256521279877421	c3	ABCF3
7.68205334699693e-08	0.243650620052562	0.018	0.03	0.00257640705151583	c3	LINC01003
7.95056085024282e-08	0.207128906850434	0.017	0.029	0.00266645909795444	c3	DEXI
8.40743496763493e-08	0.145439164346118	0.023	0.036	0.0028196855394454	c3	EEF2K
8.52621360863984e-08	0.30872414855269	0.07	0.093	0.00285952152006563	c3	ADAM19
8.53308423577302e-08	0.174345049534662	0.103	0.131	0.00286182579099355	c3	PSMA3-AS1
8.57458602388728e-08	0.254056617089377	0.041	0.058	0.00287574466069132	c3	EEFSEC
8.64983761570888e-08	0.254420554253398	0.036	0.052	0.00290098253955645	c3	TRAPPC12
8.67654253459046e-08	0.143483106034741	0.019	0.031	0.00290993883525095	c3	TMEM102
8.70817758668696e-08	0.253558771004539	0.076	0.1	0.00292054859902307	c3	EML3
9.00070979196993e-08	0.206100804506193	0.028	0.042	0.00301865805003088	c3	DTNB
9.03751440987393e-08	0.871654722983568	0.022	0.014	0.00303100158278352	c3	TRAV2
9.44406594049275e-08	0.269638871279002	0.083	0.109	0.00316735083512246	c3	TATDN1
9.83312691187392e-08	0.225268217631638	0.542	0.58	0.00329783410370427	c3	CNBP
9.92978914137984e-08	0.373941701151289	0.537	0.579	0.00333025268223597	c3	SAP18
1.00669820693443e-07	0.214345348411991	0.017	0.028	0.00337626444641668	c3	FASTKD3
1.01407345226978e-07	0.885110408083678	0.103	0.088	0.00340099954422239	c3	SLAMF1
1.03475655211142e-07	0.101179894334026	0.04	0.057	0.00347036652447129	c3	EXOC3
1.06497621385663e-07	0.153602502325497	0.072	0.095	0.00357171722603235	c3	CSNK1G2
1.07088649006091e-07	0.121322425213907	0.052	0.071	0.00359153911036628	c3	PTCD3
1.10131274030413e-07	1.10726883082602	0.025	0.016	0.00369358266843201	c3	PCBP3
1.18313831899538e-07	0.211506498531292	0.026	0.04	0.00396800929424672	c3	LYRM7
1.19176994918846e-07	0.677725795071722	0.121	0.104	0.00399695805558825	c3	FAM118A
1.22187191407097e-07	0.202747758828115	0.099	0.126	0.00409791402541121	c3	IRAK4
1.22738124701241e-07	0.20478627481391	0.162	0.201	0.00411639122623024	c3	GOLGA7
1.23280181900349e-07	0.212245333857182	0.031	0.045	0.00413457074057389	c3	GPATCH2
1.24561980432516e-07	0.163060267231857	0.038	0.054	0.00417755969974572	c3	STAU2
1.28994025729083e-07	0.157450141319057	0.041	0.058	0.004326201634902	c3	HDHD3
1.2931166038983e-07	0.407347414688784	0.253	0.236	0.00433685446615411	c3	LBH
1.29778856535212e-07	1.46388614312549	0.015	0.008	0.00435252329047793	c3	FAM84B
1.31590967551912e-07	0.131051635964571	0.03	0.044	0.00441329786975603	c3	ZBTB48
1.3607591792665e-07	0.101935583879756	0.1	0.127	0.00456371413542398	c3	LRBA
1.40805836636658e-07	0.132826054100805	0.054	0.074	0.00472234614912024	c3	ZRSR2
1.42721524538847e-07	0.219416681874402	0.024	0.037	0.00478659448998385	c3	LIN52
1.4395868871588e-07	0.180297503131261	0.123	0.155	0.00482808650215318	c3	NOP56
1.45348867576444e-07	0.220384903122952	0.037	0.053	0.00487471032077877	c3	FCHO1
1.45998958882695e-07	0.110759946798772	0.024	0.038	0.00489651308300783	c3	ARL15
1.48149245361547e-07	0.238174848079432	0.01	0.019	0.00496862939093556	c3	TRIM47
1.5041877001507e-07	0.102345450517742	0.019	0.031	0.00504474470876542	c3	CCDC71
1.55569591654178e-07	0.173389599162263	0.044	0.061	0.00521749296489782	c3	ZC3H11A
1.57758186822035e-07	0.188644049357089	0.152	0.189	0.00529089406963742	c3	COPS2
1.5913784643025e-07	0.115568044299767	0.061	0.082	0.00533716509357771	c3	SDHAF2
1.62269317927976e-07	0.206373264494372	0.073	0.095	0.00544218838466845	c3	VPS13A
1.64979515686847e-07	0.18035065614171	0.044	0.061	0.00553308299710548	c3	TNKS
1.70010741535379e-07	0.128053055732024	0.149	0.184	0.00570182024961352	c3	CEBPZ
1.71022477733418e-07	0.119909883541135	0.02	0.032	0.00573575185822339	c3	NFYA
1.77508314688832e-07	0.320685697713603	0.063	0.084	0.00595327385803406	c3	EDEM3
1.79560971507148e-07	0.233811519742539	0.675	0.691	0.00602211586240672	c3	PPP1R15A
1.82856884228173e-07	0.195751837795057	0.035	0.05	0.00613265418324447	c3	NUP205
1.83321040527908e-07	0.183080645358133	0.075	0.098	0.00614822105722499	c3	MAPKAPK5-AS1
1.8575304883109e-07	0.177082932896542	0.032	0.047	0.00622978575169709	c3	MAP3K3
1.89891819479343e-07	0.171187893206727	0.051	0.07	0.00636859184169822	c3	RALGAPB
1.93741314813285e-07	0.438354360513794	0.32	0.38	0.00649769621620795	c3	HSPA1B
1.93905694284276e-07	0.264836765154698	0.854	0.872	0.00650320917490606	c3	UBC
1.95398621189362e-07	0.261614510972122	0.082	0.107	0.00655327895744882	c3	MRPL50
1.95588242463254e-07	0.255648865544825	0.17	0.213	0.00655963847573261	c3	CLPP
2.04849203373291e-07	0.113990676257179	0.041	0.058	0.00687023258273345	c3	MGA
2.05732314585279e-07	0.268585846614741	0.111	0.141	0.00689985036656108	c3	IRF3
2.06351918985398e-07	0.164305654856152	0.598	0.639	0.00692063065893229	c3	SNRPD2
2.06977693176106e-07	0.216155879389974	0.104	0.132	0.00694161787374024	c3	YPEL3
2.14532674053101e-07	1.1756481973776	0.018	0.011	0.0071949968223929	c3	IL11RA
2.18446204318228e-07	0.243504379163889	0.119	0.15	0.00732624880042474	c3	RPS6KA3
2.2057811372556e-07	0.959161827268	0.033	0.023	0.00739774877812785	c3	NPIPB4
2.26751531377937e-07	0.105172390299144	0.061	0.081	0.00760479285935324	c3	LMBR1L
2.27735785423873e-07	0.183322819079262	0.046	0.064	0.00763780277154586	c3	RPRD1A
2.30788557851466e-07	0.168635841182644	0.057	0.076	0.00774018665322246	c3	ANKRD36C
2.31781877040544e-07	0.215020547626793	0.029	0.043	0.00777350059218577	c3	HSPBAP1
2.3264616794573e-07	0.635401389601139	0.118	0.102	0.0078024871805639	c3	TARSL2
2.38561020766151e-07	0.872788063920908	0.025	0.017	0.00800085951445519	c3	EPHA4
2.41896783486439e-07	0.211032543420057	0.046	0.064	0.00811273432456821	c3	COG5
2.5586204535607e-07	0.196059441561677	0.036	0.052	0.00858110127715186	c3	RBM14
2.57775638615159e-07	0.181746023429548	0.044	0.061	0.00864527936787521	c3	PRPF39
2.65893352909605e-07	0.117748689607033	0.281	0.345	0.00891753126988234	c3	POLR1D
2.69479910068345e-07	0.220786787358685	0.034	0.049	0.00903781722387214	c3	ASB3
2.69568103126589e-07	0.188821209062329	0.019	0.031	0.00904077504265955	c3	RABL3
2.6974995430761e-07	1.3598944307257	0.014	0.008	0.00904687396756863	c3	RORC
2.70999344599843e-07	0.136194565132405	0.011	0.02	0.00908877601918953	c3	AL162258.2
2.72149318544143e-07	0.311611722093872	0.067	0.089	0.00912734384533346	c3	TNRC6A
2.72291385728541e-07	0.129938814989264	0.029	0.043	0.0091321084945638	c3	CLEC16A
2.73258675654896e-07	0.16472518252093	0.062	0.082	0.00916454946411391	c3	ATG13
2.77401715478151e-07	0.282522271367375	0.081	0.106	0.00930349873370624	c3	PHACTR2
2.78921257072981e-07	0.16703162762559	0.036	0.051	0.00935446111971363	c3	CARNMT1
2.86454132429119e-07	0.760119237151599	0.118	0.103	0.00960709869340778	c3	CRTC3
2.87074776440745e-07	0.313645371266662	0.052	0.071	0.00962791385226972	c3	SHLD1
2.87269009374203e-07	0.206299732784452	0.193	0.239	0.00963442803639202	c3	RNF114
2.95268590415373e-07	0.183488579770734	0.138	0.171	0.00990271798535078	c3	RBM23
2.95725548747206e-07	0.190930211239518	0.16	0.197	0.00991804345388378	c3	ATF7IP
2.98909309750248e-07	0.10741904321001	0.202	0.245	0.0100248204304038	c3	BCL7B
3.01799443058643e-07	0.127789412026109	0.023	0.035	0.0101217497213008	c3	C12orf4
3.11564631612182e-07	0.504506798160275	0.284	0.282	0.0104492546150094	c3	TECR
3.12411762351161e-07	0.113033023677863	0.03	0.044	0.0104776656857332	c3	TRAPPC9
3.16315328021636e-07	0.159375710841546	0.051	0.069	0.0106085834711896	c3	NBEAL2
3.19166917481524e-07	1.06472221405744	0.054	0.041	0.0107042200784954	c3	AC058791.1
3.22943216992054e-07	0.169840970270221	0.037	0.052	0.0108308696114795	c3	RARS2
3.2694903891958e-07	0.184604928829008	0.027	0.041	0.0109652168672849	c3	C12orf43
3.43190128223887e-07	0.726636691863455	0.331	0.34	0.0115099105203727	c3	SERTAD1
3.66620266466741e-07	0.156018154156936	0.063	0.083	0.0122957104967615	c3	SLC25A26
3.88630366068936e-07	0.216240276100078	0.072	0.094	0.01303388521722	c3	DDB2
3.88787119162313e-07	0.187213416876765	0.024	0.037	0.0130391424024657	c3	INTS4
3.97069550328535e-07	1.06908896546684	0.027	0.019	0.0133169185789184	c3	ZSCAN18
4.00809294209571e-07	0.208515370331118	0.079	0.102	0.0134423421092006	c3	MED6
4.17186524047008e-07	0.2403693072007	0.032	0.046	0.0139916016434886	c3	PPRC1
4.21039792118723e-07	0.245986004746962	0.051	0.069	0.0141208325480777	c3	RETREG3
4.39781859781354e-07	0.170423659837585	0.024	0.036	0.014749404013347	c3	SEC22A
4.41698545240315e-07	0.23683526484226	0.108	0.136	0.0148136858102697	c3	RHOT2
4.6469682934709e-07	0.140696428763155	0.015	0.026	0.0155850022626427	c3	TAF5L
4.81323700719583e-07	0.185392810608098	0.084	0.107	0.0161426342747334	c3	NOLC1
4.92102968472098e-07	0.246480106202263	0.078	0.101	0.0165041493566172	c3	ABHD13
5.14112058811853e-07	0.134389326843557	0.011	0.02	0.0172422902284319	c3	CA11
5.15464071881732e-07	0.175643384237705	0.029	0.043	0.0172876340427695	c3	SLC9A1
5.20941350354169e-07	0.241277049946111	0.119	0.149	0.0174713310081781	c3	TMEM35B
5.28558812670417e-07	0.178787456893865	0.043	0.06	0.0177268054593404	c3	ZNF76
5.44358251207334e-07	0.308455053264207	0.027	0.041	0.0182566870289916	c3	MCCC1
5.4435875874848e-07	0.223193874283393	0.021	0.033	0.0182567040509065	c3	SAP130
5.48696699252023e-07	0.210233755610824	0.365	0.431	0.0184021898995143	c3	HSPD1
5.57193294289414e-07	0.161140592151998	0.03	0.044	0.0186871487038784	c3	KHNYN
5.62421634340215e-07	0.232900629624236	0.046	0.062	0.0188624967725021	c3	VIRMA
5.84413998624466e-07	0.124930574680198	0.074	0.096	0.0196000766858673	c3	TOPORS
5.96423280661116e-07	0.184377327982037	0.16	0.198	0.0200028439868125	c3	DOCK10
6.00679571939287e-07	1.02736783242561	0.016	0.009	0.0201455914836998	c3	TRBV5-6
6.03611455940462e-07	0.123842818557287	0.03	0.043	0.0202439210093312	c3	TMEM42
6.19201247746611e-07	0.136472760436471	0.032	0.046	0.0207667714469258	c3	NAA35
6.24790700377375e-07	0.185536609491931	0.026	0.039	0.0209542305092564	c3	ZNF444
6.28767575948294e-07	0.237582141948844	0.021	0.032	0.0210876069621539	c3	TARS2
6.37513870687884e-07	0.129784015324672	0.03	0.043	0.0213809401951303	c3	RINL
6.39971791284135e-07	0.17933178668336	0.034	0.049	0.0214633739360873	c3	DGCR2
6.47291645381722e-07	0.977123257063293	0.034	0.024	0.0217088672028122	c3	SLC9A3
6.49972816597458e-07	0.255312367030208	0.086	0.111	0.0217987883230456	c3	MRPL32
6.56798159183353e-07	0.199104952587354	0.04	0.056	0.0220276966626913	c3	ANAPC4
6.57080418153206e-07	0.11948354313183	0.014	0.024	0.0220371630640222	c3	METTL25
6.57214852651783e-07	0.164100715631046	0.048	0.066	0.0220416717282355	c3	KDM5C
6.59991824744539e-07	0.138343315517863	0.126	0.157	0.0221348058182824	c3	CHRAC1
6.64093770121899e-07	0.270913706749887	0.037	0.052	0.0222723768623483	c3	PDK1
6.76415510719218e-07	0.115400014560138	0.2	0.241	0.0226856233985011	c3	DDX6
6.99700746388968e-07	0.28953996438178	0.029	0.043	0.0234665636323932	c3	GIPC1
7.07926328772533e-07	0.392797069002133	0.414	0.434	0.0237424332143732	c3	CLK1
7.23081454169238e-07	0.112098920224844	0.019	0.031	0.0242507058099279	c3	C6orf203
7.36870921071993e-07	0.164415785570512	0.104	0.13	0.0247131769509125	c3	PCED1B
7.52387140876625e-07	0.107025398265287	0.102	0.127	0.0252335599307202	c3	ISG20L2
7.61590781690641e-07	0.171508051084166	0.01	0.018	0.0255422316363407	c3	SUV39H1
7.63872552735364e-07	0.136744739721986	0.01	0.019	0.0256187576736386	c3	C10orf88
7.64506725032693e-07	0.149438356894116	0.035	0.05	0.0256400265441464	c3	LEMD2
8.15698518117202e-07	0.322256583324648	0.035	0.049	0.0273568969006147	c3	TRMU
8.26869465318783e-07	0.165102640389946	0.03	0.044	0.0277315481278614	c3	GMDS-DT
8.42905042091601e-07	0.559805843270567	0.032	0.046	0.0282693493016681	c3	SETD7
8.61156888594877e-07	0.208910184317451	0.036	0.051	0.028881479729695	c3	HYPK
8.71338805633695e-07	0.113708684865824	0.022	0.034	0.0292229608633429	c3	FBXL4
8.76295191256273e-07	0.128275213382552	0.018	0.028	0.0293891881243529	c3	TMEM161B-AS1
9.0532272634286e-07	0.2336584683737	0.416	0.411	0.0303627135960868	c3	RHOH
9.1802692182739e-07	0.151079006926131	0.019	0.03	0.030788786904247	c3	IFFO2
9.27524213158272e-07	0.134352181094463	0.02	0.031	0.0311073070609021	c3	SCRIB
9.30584058269365e-07	0.304666197861163	0.011	0.02	0.031209928146238	c3	USP13
9.37734957872432e-07	0.294314433552134	0.045	0.062	0.0314497550171256	c3	ARL14EP
9.40943829634125e-07	0.157331128768445	0.219	0.267	0.0315573741582693	c3	CLDND1
9.62535599779542e-07	0.217668743417728	0.018	0.029	0.0322815189454063	c3	PPP1R37
9.6721064543895e-07	0.19230258740921	0.079	0.101	0.0324383106267315	c3	AKT2
9.93634410304095e-07	0.165640324921862	0.087	0.11	0.0333245108527787	c3	DIP2A
9.9715296167854e-07	0.148824173539719	0.043	0.059	0.0334425160287749	c3	LRCH3
9.97444213453922e-07	0.228291363704231	0.115	0.144	0.0334522840308176	c3	MALT1
1.0090692276032e-06	0.386838755826123	0.047	0.064	0.0338421637553561	c3	ACSF3
1.01105669128997e-06	0.230016692983741	0.044	0.061	0.033908819312483	c3	FAM168B
1.03221535528589e-06	0.281687006625066	0.056	0.074	0.034618438585578	c3	REPS1
1.04621385581147e-06	0.121721703476073	0.021	0.032	0.0350879202962049	c3	THEM6
1.05876340030776e-06	0.136070006298849	0.088	0.111	0.0355088069195216	c3	RNF168
1.0619590908843e-06	0.367218602867295	0.042	0.058	0.0356159839900778	c3	HSD17B7
1.07620964112135e-06	0.225494044910968	0.032	0.046	0.0360939189439279	c3	ZNF226
1.09560063287314e-06	0.216860347481294	0.013	0.022	0.0367442540252993	c3	PNPLA4
1.12990748038465e-06	0.811072643135927	0.019	0.012	0.0378948370771403	c3	RNF157
1.16002808778939e-06	0.166041169286479	0.058	0.076	0.0389050220082807	c3	ZNF277
1.25182511131748e-06	0.955415180550438	0.04	0.03	0.0419837105833655	c3	ZNF862
1.25617372418902e-06	1.55753860176166	0.013	0.007	0.0421295543618513	c3	BTBD11
1.27733205997934e-06	0.337839106577142	0.264	0.246	0.0428391626275871	c3	TRAC
1.28777977451327e-06	0.183695271136859	0.141	0.174	0.043189558077626	c3	SNRNP200
1.3095771529909e-06	0.105192432825106	0.053	0.07	0.0439205985570088	c3	SPRTN
1.31683745779234e-06	0.1713692870148	0.081	0.103	0.0441640946594395	c3	BEX4
1.36180648894416e-06	0.196490499003518	0.032	0.046	0.0456722660262093	c3	GRAMD2B
1.36322256854019e-06	0.197252516982202	0.02	0.031	0.0457197585037009	c3	WDR60
1.37388979337035e-06	0.126698078222466	0.011	0.019	0.0460775158900549	c3	BORA
1.42325475947832e-06	0.417291573378217	0.339	0.348	0.0477331181233839	c3	NSA2
1.43271988641998e-06	0.177232076986948	0.066	0.086	0.0480505595507532	c3	ATXN7L3B
