p_val	avg_log2FC	pct.1	pct.2	p_val_adj	cluster	gene
0	5.52860088334378	0.984	0.077	0	c20	MZB1
0	6.08014250138174	0.926	0.035	0	c20	DERL3
0	6.47603857307967	0.85	0.057	0	c20	IGHG1
0	3.05524169317446	0.932	0.16	0	c20	FKBP11
0	7.11146547913051	0.821	0.049	0	c20	JCHAIN
0	3.56978277355944	0.877	0.129	0	c20	PRDX4
0	6.12588087755197	0.757	0.028	0	c20	IGHG3
0	1.5355199370388	0.839	0.133	0	c20	CD79A
0	6.48061833613846	0.688	0.014	0	c20	IGHG4
0	3.17904723333674	0.965	0.295	0	c20	XBP1
0	2.29247531924036	0.888	0.236	0	c20	FKBP2
0	2.49237859766538	0.882	0.243	0	c20	SEC11C
0	6.87913291856249	0.713	0.078	0	c20	IGKC
0	6.65294168699493	0.673	0.042	0	c20	IGHG2
0	6.12525128826059	0.649	0.019	0	c20	IGLL5
0	1.72501470955565	0.787	0.158	0	c20	ITM2C
0	1.85668744547027	0.885	0.28	0	c20	SSR3
0	2.89279981541996	0.653	0.057	0	c20	POU2AF1
0	4.09407244353675	0.594	0.025	0	c20	SPAG4
0	5.96463577049736	0.579	0.01	0	c20	JSRP1
0	1.8416073181637	0.722	0.157	0	c20	ERLEC1
0	6.49513506486364	0.569	0.014	0	c20	IGLV3-1
0	4.79799371774593	0.563	0.011	0	c20	SDC1
0	1.64113093972055	0.725	0.176	0	c20	LMAN1
0	1.49782000794088	0.776	0.228	0	c20	SELENOS
0	1.8847267741387	0.66	0.113	0	c20	PLPP5
0	5.85058689742216	0.554	0.009	0	c20	AC012236.1
0	1.25044431834873	0.778	0.245	0	c20	SDF2L1
0	1.53192591066229	0.657	0.13	0	c20	SELENOM
0	1.19581804944092	0.824	0.307	0	c20	SPCS3
0	1.22108099466902	0.774	0.258	0	c20	PIM2
0	1.08713101322451	0.874	0.36	0	c20	SPCS2
0	1.73053784046863	0.934	0.424	0	c20	HSP90B1
0	1.31669379221696	0.779	0.284	0	c20	MYDGF
0	5.96090142383423	0.493	0.008	0	c20	TNFRSF17
0	1.53149312515475	0.593	0.109	0	c20	ARSA
0	3.0062215577797	0.532	0.051	0	c20	GAS6
0	1.32493169925238	0.665	0.187	0	c20	MANF
0	1.51989534587913	0.592	0.114	0	c20	TXNDC15
0	1.04872000241982	0.679	0.202	0	c20	DNAJB9
0	4.5444436057703	0.483	0.012	0	c20	FCRL5
0	1.20270480061268	0.596	0.126	0	c20	TPD52
0	0.931245686458898	0.729	0.259	0	c20	KDELR1
0	0.884811062194631	0.723	0.255	0	c20	HM13
0	0.704068215710124	0.695	0.23	0	c20	TENT5C
0	1.927782313557	0.574	0.115	0	c20	RRBP1
0	1.30232076707991	0.572	0.121	0	c20	NUCB2
0	1.34399273537015	0.594	0.145	0	c20	CRELD2
0	1.27730987996144	0.646	0.202	0	c20	ANKRD28
0	0.829159193059914	0.709	0.265	0	c20	KDELR2
0	2.63044641822682	0.48	0.039	0	c20	CHPF
0	1.95188456155065	0.514	0.074	0	c20	CREB3L2
0	1.77365169135336	0.957	0.52	0	c20	HERPUD1
0	1.72291100161214	0.525	0.09	0	c20	ST6GAL1
0	0.801148802023813	0.663	0.23	0	c20	RPN2
0	0.917024095346177	0.717	0.285	0	c20	UBE2J1
0	1.54725746118335	0.54	0.111	0	c20	SEL1L
0	1.57991519802087	0.555	0.126	0	c20	TXNDC11
0	1.28226157870581	0.586	0.161	0	c20	HDLBP
0	1.75423926837712	0.55	0.128	0	c20	TRIB1
0	1.58947773801258	0.491	0.077	0	c20	MEI1
0	4.82170251104505	0.428	0.015	0	c20	TXNDC5
0	1.12417887935727	0.578	0.168	0	c20	PDIA4
0	0.586486504648074	0.622	0.223	0	c20	ELL2
0	6.64116837113125	0.446	0.048	0	c20	IGHA1
0	1.0332982479586	0.538	0.146	0	c20	SEC61A1
0	1.14854842354703	0.5	0.111	0	c20	KLF13
0	1.45730554637851	0.561	0.176	0	c20	H1FX
0	3.38347165251385	0.995	0.611	0	c20	SSR4
0	1.59619953128246	0.529	0.146	0	c20	TOR3A
0	1.22405202907218	0.482	0.099	0	c20	ZBP1
0	6.4097970944547	0.398	0.022	0	c20	IGLC2
0	0.984462855369039	0.492	0.122	0	c20	SEL1L3
0	0.707612408023953	0.737	0.367	0	c20	HSPA1B
0	0.681789625464978	0.534	0.167	0	c20	TMEM208
0	2.78022940316771	0.389	0.026	0	c20	CPNE5
0	1.52170973222196	0.439	0.077	0	c20	TP53INP1
0	0.761632005367844	0.488	0.128	0	c20	CD38
0	1.32368062091346	0.43	0.082	0	c20	SRPRB
0	7.38360825259125	0.374	0.03	0	c20	IGKV4-1
0	1.67656388071792	0.415	0.072	0	c20	SIL1
0	0.510969923330888	0.493	0.154	0	c20	LY96
0	0.735294623634542	0.44	0.101	0	c20	ICAM2
0	1.55715369077099	0.405	0.067	0	c20	SYVN1
0	1.19985598288786	0.427	0.091	0	c20	CHID1
0	5.98119805415602	0.336	0.004	0	c20	LINC02362
0	1.18378676831678	0.439	0.109	0	c20	SRM
0	1.69082078652363	0.438	0.108	0	c20	HIST1H1C
0	0.881953524121034	0.471	0.141	0	c20	FNDC3B
0	1.57725811253706	0.388	0.062	0	c20	C11orf24
0	0.768884169895512	0.442	0.119	0	c20	ALG5
0	1.58431010114419	0.41	0.087	0	c20	CPEB4
0	2.02288441644729	0.376	0.054	0	c20	SPATS2
0	2.12894831670212	0.36	0.044	0	c20	PDK1
0	0.437674617463742	0.451	0.141	0	c20	CD59
0	2.55340711186214	0.337	0.027	0	c20	PNOC
0	0.514303869141498	0.44	0.13	0	c20	HSH2D
0	7.17660589624963	0.31	0.002	0	c20	FAM92B
0	1.10032205045365	0.383	0.077	0	c20	SLAMF7
0	1.30185985805049	0.379	0.079	0	c20	RAB30
0	6.61869532797594	0.346	0.047	0	c20	IGKV3-20
0	6.29991435533602	0.318	0.019	0	c20	IGLC3
0	0.610967953635158	0.436	0.138	0	c20	ERN1
0	2.24132102057469	0.324	0.031	0	c20	COBLL1
0	2.43279699107917	0.334	0.043	0	c20	PTP4A3
0	1.58476502138831	0.348	0.057	0	c20	GMPPB
0	0.859856111765604	0.382	0.1	0	c20	PECAM1
0	7.71795624563713	0.291	0.011	0	c20	IGLV6-57
0	0.738076372546879	0.384	0.105	0	c20	PREB
0	1.33275908248673	0.34	0.061	0	c20	ST6GALNAC4
0	0.859107520747644	0.383	0.106	0	c20	FNDC3A
0	1.14133674144146	0.365	0.089	0	c20	EIF2AK4
0	1.22263804163112	0.346	0.072	0	c20	BSCL2
0	2.64424517860133	0.297	0.028	0	c20	SLC17A9
0	0.523997188622629	0.373	0.106	0	c20	CCPG1
0	1.61004161782032	0.312	0.047	0	c20	BLNK
0	1.37282761284025	0.314	0.051	0	c20	CKAP4
0	0.688037767518855	0.365	0.104	0	c20	CALU
0	1.01922880907813	0.322	0.062	0	c20	GNG7
0	1.5030368461279	0.318	0.059	0	c20	CLPTM1L
0	1.22064185270286	0.335	0.079	0	c20	CLIC4
0	3.55483801909338	0.269	0.014	0	c20	PYCR1
0	1.92423376889799	0.282	0.034	0	c20	MANEA
0	2.40417656453203	0.26	0.014	0	c20	MEF2B
0	1.71877482441311	0.28	0.035	0	c20	SLC38A5
0	0.641274233912803	0.325	0.081	0	c20	TAPBPL
0	1.22654973821259	0.298	0.057	0	c20	FAM174A
0	7.14916970357765	0.242	0.002	0	c20	IGHGP
0	7.34941016763594	0.241	0.001	0	c20	DPEP1
0	1.99703476780407	0.288	0.048	0	c20	LINC01480
0	1.21492442578308	0.309	0.07	0	c20	EAF2
0	0.600962494084301	0.305	0.067	0	c20	TSPAN13
0	0.786030414899153	0.319	0.082	0	c20	SLC39A7
0	1.19891174634759	0.277	0.044	0	c20	CADM1
0	2.1868113188159	0.256	0.023	0	c20	AC078883.1
0	0.956436084340244	0.299	0.073	0	c20	SEC24A
0	1.01553705968516	0.3	0.074	0	c20	HIST1H2AC
0	2.52692519673092	0.256	0.033	0	c20	FAM30A
0	2.26862808162029	0.251	0.028	0	c20	U62317.5
0	1.31416618997078	0.263	0.041	0	c20	HSD17B8
0	0.891244172378202	0.278	0.06	0	c20	HSPA13
0	2.34369111113932	0.242	0.024	0	c20	ITGA6
0	3.38143534254174	0.231	0.013	0	c20	AL133467.1
0	0.971525453144447	0.29	0.073	0	c20	SEC24D
0	4.63266521229995	0.22	0.005	0	c20	AC007569.1
0	1.52331121168127	0.242	0.028	0	c20	LINC02384
0	3.48739696621939	0.226	0.013	0	c20	CHAC1
0	7.28373573556805	0.233	0.021	0	c20	IGKV3-15
0	6.4798216862758	0.234	0.022	0	c20	IGHA2
0	3.60659867516677	0.219	0.008	0	c20	AC104699.1
0	2.93082936712791	0.224	0.015	0	c20	RASSF6
0	2.46427494848702	0.233	0.024	0	c20	STARD5
0	3.09470628332892	0.221	0.015	0	c20	TRAM2
0	6.36510800704797	0.211	0.005	0	c20	IGKV3OR2-268
0	1.94866937140837	0.243	0.039	0	c20	CHST2
0	7.27112171992112	0.24	0.036	0	c20	IGLV2-14
0	1.10873020605898	0.25	0.048	0	c20	HYI
0	6.75358418417531	0.219	0.019	0	c20	IGKV1-5
0	0.878124998125816	0.246	0.051	0	c20	IFNAR2
0	3.39706443855332	0.199	0.01	0	c20	TMEM45A
0	1.43253385831881	0.223	0.035	0	c20	MCEE
0	2.6984347994038	0.211	0.023	0	c20	BHLHE41
0	0.924874208416214	0.242	0.055	0	c20	B4GALT7
0	1.82547869771473	0.225	0.038	0	c20	HIST1H2BC
0	3.0739052652338	0.197	0.013	0	c20	GAB1
0	1.78725324770736	0.213	0.029	0	c20	CEP128
0	0.967447851145134	0.233	0.051	0	c20	TMEM214
0	2.30752782974944	0.208	0.026	0	c20	CDK14
0	1.48294937101992	0.211	0.029	0	c20	C11orf80
0	3.60716021261999	0.212	0.03	0	c20	DNAAF1
0	5.13722221961916	0.183	0.003	0	c20	KCNN3
0	6.68792709050209	0.192	0.012	0	c20	IGHV4-34
0	1.19470706092422	0.215	0.036	0	c20	MAGED1
0	1.08273179413092	0.219	0.04	0	c20	CFL2
0	4.17108819575649	0.184	0.007	0	c20	IGF1
0	4.03717851847366	0.181	0.006	0	c20	B9D1
0	6.5232509414235	0.17	0.003	0	c20	IGKV3D-20
0	2.49245704698504	0.179	0.013	0	c20	COL9A3
0	7.13121906028036	0.182	0.017	0	c20	IGHV4-39
0	5.8348568651212	0.184	0.021	0	c20	IGKV3-11
0	5.85564254780173	0.164	0.002	0	c20	SMPDL3B
0	7.4060703758436	0.179	0.018	0	c20	IGHV3-23
0	1.45683231795255	0.191	0.031	0	c20	CHST15
0	1.01695750048049	0.191	0.035	0	c20	BIK
0	7.16284562214587	0.169	0.014	0	c20	IGLV2-8
0	2.91277290332834	0.168	0.015	0	c20	PARM1
0	3.43343759911037	0.159	0.006	0	c20	CAV1
0	2.95302689764051	0.161	0.009	0	c20	LINC02576
0	3.64257521933143	0.158	0.007	0	c20	PKHD1L1
0	1.3297713443685	0.177	0.027	0	c20	P2RX1
0	6.97047574703143	0.159	0.011	0	c20	IGHV3-7
0	7.17234740676796	0.17	0.023	0	c20	IGLV1-40
0	7.52793424754904	0.16	0.015	0	c20	IGKV1-39
0	7.06917431107788	0.159	0.014	0	c20	IGKV1-12
0	7.86939945265437	0.151	0.007	0	c20	IGHV4-61
0	4.86118248686239	0.146	0.003	0	c20	HID1
0	2.30504310264576	0.152	0.012	0	c20	AC008014.1
0	1.64265297204046	0.162	0.023	0	c20	CASP10
0	1.90867847929659	0.162	0.023	0	c20	HIST1H2BJ
0	7.09403593651265	0.157	0.019	0	c20	IGLV1-44
0	2.42629939383845	0.15	0.014	0	c20	CERCAM
0	2.08823578760686	0.147	0.011	0	c20	IFNG-AS1
0	2.09792463420156	0.15	0.015	0	c20	E2F5
0	2.9578487598451	0.143	0.008	0	c20	PAIP2B
0	7.38708977190342	0.143	0.009	0	c20	IGKV1D-39
0	7.64125081277403	0.144	0.011	0	c20	IGLV2-11
0	8.07532779816431	0.134	0.002	0	c20	IGKV3D-11
0	1.28567231055526	0.155	0.023	0	c20	CRACR2B
0	8.83518444770562	0.132	0.002	0	c20	IGKV1D-13
0	3.83124213150986	0.134	0.005	0	c20	C2orf88
0	6.86541127186731	0.143	0.014	0	c20	IGLV2-23
0	1.51883190627453	0.149	0.022	0	c20	PGM3
0	6.70580703713894	0.129	0.005	0	c20	IGHV6-1
0	7.44897481004034	0.125	0.002	0	c20	IGHV4-4
0	3.96919802860358	0.125	0.004	0	c20	LMTK3
0	6.31067336249618	0.128	0.008	0	c20	IGKV1-17
0	8.29141819169878	0.119	0.001	0	c20	IGKV1D-12
0	1.85098356019687	0.13	0.013	0	c20	BEX5
0	1.40723035190094	0.135	0.02	0	c20	AC012368.1
0	7.5107402534361	0.126	0.011	0	c20	IGHV4-59
0	7.81845003499594	0.13	0.015	0	c20	IGLV3-19
0	6.7605307107205	0.115	0.001	0	c20	AF127936.2
0	8.09426118710142	0.121	0.007	0	c20	IGKV1-9
0	1.4676302943922	0.128	0.017	0	c20	FCRL2
0	1.90747926877644	0.127	0.016	0	c20	SSPN
0	7.98498593980844	0.113	0.003	0	c20	IGKV3D-15
0	2.18819859770794	0.125	0.015	0	c20	DENND5B
0	2.74645988832255	0.119	0.01	0	c20	PDIA5
0	2.2482977605321	0.121	0.013	0	c20	TBCEL
0	2.05410233185331	0.122	0.015	0	c20	PHGDH
0	8.78202631962409	0.11	0.003	0	c20	IGKV1D-33
0	2.66217627170223	0.114	0.008	0	c20	WFS1
0	2.60288800380403	0.114	0.008	0	c20	KDELR3
0	6.18746972127586	0.11	0.004	0	c20	IGKV1-6
0	4.57089172779111	0.107	0.002	0	c20	TAS1R3
0	7.88874740843964	0.108	0.003	0	c20	IGKV1D-8
0	7.42921957068761	0.112	0.007	0	c20	IGHV4-31
0	3.33658161954817	0.108	0.004	0	c20	ATAD3C
0	2.09836556959903	0.112	0.009	0	c20	SERPINI1
0	7.83596122943987	0.11	0.007	0	c20	IGKV1-27
0	7.27589419850529	0.109	0.008	0	c20	IGLV1-47
0	7.6418731752295	0.103	0.004	0	c20	IGHV4-28
0	2.15888909178558	0.105	0.01	0	c20	PIK3CD-AS2
0	2.76018146741716	0.099	0.005	0	c20	DEPP1
0	6.92009993126439	0.099	0.007	0	c20	IGHV1-2
0	3.08290337436712	0.096	0.004	0	c20	BRSK1
0	7.75235699248155	0.095	0.003	0	c20	AC233755.1
0	6.91507053098345	0.101	0.011	0	c20	IGHV1-18
0	8.99425494275188	0.088	0.001	0	c20	IGKV3D-7
0	6.16488493286138	0.088	0.001	0	c20	LINC01484
0	7.13507540827984	0.091	0.005	0	c20	IGHV3-53
0	7.76691282074945	0.088	0.005	0	c20	IGHV3-33
0	3.69501003592067	0.085	0.003	0	c20	CNKSR1
0	5.36468193595496	0.083	0.001	0	c20	SCNN1B
0	6.43239092416659	0.087	0.005	0	c20	IGHV3-11
0	6.73435278629167	0.09	0.008	0	c20	IGHV3-48
0	2.72212404729764	0.09	0.01	0	c20	HIST1H2BG
0	3.8045337157635	0.083	0.003	0	c20	CCR10
0	6.70049222195681	0.088	0.008	0	c20	IGHV2-5
0	4.73414836150895	0.081	0.002	0	c20	ALDH1L2
0	2.07513817525322	0.087	0.008	0	c20	NUGGC
0	3.04727568782924	0.083	0.005	0	c20	SCAMP5
0	7.28097718952197	0.083	0.006	0	c20	IGHV3-73
0	8.14223626472369	0.076	0.003	0	c20	IGHV1-24
0	8.92846000248428	0.075	0.003	0	c20	IGKV1D-16
0	3.11172224038501	0.076	0.004	0	c20	H1FX-AS1
0	5.09705113062283	0.073	0.002	0	c20	MIXL1
0	6.53345083914718	0.074	0.004	0	c20	IGKV1-16
0	3.45027534698779	0.074	0.004	0	c20	ZNF215
0	3.74044299333837	0.07	0.002	0	c20	ELFN1-AS1
0	7.66888127262384	0.069	0.003	0	c20	IGKV2D-28
0	3.17357650157381	0.07	0.005	0	c20	ABCB9
0	6.52630778583507	0.065	0.001	0	c20	IGKV1D-27
0	4.5318620934722	0.064	0.002	0	c20	CLDN14
0	4.02923514456917	0.062	0.002	0	c20	TMEM56
0	3.95719018980367	0.063	0.003	0	c20	AC026202.2
0	6.78322310667946	0.06	0.001	0	c20	IGKV1D-17
0	3.4086754864241	0.061	0.002	0	c20	PRSS16
0	4.8588100514362	0.059	0.001	0	c20	FBXO16
0	2.16549506648008	0.062	0.004	0	c20	TSHR
0	7.60557877617279	0.061	0.004	0	c20	IGKV2-28
0	7.7740958010553	0.061	0.004	0	c20	IGKV1-33
0	6.51530415396159	0.058	0.002	0	c20	IGKV1-8
0	5.34488746911057	0.056	0.001	0	c20	C3orf70
0	7.14980780429758	0.053	0	0	c20	LINC00582
0	7.89430696549214	0.054	0.002	0	c20	IGHV3-20
0	6.24215101978804	0.055	0.003	0	c20	IGLV3-9
0	6.64391722229087	0.052	0.001	0	c20	IGHV4-55
0	4.19062206258814	0.052	0.002	0	c20	AC106882.1
0	6.40780319361882	0.049	0	0	c20	LINC00525
0	6.44163169979841	0.049	0.001	0	c20	IGKV3-7
0	6.91518603382302	0.05	0.002	0	c20	IGKV2D-30
0	3.15314751396144	0.05	0.002	0	c20	KIF19
0	6.44327721800721	0.047	0	0	c20	LINC01485
0	5.04659151080107	0.047	0.001	0	c20	AL591518.1
0	6.22976132346143	0.047	0.002	0	c20	IGKV1D-43
0	2.68010514798828	0.045	0.002	0	c20	C15orf65
0	7.39766374982251	0.043	0	0	c20	IGLV5-48
0	7.06763808487976	0.042	0.001	0	c20	IGLV5-52
0	6.12252313971402	0.04	0	0	c20	AC104248.1
0	3.4003165364501	0.042	0.002	0	c20	AC087280.2
0	6.48485831284342	0.04	0	0	c20	IGLV1-50
0	8.03895348917233	0.039	0	0	c20	IGKV1D-37
0	4.96751452942866	0.039	0.001	0	c20	GNB3
0	6.59528920748595	0.037	0	0	c20	ITGA8
0	6.20221397335913	0.036	0	0	c20	AMPD1
0	6.62124575652176	0.035	0	0	c20	BHLHA15
0	6.26870405502773	0.033	0	0	c20	C4B
0	7.86937754911621	0.032	0	0	c20	IGLV1-41
0	4.49518419939925	0.03	0	0	c20	C4A
0	8.0115103981322	0.029	0	0	c20	DUSP26
0	5.8355421366457	0.027	0	0	c20	IGHJ4
0	6.89644021394786	0.026	0	0	c20	IGKV1-13
0	4.27570406134318	0.027	0.001	0	c20	AC109597.2
0	5.525048336902	0.024	0	0	c20	FRZB
0	6.81389815447229	0.022	0	0	c20	IGHV3-69-1
0	4.79271671575615	0.022	0	0	c20	DCC
0	6.54611181918507	0.02	0	0	c20	AC023796.2
0	7.70788664112166	0.017	0	0	c20	MYF6
0	7.32869331520135	0.017	0	0	c20	FRGCA
1.58454775147114e-306	0.571653805932952	0.335	0.093	5.3142562488839e-302	c20	BET1L
3.08067304695457e-306	1.33121419005668	0.149	0.024	1.03319612648762e-301	c20	PSAT1
7.46970846786054e-306	5.14043880978869	0.036	0.001	2.50519082595107e-301	c20	IGKV2-26
1.98104317291919e-305	0.770555385714906	0.244	0.056	6.64402259333639e-301	c20	WIPI1
4.64351386140832e-301	0.393475992954744	0.547	0.191	1.55734167883912e-296	c20	DNAJC1
1.2056674471455e-300	0.691793466234497	0.285	0.073	4.04356748423658e-296	c20	HMCES
5.55744968180372e-300	0.607741453039144	0.247	0.058	1.86385747428333e-295	c20	RALGPS2
1.75016536195944e-299	8.12635765785674	0.017	0	5.86970459093956e-295	c20	IGHV3-16
1.15788899801852e-298	8.06649503707674	0.036	0.001	3.88332812155451e-294	c20	IGHV3-64D
5.67764691409557e-298	3.3062405901322	0.046	0.002	1.90416922204937e-293	c20	SIX5
1.38070211650003e-292	2.73400054132586	0.047	0.003	4.63059875831779e-288	c20	TMC3-AS1
2.92819241293753e-289	1.79250611680625	0.076	0.007	9.82057171450988e-285	c20	FAM27C
5.96224371539689e-289	0.411100810123987	0.416	0.131	1.99961729726981e-284	c20	MBNL2
2.92062812209481e-287	6.28654283479692	0.044	0.002	9.79520259588157e-283	c20	IGHV1-69
1.53913094488652e-284	7.15994334550467	0.083	0.009	5.16193736296042e-280	c20	IGHV3-30
1.88489257210652e-282	0.682234420461966	0.273	0.071	6.32155270833083e-278	c20	BET1
3.57199534246947e-282	4.26001301735569	0.029	0.001	1.19797579795741e-277	c20	CADPS2
7.04504643225099e-281	6.57522628004797	0.09	0.011	2.36276767244834e-276	c20	IGHV3-21
1.44074429957251e-280	0.125556213937055	0.378	0.113	4.83196823190629e-276	c20	CD79B
2.81554300836226e-280	0.11932579077784	0.427	0.134	9.44276814144534e-276	c20	LIME1
2.10313806766771e-278	7.6422408334724	0.052	0.003	7.05350445134396e-274	c20	IGHV3-43
2.38063087889007e-278	0.596223454410058	0.272	0.071	7.98415984162153e-274	c20	TM9SF1
1.30064705996462e-277	1.59040617814382	0.091	0.011	4.36211010970933e-273	c20	PCAT6
8.95877607038776e-277	0.542867251748092	0.671	0.266	3.00459431848665e-272	c20	TMED9
3.47976975135156e-276	0.593914897417082	0.306	0.086	1.16704517920829e-271	c20	NCLN
3.30203276541669e-275	1.12804107255689	0.281	0.077	1.10743574886545e-270	c20	PRPSAP2
9.00075490029256e-275	1.55030941423525	0.136	0.023	3.01867317846012e-270	c20	ALG14
6.9145050519419e-274	0.577353676773609	0.739	0.313	2.31898670432028e-269	c20	TRAM1
9.27953010790827e-273	2.58419759228553	0.046	0.003	3.11216880759028e-268	c20	ANKRD53
1.35538942555531e-272	7.73343395488103	0.022	0	4.54570505542741e-268	c20	IGKV1OR2-108
1.6202284362176e-271	0.278993096881138	0.498	0.174	5.43392212938659e-267	c20	TPST2
3.24294499482928e-271	0.820562745356008	0.246	0.062	1.08761889236585e-266	c20	GMPPA
1.53519763565183e-270	1.12145534704935	0.188	0.04	5.1487458304491e-266	c20	AARS
2.3422601925236e-269	7.39002990677916	0.043	0.002	7.85547223368566e-265	c20	IGKV2-24
3.64365632743067e-265	0.731675063384363	0.34	0.104	1.2220094590937e-260	c20	EIF2AK3
4.682440030811e-265	2.69696063121577	0.063	0.005	1.57039673753339e-260	c20	TXLNB
2.40861206287733e-264	1.05593722948045	0.166	0.033	8.07800313647798e-260	c20	HLA-DOB
2.40513520369837e-262	1.48197490501572	0.066	0.006	8.06634244616359e-258	c20	IL5RA
2.10116664171931e-261	1.45664567585883	0.163	0.032	7.04689268299824e-257	c20	RHBDD1
9.17888958129972e-261	7.18639491441631	0.032	0.001	3.0784159877763e-256	c20	IGLV1-36
1.46807771483891e-259	0.316868249210902	0.554	0.206	4.92363904002673e-255	c20	DERL1
1.79481285025843e-258	0.378152532689237	0.343	0.105	6.01944333719671e-254	c20	B4GALT3
7.31119455216648e-258	4.04843040728247	0.032	0.001	2.45202842890559e-253	c20	SLC6A9
2.34608338698973e-257	0.532100253504069	0.673	0.276	7.86829446328614e-253	c20	ERGIC3
1.70965822829965e-256	0.634297464248946	0.86	0.427	5.73385176607135e-252	c20	RABAC1
3.61382493997499e-256	0.977630298866038	0.209	0.049	1.21200460836881e-251	c20	METTL7A
5.83409018221689e-256	0.648681299919198	0.203	0.046	1.9566371653119e-251	c20	LAX1
5.17147247701632e-255	0.373538855023129	0.455	0.16	1.73440843934173e-250	c20	SAR1B
4.07873543029397e-253	4.83619586526243	0.022	0	1.36792628861199e-248	c20	AL360181.3
9.4599365987843e-253	7.13474367295114	0.078	0.009	3.17267353650028e-248	c20	IGLV3-21
1.54539052359082e-251	1.15954524953511	0.123	0.02	5.18293073801889e-247	c20	NAPA-AS1
2.30057003433941e-250	1.86824026445045	0.085	0.01	7.7156517811675e-246	c20	FICD
5.33237901998121e-250	0.417219761987081	0.352	0.111	1.7883732757213e-245	c20	SLC38A10
1.38143011141358e-249	3.03250023584687	0.043	0.003	4.63304030765886e-245	c20	AC021678.2
2.08515253138663e-249	0.397004456405806	0.427	0.147	6.99318455976449e-245	c20	NANS
2.5681097610457e-249	9.08344228900643	0.029	0.001	8.61292651659507e-245	c20	IGLV4-60
5.36686811050511e-249	6.6983593570303	0.098	0.014	1.7999402269012e-244	c20	IGHV1-69D
4.46331069648267e-248	0.2803216858122	0.376	0.122	1.49690514138636e-243	c20	WDR45
2.81464020616142e-245	0.672407387451672	0.203	0.048	9.43974032342419e-241	c20	FBH1
2.707365330199e-240	6.5209401689872	0.069	0.007	9.07996184442142e-236	c20	IGKV2-30
3.77747150743862e-240	0.664900832129371	0.259	0.072	1.26688839416477e-235	c20	HIST1H2BK
9.74697743660863e-237	0.321112621026541	0.546	0.21	3.2689412926898e-232	c20	SEC14L1
2.27702974695987e-235	5.28434273303643	0.024	0.001	7.63670236535401e-231	c20	AC233755.2
2.67296566915162e-235	4.04242118322933	0.023	0.001	8.96459226120071e-231	c20	NCMAP
2.14938940778273e-233	0.504294812238835	0.343	0.112	7.20862219582172e-229	c20	SLC50A1
2.77314194337513e-233	0.335195047994258	0.477	0.177	9.30056344969152e-229	c20	ZBTB38
1.47196083619156e-231	3.92953869620172	0.034	0.002	4.93666225241926e-227	c20	AP002852.1
1.78550923712158e-231	0.205697219317017	0.43	0.152	5.98824087945837e-227	c20	ERGIC2
1.16904859834802e-230	0.681960098057214	0.294	0.09	3.9207551891396e-226	c20	MAN1A1
1.8932136406967e-230	0.488300744571122	0.238	0.064	6.3494599081686e-226	c20	TMEM39A
4.63438859265549e-230	0.518857134018704	0.247	0.069	1.5542812462048e-225	c20	YIPF2
4.69000117937693e-230	1.32664705792958	0.097	0.014	1.57293259553943e-225	c20	KHK
3.25301733071758e-229	4.92140631417708	0.014	0	1.09099695237606e-224	c20	IGLV3-6
8.75901347634225e-229	0.586241705952528	0.231	0.062	2.93759793969566e-224	c20	IFI27L1
1.15060481830234e-225	5.55719042661534	0.032	0.002	3.85889843962238e-221	c20	IGLV5-45
2.6524314664619e-223	0.30263325929067	0.12	0.021	8.89572465221992e-219	c20	MDK
4.67175009287764e-222	0.653214315123921	0.289	0.089	1.5668115461493e-217	c20	FBXW7
1.12810961302154e-221	5.83369348697553	0.015	0	3.78345402015163e-217	c20	IGKV1D-42
5.9889247995903e-220	2.54172162348467	0.048	0.004	2.0085655992866e-215	c20	AL354707.1
5.86497327630933e-215	7.06232318898352	0.014	0	1.96699473740862e-210	c20	IGKV1D-22
1.98178882249956e-214	5.54723183313448	0.017	0	6.64652335289904e-210	c20	IGHV3-71
4.08939057557546e-213	7.10803028790954	0.016	0	1.3714998112365e-208	c20	IGKV1D-35
1.14866613519074e-212	0.362050708606958	0.64	0.271	3.85239648420272e-208	c20	RPN1
2.46247501763918e-212	0.779080690408259	0.819	0.46	8.25864871415826e-208	c20	BTG2
3.97994755447132e-212	0.890437460985647	0.296	0.096	1.33479481081859e-207	c20	SIK1B
7.03200155180396e-212	7.35313656598658	0.011	0	2.35839268044401e-207	c20	AL353753.1
3.21900149817915e-210	0.442463576405037	0.803	0.367	1.07958872245932e-205	c20	P4HB
6.41325739778718e-210	4.8081947679624	0.016	0	2.15087826606987e-205	c20	OVOL3
8.68831566005752e-210	7.53102319857455	0.029	0.001	2.91388730607009e-205	c20	IGLV9-49
1.20812884076373e-209	0.76230052391025	0.145	0.031	4.05182250615341e-205	c20	C16orf74
5.30067317861979e-209	2.19692570719098	0.06	0.006	1.77773977064551e-204	c20	TRPV3
3.96434697381292e-208	0.326640780992303	0.71	0.416	1.32956268807738e-203	c20	HSPA1A
1.02685760294899e-207	0.731390454341994	0.133	0.027	3.44387502877031e-203	c20	GSTM2
1.20739629551721e-207	1.2445585036166	0.126	0.025	4.0493656959056e-203	c20	LARP1B
2.82829064898979e-207	0.398912140738331	0.301	0.098	9.48552117858195e-203	c20	SCYL1
5.48635600562482e-206	5.27426154471004	0.023	0.001	1.84001407716645e-201	c20	IGHJ6
5.18747583092541e-205	0.659658394403496	0.861	0.478	1.73977564417576e-200	c20	SPCS1
6.9171975072267e-205	2.27107544834258	0.051	0.005	2.31988969997369e-200	c20	COL4A4
7.44527732416376e-205	7.02306582725046	0.053	0.005	2.49699710897804e-200	c20	IGHV3-66
3.13339898287352e-203	1.68566933999734	0.038	0.003	1.05087935087612e-198	c20	CTHRC1
7.0009149227967e-203	6.37220244638127	0.014	0	2.34796684680756e-198	c20	IGHJ5
7.59977517303005e-203	4.56930022336128	0.212	0.061	2.54881259753082e-198	c20	IGHM
2.70876526433552e-202	5.67059203230131	0.013	0	9.08465694352845e-198	c20	AL731684.1
4.81632741622249e-200	0.322464871082385	0.398	0.147	1.6152998888527e-195	c20	MEF2C
5.18541725283605e-200	0.2389544504861	0.625	0.265	1.73908523825616e-195	c20	MRPS24
9.46246177135677e-200	1.48702630406907	0.1	0.017	3.17352042887763e-195	c20	FKBP14
1.29459269704234e-198	0.225790104268772	0.246	0.073	4.3418049873406e-194	c20	MRPS31
2.0972097633417e-198	9.26072357222119	0.018	0	7.03362210429539e-194	c20	IGKV6-21
3.78629996502195e-198	0.898840465175674	0.212	0.06	1.26984928226906e-193	c20	KCNK6
1.6556945490091e-197	0.200185721889928	0.549	0.222	5.5528683784667e-193	c20	AKR1A1
2.00081264326428e-197	0.388969072059682	0.738	0.338	6.71032544297975e-193	c20	PDIA6
1.47642605407783e-196	11.1271353177845	0.012	0	4.95163770016623e-192	c20	IGLV2-33
2.13937953756228e-196	8.05938783113197	0.04	0.003	7.17505109307638e-192	c20	IGKV2-29
2.49742381160957e-196	0.135810882490865	0.386	0.14	8.37585997937618e-192	c20	GORASP2
2.30271220666221e-195	2.82962921981774	0.036	0.002	7.72283619870371e-191	c20	ACOXL
1.38435816521045e-194	0.678752763955433	0.202	0.055	4.64286041448281e-190	c20	NXPE3
1.64461124305643e-194	0.659224610773748	0.095	0.016	5.51569718696264e-190	c20	SMIM1
6.46384181781759e-194	0.166823762033462	0.359	0.128	2.16784326885966e-189	c20	TMEM205
1.1617460580184e-192	2.43253552374442	0.049	0.004	3.89626392938213e-188	c20	AC106897.1
1.13496914922412e-191	7.54257916294405	0.051	0.005	3.80645953266785e-187	c20	IGKV2D-29
6.94084144012208e-191	0.460104283243294	0.318	0.111	2.32781940218814e-186	c20	GADD45A
7.17250763635923e-191	4.68259035016251	0.014	0	2.40551561108216e-186	c20	TPTE2
4.75861142573136e-190	3.97052065828551	0.027	0.001	1.59594309996178e-185	c20	MIR193BHG
1.0559133049034e-189	0.315016348855602	0.266	0.085	3.54132204198501e-185	c20	EDEM2
1.27119901307745e-189	0.363679726802886	0.733	0.336	4.26334725005917e-185	c20	TMED2
5.11400904572455e-189	6.13624761901716	0.027	0.001	1.7151363537551e-184	c20	IGHV3-13
5.97108693180793e-189	0.111980807935805	0.404	0.152	2.00258313518974e-184	c20	YIPF3
1.52625672409011e-188	0.487098998941665	0.173	0.044	5.11875980125342e-184	c20	TLE1
1.71668635092847e-188	2.54156976450718	0.032	0.002	5.75742268374392e-184	c20	ADM2
2.98958093319196e-188	0.722010781302113	0.137	0.03	1.00264565337392e-183	c20	ASNS
3.73512007243075e-188	0.327474668004021	0.744	0.34	1.25268456989182e-183	c20	TMED10
3.07003623752035e-187	0.27739419240599	0.477	0.191	1.02962875333957e-182	c20	SEC13
3.48414242321456e-187	0.318460130567097	0.647	0.293	1.1685116858977e-182	c20	GLRX
1.00528767796994e-186	0.4211680103941	0.171	0.043	3.37153381437558e-182	c20	SLC25A4
2.67266838262275e-186	3.4097967683825	0.021	0.001	8.96359522164017e-182	c20	AL590666.2
3.92764766764411e-186	7.49252839951889	0.057	0.006	1.31725447477448e-181	c20	IGLV8-61
1.10042779737712e-184	5.1965932497866	0.018	0	3.69061474684337e-180	c20	AC025031.1
2.00327103807187e-184	7.6227553027356	0.073	0.01	6.71857040748545e-180	c20	IGHV1-46
1.42314079709224e-183	0.306955631125902	0.302	0.104	4.77292960528795e-179	c20	ARMCX3
1.75651365272385e-183	6.57096769688569	0.013	0	5.89099548850525e-179	c20	IGHV1OR15-2
4.39667632144578e-182	0.310103930991459	0.587	0.26	1.47455730468648e-177	c20	PRDM1
1.61840640516085e-181	8.97135707181042	0.017	0	5.42781140162847e-177	c20	IGKV2D-24
1.79415785180529e-180	1.09632848759465	0.149	0.036	6.01724660338459e-176	c20	LINC00877
1.47964825843636e-179	0.219989394562233	0.272	0.09	4.96244432914387e-175	c20	EBAG9
5.14580736993876e-179	1.25474689037568	0.093	0.016	1.72580087573006e-174	c20	CARMIL1
3.85519404354277e-178	4.44676504469757	0.016	0	1.29295497832337e-173	c20	CNTN4
1.24093985215915e-177	5.65895588474075	0.033	0.002	4.16186407617135e-173	c20	IGLVI-70
1.90384512973254e-177	0.800245674011034	0.148	0.036	6.38511579609701e-173	c20	TCN2
2.35927984706038e-174	1.47378543977077	0.132	0.03	7.91255275107109e-170	c20	LRRK1
1.29154923634265e-173	5.14239193312966	0.014	0	4.33159782884597e-169	c20	PITPNM2-AS1
5.88510872311968e-173	4.83132030130019	0.013	0	1.97374776355988e-168	c20	CCL25
2.15818359754608e-172	7.18381291908489	0.113	0.024	7.23811614945006e-168	c20	IGLV1-51
2.08280378685835e-171	0.681556011175799	0.146	0.036	6.98530734036555e-167	c20	CPTP
3.71728764557525e-171	1.15448404584423	0.293	0.115	1.24670393057303e-166	c20	HSPA6
5.12279356438706e-171	0.194769931203932	0.288	0.1	1.71808250562413e-166	c20	ARL1
8.11532052458082e-171	1.78673404429401	0.052	0.006	2.72171619753391e-166	c20	RWDD2A
1.69095448701565e-170	0.406523257872013	0.229	0.072	5.6711231585531e-166	c20	GEMIN7
1.64244238212916e-169	0.572560642105536	0.89	0.521	5.50842326118478e-165	c20	TMEM258
1.73957009658921e-169	0.213306860402207	0.653	0.295	5.83417018994088e-165	c20	UFM1
1.11311981051952e-168	0.190120661034287	0.558	0.243	3.73318122052036e-164	c20	VOPP1
1.47164423840605e-168	0.438915906556381	0.823	0.431	4.93560044676619e-164	c20	TMEM59
1.66172816982854e-168	4.21974699464439	0.015	0	5.57310393597094e-164	c20	IGLC6
1.71739418813718e-167	2.40796939680824	0.044	0.004	5.75979662817449e-163	c20	SLCO5A1
3.58142815363323e-167	0.149622226183142	0.305	0.109	1.20113937416551e-162	c20	IFT20
8.07140218435842e-167	5.57764657313849	0.01	0	2.70698686459013e-162	c20	IGLV11-55
5.54538593274581e-166	4.12699808713919	0.015	0	1.85981153412429e-161	c20	CRYBA4
2.39104401053456e-165	0.336258263515882	0.529	0.231	8.0190834025308e-161	c20	ACADVL
3.94108421392298e-164	0.159853411690365	0.376	0.146	1.32176082366549e-159	c20	ZNF593
1.21697665531105e-163	0.262763784483321	0.418	0.17	4.08149630658221e-159	c20	LRRC59
1.51718885647889e-163	6.55956509973958	0.013	0	5.08834798685891e-159	c20	IGKV2D-26
2.60280554823026e-162	0.311659373149014	0.68	0.317	8.72928924765465e-158	c20	OSTC
6.13848759007748e-162	6.66863237460912	0.013	0	2.05872596796018e-157	c20	IGKV2-18
1.66829975810907e-161	0.3452910807816	0.247	0.082	5.59514372874619e-157	c20	PLCG2
1.97890090786937e-161	0.388924135206174	0.195	0.058	6.63683786481229e-157	c20	CYHR1
1.96877704899163e-160	4.19935301401109	0.014	0	6.60288446690813e-156	c20	ARX
2.28681063351537e-160	0.295009430173403	0.185	0.054	7.66950550268384e-156	c20	C1GALT1C1
9.96837739449866e-160	1.38706905111739	0.078	0.013	3.34319441056696e-155	c20	ICAM4
1.98402240723772e-159	0.659164023213187	0.207	0.064	6.65401434939388e-155	c20	DENND6B
2.54582226620519e-159	0.189329836761353	0.356	0.138	8.53817871639897e-155	c20	ADA2
4.93851702497687e-159	1.13436095184711	0.103	0.021	1.65627983983674e-154	c20	MYO1D
8.18228502008725e-158	3.02208960805739	0.026	0.001	2.74417475003686e-153	c20	P3H3
1.15512730073484e-157	5.04591910137895	0.012	0	3.87406594120451e-153	c20	AC010719.1
2.11496699395629e-157	1.54128939825928	0.101	0.02	7.09317630433059e-153	c20	NUAK2
2.18657364370195e-157	7.17372372334226	0.023	0.001	7.33333068624761e-153	c20	IGHV3-72
2.68824504288962e-156	3.39896677882191	0.023	0.001	9.01583622484322e-152	c20	BMP6
4.05825211371042e-156	6.66986263379701	0.021	0.001	1.3610565938962e-151	c20	IGLV2-18
4.70158979452633e-155	6.11344451761757	0.01	0	1.57681918528824e-150	c20	IGHV3-41
6.44238343770206e-155	1.14205797546371	0.134	0.033	2.16064655733652e-150	c20	AC087623.3
2.16434470513685e-153	0.656600554647087	0.614	0.317	7.25877927208796e-149	c20	CITED2
1.55456611205671e-152	0.229129916715547	0.225	0.074	5.21370382661578e-148	c20	UBA5
2.96441141280071e-152	0.200041640639913	0.262	0.092	9.94204299625102e-148	c20	TIFA
3.72319936895158e-152	3.94105354690337	0.016	0	1.24868660435898e-147	c20	AL162411.1
6.192737550087e-152	2.39565976618887	0.032	0.003	2.07692031954818e-147	c20	LRRC24
1.34631636063852e-151	0.274417294556372	0.224	0.074	4.51527581030946e-147	c20	OGFOD3
1.00585096607017e-150	0.816052985293473	0.143	0.037	3.37342297000613e-146	c20	MIR29B2CHG
8.31062705890382e-149	0.818998756117592	0.116	0.027	2.78721810301516e-144	c20	MGLL
1.03489139802035e-148	0.148207254370416	0.248	0.086	3.47081877068065e-144	c20	FAM214A
2.45122850995978e-148	6.7209284591031	0.063	0.009	8.22093017670312e-144	c20	IGHV5-51
2.58980373895881e-148	3.96385726974038	0.016	0	8.68568377972007e-144	c20	TLL2
1.62546995479463e-147	0.410749889965585	0.598	0.298	5.45150113439024e-143	c20	KLF2
1.04181500514754e-146	6.8886160248815	0.043	0.005	3.49403916426381e-142	c20	IGLV3-10
1.12323726828597e-146	2.15436441088377	0.032	0.003	3.7671131503775e-142	c20	STBD1
2.46945400073992e-146	0.324029987377802	0.2	0.063	8.28205482768153e-142	c20	TMEM19
2.14036160226165e-145	0.239934740658666	0.278	0.103	7.17834474166512e-141	c20	TCF4
1.11471302436784e-144	0.188477894936056	0.288	0.108	3.73852454112485e-140	c20	SLC35B1
2.87325636457323e-144	0.153339548410163	0.372	0.155	9.63632719550571e-140	c20	TMEM107
2.98475224211964e-144	6.8011852745127	0.053	0.007	1.00102620696208e-139	c20	IGHV7-4-1
4.87522017046961e-144	0.632325967318979	0.852	0.669	1.6350513407721e-139	c20	JUN
7.87787761261095e-144	5.15643358064806	0.011	0	2.64208259371746e-139	c20	IGHV1-14
8.67051253791165e-144	5.95915929227767	0.048	0.006	2.90791649496481e-139	c20	IGHV3-74
3.15670206171032e-143	2.95050865497408	0.04	0.004	1.05869473745641e-138	c20	AC026369.3
3.94428589125105e-143	0.737267688092581	0.158	0.045	1.32283460220778e-138	c20	GGH
1.32183107821013e-142	3.55940018826309	0.016	0.001	4.43315707010114e-138	c20	AL391056.1
1.47768703946396e-142	0.132850036271362	0.3	0.115	4.95586679295422e-138	c20	BCL2L11
1.91180973785486e-142	0.447954855001312	0.233	0.081	6.41182749881762e-138	c20	SLC44A1
2.566955117552e-142	6.76141277748381	0.028	0.002	8.60905407324591e-138	c20	IGLV3-27
3.50103441507857e-142	1.85348078749873	0.04	0.004	1.17417692212905e-137	c20	CCDC163
7.99271411651889e-142	0.172266568924115	0.623	0.292	2.68059646039811e-137	c20	LMAN2
1.16238675614211e-140	1.64958934284468	0.041	0.004	3.89841270274939e-136	c20	CFAP54
2.28262284564947e-139	1.00161696948097	0.106	0.024	7.6554604997392e-135	c20	Z93930.2
3.37532078622046e-139	2.44250439496267	0.042	0.005	1.13201508528262e-134	c20	CFB
5.3726823392145e-139	0.500059137939093	0.17	0.052	1.80189020292576e-134	c20	PRADC1
1.62748985100021e-138	2.57799475524929	0.029	0.002	5.45827546228451e-134	c20	ISL2
2.60731367803153e-135	0.497963678525894	0.229	0.082	8.74440861338216e-131	c20	HYOU1
3.08589271186099e-135	0.164357399292823	0.236	0.084	1.03494669770394e-130	c20	QTRT1
6.44275888199407e-135	3.25688537277024	0.015	0	2.16077247384317e-130	c20	LINC02334
9.44189723705331e-135	0.307647889765138	0.266	0.1	3.16662349536294e-130	c20	GNL3
7.22121300525767e-134	1.43870911085354	0.092	0.02	2.42185041770332e-129	c20	HIST1H2AE
1.9950715217607e-133	1.69802272017219	0.087	0.018	6.69107086968103e-129	c20	NT5DC2
1.14138259890248e-132	6.57934911622648	0.049	0.007	3.82796896019915e-128	c20	IGHV5-10-1
1.02038347256521e-131	1.67549213025216	0.063	0.01	3.42216209028919e-127	c20	NOL3
8.62043120141743e-131	0.514173240835298	0.926	0.597	2.89112021633138e-126	c20	SEC61B
1.215256056745e-130	0.930933899378596	0.089	0.019	4.07572576311139e-126	c20	HIST1H4H
2.77343159292134e-130	0.651948633771793	0.1	0.023	9.30153487633957e-126	c20	LMF1
4.4489384829423e-130	0.204471704751225	0.241	0.088	1.49208498840919e-125	c20	MARS
7.43333305938675e-130	7.51378684494504	0.039	0.004	2.49299124145713e-125	c20	IGHV3-15
1.09900058119533e-129	6.47225415351606	0.057	0.009	3.6858281492129e-125	c20	IGLV3-25
2.42793899150271e-129	1.80206004904108	0.043	0.005	8.14282178970178e-125	c20	HIST1H2BD
3.97474468552549e-129	0.931902089341685	0.093	0.02	1.33304987263154e-124	c20	PIP5K1B
5.86547122283798e-129	1.68399154482421	0.086	0.018	1.9671617387154e-124	c20	DHRS9
1.0395755346317e-128	4.40730427193608	0.014	0	3.48652842804781e-124	c20	HBD
2.78906029639157e-128	4.8914539775458	0.01	0	9.35395042203806e-124	c20	AL161937.2
1.07134931143657e-127	0.367949654189759	0.151	0.045	3.59309132069599e-123	c20	PGRMC2
1.24711194220801e-127	5.84496458295608	0.02	0.001	4.18256403177722e-123	c20	IGLV2-5
2.0583576470958e-127	0.492464731707895	0.144	0.042	6.90331987682989e-123	c20	TMEM184B
2.56275651510873e-127	1.49593188202857	0.095	0.021	8.59497280037167e-123	c20	SLC2A5
5.7854241798619e-127	0.474225499433809	0.175	0.056	1.94031556144208e-122	c20	CXXC5
1.38019261154957e-126	0.339803112819537	0.134	0.037	4.62888998061496e-122	c20	FAM69A
4.11740141749307e-126	0.480769335621086	0.592	0.315	1.38089408739883e-121	c20	RHOB
4.99547035534479e-126	0.38983682782997	0.153	0.046	1.67538084777554e-121	c20	AKAP2
9.4825706728424e-126	4.30648807816132	0.013	0	3.18026455225788e-121	c20	EXOC3L4
1.0731945337499e-125	2.042728046467	0.033	0.003	3.59927982729041e-121	c20	KISS1R
2.80232654000631e-125	0.157096309674825	0.235	0.086	9.39844274987317e-121	c20	ATP13A1
4.48314924410885e-125	0.494213648077022	0.1	0.024	1.50355859348923e-120	c20	SRP14-AS1
6.41506518433181e-124	4.11887248731302	0.02	0.001	2.1514845615212e-119	c20	RAB26
1.05288473575242e-123	0.1893176160772	0.314	0.13	3.53116482676646e-119	c20	SHMT2
1.44383800170124e-123	0.366679674308205	0.202	0.071	4.84234389010563e-119	c20	STT3A
1.6427776005303e-123	0.811875864255404	0.108	0.027	5.50954751665851e-119	c20	AL627171.1
1.88030414082675e-123	0.749558548114548	0.078	0.016	6.30616402750476e-119	c20	RAB40B
3.20094928221429e-123	0.364907486344045	0.208	0.074	1.07353437026903e-118	c20	C12orf45
4.42437133638027e-122	0.815319794273815	0.185	0.063	1.48384565879521e-117	c20	NDUFAF6
6.35938563558256e-122	3.75618305238781	0.016	0.001	2.13281075446168e-117	c20	LRRN1
3.27994443143085e-121	0.805266723452973	0.095	0.022	1.10002776341328e-116	c20	MFSD3
8.4860469673259e-121	0.785997437469926	0.089	0.02	2.84605043190176e-116	c20	PINK1
9.46810725540317e-121	0.164096703086134	0.236	0.088	3.17541381131711e-116	c20	FUCA2
4.18617848177697e-120	1.20854694526667	0.08	0.017	1.40396053921836e-115	c20	BMF
5.79105774131061e-120	5.34268620730791	0.014	0.001	1.94220494528075e-115	c20	IGKV1-37
1.20677482679438e-119	2.4615855335041	0.019	0.001	4.04728141410299e-115	c20	PLA2G2D
1.2723878291931e-119	4.66446837542545	0.012	0	4.26733430154782e-115	c20	ENAM
3.08543268237518e-119	0.463457048366238	0.142	0.042	1.03479241301499e-114	c20	MAGEF1
1.49127920839701e-118	0.232400823559791	0.104	0.026	5.00145220912189e-114	c20	TM7SF2
2.14090615541765e-118	1.91936427136487	0.045	0.006	7.1801710640397e-114	c20	LAMA5
1.43339736935813e-117	0.50266731446949	0.092	0.021	4.8073280973533e-113	c20	AP001816.1
4.21797960486726e-117	0.838769760641495	0.24	0.095	1.41462599988038e-112	c20	OTUD1
7.4027897151547e-117	2.99753554432505	0.022	0.001	2.48274761466858e-112	c20	FA2H
8.64933219509939e-117	0.154182515822921	0.413	0.186	2.90081303159243e-112	c20	SNHG9
1.55296882005266e-116	0.381206609516045	0.157	0.05	5.20834682869259e-112	c20	PPCDC
4.06601855786282e-116	0.279493917055477	0.174	0.058	1.36366130393603e-111	c20	HSCB
2.38775158301569e-115	0.573453055441637	0.231	0.089	8.00804125911802e-111	c20	Z93241.1
3.57933051950723e-115	0.928545723507355	0.117	0.032	1.20043586963233e-110	c20	KNTC1
1.22753670149786e-114	0.497404082752626	0.126	0.036	4.11691258948354e-110	c20	SPATC1L
1.23883116027578e-114	1.12543103227911	0.056	0.009	4.15479194533292e-110	c20	FN3K
1.47897158775376e-114	0.194687198982217	0.248	0.097	4.96017491100858e-110	c20	ISOC2
5.43683325280192e-114	1.13297731221559	0.079	0.017	1.82340513632471e-109	c20	CTH
1.56315508300048e-113	3.41048556966725	0.018	0.001	5.24250951736701e-109	c20	IGLC7
1.69933662286419e-113	0.656234826532577	0.298	0.128	5.69923516576193e-109	c20	EHMT1
2.24277017372094e-113	2.40702351290448	0.049	0.007	7.52180260862528e-109	c20	LGALSL
2.90172198864801e-113	1.39240742541665	0.039	0.005	9.73179520552769e-109	c20	LINC00891
3.81285147605035e-113	3.43094986310488	0.015	0.001	1.27875412803777e-108	c20	DLL4
7.71412580778741e-113	1.85246492405076	0.06	0.011	2.58716351341574e-108	c20	FBXL22
2.25041761215014e-112	0.738964663955176	0.088	0.02	7.54745058762915e-108	c20	CLCC1
1.70292424062616e-111	1.9693570314515	0.038	0.005	5.71126731821201e-107	c20	QPRT
2.68043274764538e-111	0.42640700052198	0.15	0.048	8.98963534905308e-107	c20	AIG1
8.28208163573872e-111	0.414074926405148	0.156	0.051	2.77764453899405e-106	c20	RCN1
3.27813845035698e-110	0.640114543438157	0.096	0.024	1.09942207348072e-105	c20	EFHC1
4.75621887836685e-110	0.653761876228294	0.137	0.042	1.59514068742667e-105	c20	CSNK1E
1.10700458987497e-109	3.02463289655455	0.025	0.002	3.71267199352268e-105	c20	TSPAN12
7.66506788538531e-109	0.24843088793351	0.182	0.064	2.57071046740053e-104	c20	GOLGA3
1.18212984798623e-108	0.279540625011626	0.259	0.106	3.96462708417622e-104	c20	IRF4
1.41674657154166e-108	0.742630614513988	0.103	0.027	4.75148465163643e-104	c20	HIST2H2AA4
2.04415972724048e-108	0.133857679724775	0.227	0.088	6.85570289321912e-104	c20	DEF8
2.79786839290778e-108	3.59182205668668	0.015	0.001	9.3834910161341e-104	c20	AL031666.1
7.47012846888961e-108	0.241361992443192	0.154	0.05	2.5053316858962e-103	c20	CHPF2
1.56528081044438e-107	0.812424801998285	0.153	0.051	5.24963878206836e-103	c20	PTCH2
5.37499228149726e-107	1.07453888557128	0.06	0.011	1.80266491136855e-102	c20	BFSP2
1.14344586654927e-106	1.9435153982006	0.029	0.003	3.83488874723296e-102	c20	FAM171A1
1.0513582347769e-105	0.220809081454249	0.205	0.077	3.52604524779475e-101	c20	KLHL6
1.20452879160204e-105	1.1059930165384	0.095	0.024	4.03974866127494e-101	c20	CD180
5.7251040344014e-105	0.123509220869208	0.133	0.041	1.92008539105754e-100	c20	FAM117A
7.85113358660372e-105	3.71694408110025	0.013	0	2.63311318227516e-100	c20	NLRP7
3.12850375328973e-104	0.127599444321148	0.728	0.377	1.04923758877831e-99	c20	ZNF706
3.65357104362154e-104	1.98243233423405	0.036	0.005	1.22533465660979e-99	c20	ESR1
1.25094784871795e-103	0.381530655034968	0.851	0.508	4.19542889503026e-99	c20	KRTCAP2
1.29383036023434e-103	3.3174544098124	0.01	0	4.33924826215393e-99	c20	SFTA2
2.37458597609174e-102	0.434305459281718	0.342	0.16	7.96388644661647e-98	c20	ANKRD37
7.07618233725909e-102	2.36261199673816	0.018	0.001	2.37321003226995e-97	c20	AL109761.1
2.51246172602853e-101	9.33267870777247	0.01	0	8.4262941367545e-97	c20	IGKV6D-21
5.67219982760712e-101	0.677046980688322	0.103	0.029	1.90234237818288e-96	c20	TBL2
7.05280246372654e-100	0.731123459005052	0.073	0.016	2.36536889028461e-95	c20	HIST4H4
7.80253189211169e-100	2.0685948234907	0.019	0.001	2.61681314597642e-95	c20	AC012447.1
4.790174270317e-99	1.36902519102591	0.058	0.011	1.60652864677891e-94	c20	AC040169.1
7.3970112632354e-99	0.158698563249925	0.87	0.509	2.48080963746389e-94	c20	ISG20
1.6735071514035e-98	1.31228715492819	0.04	0.006	5.61260828437704e-94	c20	MISP3
3.59459570905035e-98	0.261395821937384	0.136	0.044	1.20555550890131e-93	c20	MOGS
4.53741052921852e-98	1.95847300826654	0.044	0.007	1.52175674328931e-93	c20	LAMP5
4.83494096156829e-98	3.12470253917962	0.02	0.001	1.62154249969077e-93	c20	AL139125.1
9.83749767753192e-98	0.437936119112992	0.267	0.117	3.29929997109065e-93	c20	EDEM1
1.26335103063358e-97	0.302585867576057	0.133	0.043	4.2370266865389e-93	c20	ZNF296
4.62692699025822e-97	0.282523425340652	0.285	0.125	1.5517787739928e-92	c20	PRCC
2.12288734105034e-96	0.199252757012612	0.137	0.045	7.11973956441462e-92	c20	ACSS1
8.0006049247226e-95	0.366746678638307	0.102	0.029	2.68324287965346e-90	c20	ADGRG5
2.46466495734961e-94	1.92198688809217	0.037	0.005	8.26599333395913e-90	c20	B4GALT2
7.57679710226899e-93	1.08999934032172	0.059	0.012	2.54110621215897e-88	c20	CRNDE
3.05153130697319e-91	2.41359145358495	0.025	0.002	1.02342256973267e-86	c20	AF127936.1
3.5436182174441e-91	0.140664505597971	0.202	0.08	1.1884586777664e-86	c20	OSBPL3
7.70988490493619e-91	0.287422733050788	0.13	0.043	2.5857411994175e-86	c20	C16orf58
2.46353821268688e-90	0.215120259218309	0.142	0.049	8.26221445770924e-86	c20	DXO
4.73362774017382e-90	1.57329404347585	0.043	0.007	1.5875640714995e-85	c20	KANK1
1.74350938123463e-89	5.80085201450488	0.023	0.002	5.84738176278471e-85	c20	IGLV7-46
5.14460334272573e-88	1.18979919553339	0.042	0.007	1.72539706908336e-83	c20	AC106047.1
6.47921125672375e-88	0.703175654328196	0.083	0.022	2.17299787128001e-83	c20	MANEA-DT
7.48870971210683e-88	2.2218387818706	0.022	0.002	2.51156346324639e-83	c20	BMP8B
2.84851024251882e-87	8.17233153549343	0.022	0.002	9.55333365135961e-83	c20	IGHV3-49
8.34870195787373e-87	0.448690110225204	0.058	0.012	2.79998766263169e-82	c20	WNT10A
1.27646807320293e-86	1.85537858520088	0.069	0.016	4.28101862390799e-82	c20	LINC00309
3.45859927407013e-86	1.69478737705015	0.025	0.003	1.15994502453764e-81	c20	CDNF
8.77306058373976e-86	0.255878647084088	0.114	0.036	2.94230905857464e-81	c20	GPX7
8.79447782072052e-86	0.424969957301498	0.101	0.03	2.94949197151325e-81	c20	PAOX
8.05270484434517e-85	1.15679038855831	0.064	0.015	2.70071615069648e-80	c20	ANG
8.85126786397952e-85	2.92535490657468	0.012	0.001	2.96853821622145e-80	c20	TMEM125
1.02265546024944e-84	1.57636135169157	0.054	0.011	3.42978188258459e-80	c20	UGGT2
1.08279727685744e-83	2.23268913833605	0.019	0.002	3.63148550712448e-79	c20	AC131011.1
1.49950959741798e-83	6.43489289776701	0.024	0.003	5.02905528782041e-79	c20	IGHV2-70
1.7498396146914e-83	3.09634748515895	0.017	0.001	5.86861209975203e-79	c20	FRK
2.10568832656939e-83	7.06108174906475	0.01	0	7.06205750964842e-79	c20	AC135068.2
9.99015704051116e-83	0.114485706965766	0.123	0.041	3.35049886824663e-78	c20	ALG1
4.22544862197344e-82	0.163666732407775	0.174	0.069	1.41713095883745e-77	c20	COPG1
4.60839176872968e-82	0.109035962038661	0.116	0.038	1.54556243139656e-77	c20	PGPEP1
1.18834180382701e-81	0.585733507294839	0.067	0.016	3.98546074167503e-77	c20	MACROD1
1.36472669045793e-81	1.22883572032802	0.045	0.008	4.57702037445782e-77	c20	PODXL2
3.88328320786773e-81	0.468988643116608	0.13	0.046	1.30237552225468e-76	c20	ARFGAP1
4.127465608171e-81	2.00710184885741	0.026	0.003	1.38426941566839e-76	c20	AL022341.1
1.70356575393489e-80	0.210683508792614	0.254	0.117	5.71341882554684e-76	c20	DNAJB4
3.80124405384842e-80	1.61540814731496	0.035	0.005	1.27486123077968e-75	c20	LINC01023
8.36875052582703e-80	0.498308968821594	0.069	0.017	2.80671155135187e-75	c20	AC091729.3
1.60266409455671e-79	2.41964991243334	0.029	0.004	5.37501484032428e-75	c20	TEX14
6.57852918436269e-78	2.81923891531098	0.019	0.002	2.20630711785156e-73	c20	AC123777.1
9.36743870809349e-78	0.139730020523805	0.102	0.032	3.1416515939204e-73	c20	ALDH18A1
1.54344441038175e-77	2.05470243220502	0.042	0.008	5.17640386353831e-73	c20	GPT2
2.73130758545205e-77	0.903781584500419	0.053	0.011	9.1602593800891e-73	c20	HEXIM2
3.46405858280718e-77	0.434312839836819	0.922	0.618	1.16177596750187e-72	c20	PPIB
3.69203217678104e-77	3.27396473394494	0.012	0.001	1.23823375144882e-72	c20	LINC01055
6.5800327830908e-77	1.46709095723255	0.043	0.008	2.20681139479299e-72	c20	CCDC144A
1.18467160224185e-76	0.24484311063742	0.747	0.416	3.97315161959871e-72	c20	HSPA5
1.66833569079644e-76	0.135676732778813	0.064	0.016	5.59526423979312e-72	c20	PGLYRP2
1.05315419922656e-75	0.396748073088181	0.06	0.014	3.53206855336604e-71	c20	FBXL8
1.5972982978809e-75	0.321832499088065	0.073	0.019	5.35701903143298e-71	c20	ZNF275
1.80438298080043e-75	2.7852917578418	0.015	0.001	6.05153964100847e-71	c20	COLCA1
1.81095241343403e-75	3.17801473302264	0.015	0.001	6.07357220417504e-71	c20	RSPH1
3.5644919076537e-75	0.854482846780938	0.047	0.009	1.1954592959889e-70	c20	CBWD3
1.73030516609942e-74	6.51368719315848	0.031	0.005	5.80309746606423e-70	c20	IGLV4-69
2.59870634629243e-74	2.84442315552137	0.015	0.001	8.71554134419555e-70	c20	FAM149A
3.04003214093714e-74	0.235515135627629	0.09	0.027	1.0195659794275e-69	c20	KIAA0513
3.35920084244541e-74	3.72219485305258	0.013	0.001	1.12660877853934e-69	c20	LINC02363
4.0544328123322e-74	0.194994334680548	0.125	0.045	1.35977567659997e-69	c20	LCORL
4.44244745522084e-74	7.01395424105917	0.016	0.001	1.48990802753197e-69	c20	IGKV5-2
5.22206252711056e-74	0.185850920768512	0.124	0.044	1.75137533034234e-69	c20	PRRC1
4.61216040310957e-73	5.13457534990074	0.014	0.001	1.54682635599489e-68	c20	IGLV3-16
2.7485549904203e-72	0.154519501247167	0.111	0.038	9.2181037268716e-68	c20	LRWD1
5.86098451153792e-72	0.751430501052777	0.06	0.015	1.96565698547959e-67	c20	PDIK1L
7.259420192742e-72	1.90616036581838	0.017	0.002	2.43466434424181e-67	c20	SLC16A14
1.37617786948857e-71	0.1037833615693	0.117	0.041	4.61542533869075e-67	c20	SLC39A11
3.18575721335994e-71	1.17314491821155	0.037	0.007	1.06843925421666e-66	c20	AC099524.1
3.85432542159107e-71	0.189471632284791	0.33	0.169	1.29266365989321e-66	c20	UBALD2
4.90159832056751e-70	0.451984851151201	0.103	0.035	1.64389804475193e-65	c20	ARID3A
2.3017431287262e-69	6.78142898650827	0.014	0.001	7.71958610512194e-65	c20	IGKV2D-40
1.12730896788757e-68	1.42519235159778	0.035	0.006	3.78076881650133e-64	c20	AC104024.1
2.85285601173852e-68	3.4387746616928	0.01	0	9.56790849216865e-64	c20	MYL2
3.18064465728592e-68	0.136697736821772	0.135	0.052	1.06672460516055e-63	c20	SFXN4
3.80194431827061e-68	2.33783024231997	0.013	0.001	1.2750960854616e-63	c20	PRKCG
6.1514274493455e-68	0.267624522758177	0.237	0.113	2.06306573796149e-63	c20	MDM2
6.46579775396985e-68	2.29079576274706	0.015	0.001	2.16849925072641e-63	c20	CCDC183
7.98557569237232e-68	2.11198667105726	0.016	0.001	2.67820237570783e-63	c20	AL590714.1
1.10862288506728e-67	0.240023140503151	0.055	0.013	3.71809943193863e-63	c20	AL359513.1
1.47690460467818e-67	1.9382662676645	0.027	0.004	4.95324266316967e-63	c20	AC246787.2
1.61875196059357e-67	0.143619339080769	0.09	0.029	5.4289703254387e-63	c20	SLC35C1
2.11720283205729e-67	2.23100863432985	0.039	0.007	7.10067485815373e-63	c20	HIST1H2BB
5.38157678881378e-67	2.26094905480472	0.016	0.001	1.80487322343237e-62	c20	CADM4
1.31431326893448e-66	0.167166200377653	0.168	0.071	4.40794384135247e-62	c20	DOK3
2.04995961660416e-66	0.493237937266553	0.109	0.039	6.87515456216704e-62	c20	TBC1D9
2.92150593053063e-66	0.574802028366688	0.045	0.009	9.79814658981362e-62	c20	B4GAT1
1.74370481592916e-65	0.252222839371296	0.114	0.041	5.8480372116632e-61	c20	ACAP3
4.9522290196277e-65	1.20180869906736	0.043	0.009	1.66087856860274e-60	c20	LINC01679
3.09478544777096e-64	1.41766130937395	0.024	0.003	1.03792914347342e-59	c20	IRS1
2.08332299925274e-63	1.81372905583825	0.021	0.002	6.98704867489384e-59	c20	AC090587.1
1.70866953956503e-62	2.63533991834535	0.011	0.001	5.7305359017932e-58	c20	LINC01562
1.9242967786785e-62	0.876843911510906	0.034	0.006	6.45370653633194e-58	c20	PAQR6
1.84848720518309e-61	7.20487188516397	0.023	0.003	6.19945638874304e-57	c20	IGLV10-54
3.10722287579148e-61	0.290967357244218	0.891	0.575	1.04210040808295e-56	c20	SEC61G
5.45170473509001e-61	0.891013562372239	0.052	0.013	1.82839273405449e-56	c20	PRDM15
6.33740563699391e-61	1.08413513115886	0.054	0.014	2.12543910253502e-56	c20	FAM114A1
7.13988544978146e-61	2.53718344372375	0.019	0.002	2.3945747821477e-56	c20	NEB
1.13509007737631e-60	0.460937173714263	0.072	0.022	3.80686510150466e-56	c20	COX18
3.84353912735985e-60	1.71934489458693	0.02	0.002	1.28904615253395e-55	c20	RAPGEF3
5.26593987537078e-60	0.335657057904842	0.072	0.022	1.76609091540185e-55	c20	GOLPH3L
7.42551388950332e-60	0.258042977377836	0.069	0.02	2.49036884826162e-55	c20	ZFAT
1.08631603202115e-59	2.84072104613682	0.011	0.001	3.64328670819255e-55	c20	AL449106.1
2.26519759278299e-59	0.124227212159522	0.118	0.046	7.5970196866756e-55	c20	AC007388.1
4.04080864711579e-59	0.575158135478312	0.038	0.008	1.35520640406969e-54	c20	C1R
4.72143627616846e-59	0.78597699026587	0.053	0.014	1.58347529830138e-54	c20	AL034549.1
6.12480547047733e-59	0.376704933489611	0.112	0.043	2.05413725868869e-54	c20	TCF3
8.98064243002102e-59	0.15698016521653	0.119	0.046	3.01192785818045e-54	c20	MPZL1
1.88081337132088e-58	3.26088532001578	0.01	0.001	6.30787188473597e-54	c20	AC016745.2
2.2177883298663e-58	0.385589795145014	0.047	0.011	7.43801850070561e-54	c20	TGFBR3L
2.97592053608236e-58	3.62965478814637	0.01	0.001	9.98064229391302e-54	c20	DQX1
3.07396359595695e-58	0.248187815203067	0.699	0.421	1.03094591081204e-53	c20	CYTOR
3.14566844843159e-57	1.74461712018896	0.024	0.004	1.05499428423499e-52	c20	CAV2
3.51817531469719e-57	1.60242508759	0.028	0.005	1.17992563704314e-52	c20	ASS1
5.09580072487367e-57	0.259013749782226	0.079	0.026	1.70902964710813e-52	c20	FAM13A
2.59387207285401e-56	0.695872494787379	0.04	0.009	8.69932815793776e-52	c20	PLEKHN1
4.2322612728387e-55	1.20232817600766	0.031	0.006	1.41941578568464e-50	c20	SOX5
4.73113068151254e-55	0.463388450774295	0.091	0.033	1.58672660796568e-50	c20	ECI1
7.47508707077736e-55	0.383218014833246	0.056	0.016	2.50699470179731e-50	c20	CCDC102A
9.76751815562274e-55	0.732371268109804	0.041	0.009	3.27583023903275e-50	c20	FBXO10
1.77101534868806e-54	0.818627693076334	0.134	0.057	5.93963127643e-50	c20	HMGB3
1.61876195847682e-53	0.593488214664841	0.045	0.011	5.42900385633956e-49	c20	RNF122
6.65531224971253e-53	1.64194066674344	0.033	0.007	2.23205862230859e-48	c20	HIST1H3J
8.41275985004114e-53	0.658388343912661	0.034	0.007	2.8214713985068e-48	c20	HSPA1L
9.81593538170301e-53	1.64935809271023	0.022	0.003	3.29206840831556e-48	c20	DENND2C
2.32641455704774e-52	3.3871964817236	0.01	0.001	7.8023291414267e-48	c20	AP000569.1
2.49272984359396e-52	1.68398013768073	0.024	0.004	8.36011734944541e-48	c20	EML6
1.55188043002021e-51	1.76948131752345	0.022	0.003	5.20469658620179e-47	c20	MYEOV
4.56756758764351e-51	1.07553635159398	0.029	0.005	1.53187081754388e-46	c20	OR2A1-AS1
2.25880540781412e-50	2.35378422436158	0.011	0.001	7.57558157672699e-46	c20	LINC02245
3.60193562029055e-50	2.34340142054281	0.012	0.001	1.20801716833305e-45	c20	AC005220.1
1.14343829467673e-49	1.91472423052911	0.02	0.003	3.83486335268682e-45	c20	NPAS1
2.64047284838197e-49	0.184032660184262	0.068	0.022	8.85561783890344e-45	c20	MSTO1
3.05861759206078e-49	0.577342180205415	0.048	0.013	1.02579916802535e-44	c20	C6orf99
4.56445686261328e-49	1.62004133513026	0.016	0.002	1.53082754258324e-44	c20	LNP1
5.56852343930289e-49	1.41323508536868	0.029	0.006	1.8675713910734e-44	c20	AL359541.1
8.86732880173511e-49	0.316679929344932	0.06	0.018	2.97392473352592e-44	c20	NOMO2
3.11712960891181e-48	1.79856771517056	0.038	0.009	1.04542292823684e-43	c20	AC096733.2
6.40623443367927e-48	0.958486904886837	0.046	0.012	2.14852290436735e-43	c20	PARD6G-AS1
8.57660417525412e-48	1.41657831389848	0.02	0.003	2.87642150829673e-43	c20	UFSP1
1.03803114642831e-47	0.43544305371522	0.063	0.02	3.48134885889128e-43	c20	NAGLU
5.66662744990724e-47	0.520684307285478	0.055	0.016	1.90047351414989e-42	c20	CCR2
5.72923152132852e-47	1.02263957926876	0.038	0.009	1.92146966762316e-42	c20	C1orf53
1.06571205029928e-46	0.455207504290964	0.042	0.011	3.57418507429373e-42	c20	KLK1
1.77855015003096e-46	0.112842535112669	0.26	0.142	5.96490149317383e-42	c20	DUSP5
7.47736567630218e-46	1.58463747325553	0.016	0.002	2.50775890051822e-41	c20	TLR9
1.75769533644555e-45	0.707709781590578	0.025	0.005	5.8949586193711e-41	c20	B3GNT9
2.43189888192418e-45	0.671072491284787	0.036	0.009	8.15610247019733e-41	c20	NR2F6
4.49737419040271e-45	0.126366078801623	0.048	0.014	1.50832935597726e-40	c20	ELOA-AS1
9.16704670682021e-45	1.86888381637198	0.013	0.001	3.07444412453336e-40	c20	AC092535.4
1.09969517265578e-44	0.734144180986505	0.024	0.004	3.68815767005295e-40	c20	EPB41L4A
1.75156111962612e-44	0.90791302255692	0.031	0.007	5.87438568300208e-40	c20	LAMC1
1.8374692820461e-44	0.170000122830233	0.061	0.02	6.16250447812621e-40	c20	RAB3D
2.24666785240054e-44	2.12604342539564	0.012	0.001	7.53487464338094e-40	c20	AC100793.2
2.74045819863727e-44	8.31901162721646	0.011	0.001	9.19094870658968e-40	c20	IGHV2-70D
6.71630928159099e-44	0.223040658715698	0.072	0.026	2.25251580685999e-39	c20	FHIT
6.99857117443445e-44	1.01259116054639	0.021	0.003	2.34718080048183e-39	c20	LTK
7.00322287059049e-44	2.45230134222417	0.018	0.003	2.34874088633864e-39	c20	AC022509.3
7.32884475417618e-44	0.894174122820781	0.026	0.005	2.45794795365561e-39	c20	COL4A3
8.03673139952501e-44	2.63881781260064	0.011	0.001	2.6953589767727e-39	c20	MGAT3
8.04936904123265e-44	0.303683396151676	0.102	0.043	2.69959738904861e-39	c20	CXorf21
9.45372362630717e-44	0.952281182261711	0.038	0.01	3.1705898297909e-39	c20	AVEN
3.19638692885633e-43	0.270469492401387	0.034	0.008	1.07200424819984e-38	c20	COCH
3.30183028022646e-43	0.248960284470756	0.061	0.02	1.10736783938235e-38	c20	OSBPL10
3.53657249242653e-43	1.32234105562509	0.019	0.003	1.18609568251001e-38	c20	TMEM52
6.54607772830231e-43	0.390389832581279	0.046	0.013	2.19542354851803e-38	c20	XKR6
9.31999355093989e-43	1.36885132120255	0.023	0.004	3.12573943711422e-38	c20	HSF4
1.14695431485428e-42	0.290231362258815	0.053	0.017	3.84665538115827e-38	c20	NFXL1
1.17065603277525e-42	0.554641192943647	0.034	0.008	3.92614620272164e-38	c20	SLC25A23
1.8177566772043e-42	2.526755597601	0.016	0.002	6.09639234400779e-38	c20	WNT5B
3.98146104263435e-42	2.73206949646335	0.02	0.003	1.33530240447871e-37	c20	PLEKHH3
1.03423182704685e-41	0.259832465160756	0.047	0.014	3.46860670154974e-37	c20	AC004241.1
1.68032911275106e-41	1.16974948429482	0.023	0.004	5.63548777834449e-37	c20	FOXJ1
2.02850246489786e-41	0.59859319773458	0.063	0.022	6.80319156677444e-37	c20	HIST1H2AG
2.16675411987525e-41	0.126109885199797	0.09	0.037	7.2668599672376e-37	c20	SH3GLB2
2.47660791683435e-41	2.02483890109669	0.017	0.002	8.30604763147906e-37	c20	CRYBB1
4.22587901746682e-41	0.445975961816199	0.04	0.011	1.41727530487802e-36	c20	HOXB7
4.29163252946747e-41	0.915157260164932	0.042	0.012	1.4393277177328e-36	c20	INSR
5.60027631594544e-41	1.80747834633387	0.019	0.003	1.87822067084178e-36	c20	TMCC1-AS1
8.04023988893995e-41	0.48683179646078	0.047	0.014	2.69653565395268e-36	c20	ZNF771
1.40332139655608e-40	0.951068918871421	0.027	0.006	4.70645929976979e-36	c20	AC104971.3
2.01980848657774e-40	0.195250488901626	0.089	0.036	6.77403370228443e-36	c20	RASL11A
2.10681356093052e-40	0.392323378447909	0.042	0.012	7.06583132064879e-36	c20	AC007114.1
4.10734355790457e-40	5.76253996359598	0.013	0.002	1.37752088245004e-35	c20	IGLV7-43
5.50169475089505e-40	0.831744792413546	0.029	0.007	1.84515838555518e-35	c20	AC073934.1
7.42910959210616e-40	2.48005656780987	0.01	0.001	2.49157477500056e-35	c20	AC013270.1
1.19079922976756e-39	0.65519719674693	0.033	0.008	3.99370245679443e-35	c20	HIST1H4B
1.56183413951351e-39	0.880286017086808	0.031	0.007	5.2380793371004e-35	c20	HOOK1
4.17374145680667e-39	0.249772402124429	0.047	0.014	1.39978940978382e-34	c20	FKBP7
9.97327245834839e-39	0.55645178946104	0.029	0.007	3.34483611708088e-34	c20	AC243960.3
1.34296630624861e-38	1.58935016936622	0.02	0.003	4.50404039789658e-34	c20	AC126696.3
1.44673269547548e-38	1.18457170045991	0.022	0.004	4.85205211408567e-34	c20	MST1
1.74188490968196e-38	0.139296981484516	0.081	0.033	5.84193361009135e-34	c20	PDF
2.96348534873396e-38	0.204775284377869	0.055	0.019	9.93893716258396e-34	c20	CHAC2
5.61628947594965e-38	0.206892229211391	0.12	0.056	1.88359116444399e-33	c20	RASGRP3
8.04899326097403e-38	0.77272686407618	0.031	0.008	2.69947135986547e-33	c20	CAPN10-DT
1.16992065030136e-37	0.860217756312418	0.034	0.009	3.9236798769807e-33	c20	AC097103.2
1.84611593469524e-37	1.86408777368414	0.011	0.001	6.1915036217809e-33	c20	LINC02014
4.19046040769286e-37	0.379064598563685	0.08	0.033	1.40539661153203e-32	c20	KCNQ1OT1
5.80380552782643e-37	0.746893533171337	0.021	0.004	1.94648029792243e-32	c20	CHODL
8.29755745271176e-37	7.70683068710501	0.018	0.003	2.78283481849047e-32	c20	IGHV1-69-2
1.38823004303e-36	0.369442009547471	0.217	0.124	4.65584591831402e-32	c20	ATF5
1.4667881401445e-36	1.22015250807482	0.025	0.005	4.91931406441664e-32	c20	SLC15A2
1.69294113067259e-36	1.48510174459166	0.019	0.003	5.67778596404973e-32	c20	LINC00471
2.0091623875404e-36	2.06821879023467	0.01	0.001	6.73832881533301e-32	c20	CLDN3
8.9351057408468e-36	1.28343802281916	0.024	0.005	2.9966557633652e-31	c20	FOXN3-AS1
1.64697031485696e-35	0.14957644311815	0.04	0.012	5.52360904196726e-31	c20	SLC39A14
1.73234133517359e-35	0.733505394571456	0.038	0.011	5.80992636990518e-31	c20	CBY1
3.09554825286363e-35	0.300130785595227	0.037	0.01	1.0381849730454e-30	c20	QPCTL
4.32913835433937e-35	0.18564974817231	0.045	0.015	1.45190642127834e-30	c20	GKAP1
4.57503547209809e-35	0.142066528778799	0.092	0.041	1.53437539663226e-30	c20	EVI5
6.214863855704e-35	0.414069450676751	0.047	0.016	2.08434103992601e-30	c20	CUL7
3.75239734785347e-34	0.317774666107754	0.035	0.01	1.2584790225231e-29	c20	ETV2
4.42876828488869e-34	0.472007877425016	0.035	0.01	1.48532030738597e-29	c20	MINDY1
4.7251537228375e-34	0.326840717955365	0.057	0.021	1.58472205556524e-29	c20	PNPLA4
1.12520824376439e-33	1.76335386879233	0.012	0.002	3.77372340793701e-29	c20	HCG27
1.9764582694103e-33	0.200268189702847	0.895	0.629	6.62864574394827e-29	c20	SERP1
2.61690119522215e-33	0.489238281938265	0.024	0.005	8.77656322853606e-29	c20	DICER1-AS1
3.99070084146596e-33	1.76709332315799	0.011	0.001	1.33840124821085e-28	c20	AF196972.1
5.60229049830848e-33	1.61285818854616	0.011	0.001	1.8788961873227e-28	c20	LINC02021
6.93673666001575e-33	0.358356851971575	0.033	0.009	2.32644274103608e-28	c20	IER3-AS1
7.61901119940122e-33	0.377836803870427	0.019	0.004	2.55526397605518e-28	c20	AC009133.3
1.52208059959595e-32	0.185073798515434	0.079	0.034	5.10475391492488e-28	c20	DHDDS
2.91766827002148e-32	0.105329762807685	0.065	0.026	9.78527584399806e-28	c20	RIOX2
8.590348212505e-32	1.10795610477893	0.019	0.004	2.88103098350993e-27	c20	UGDH-AS1
1.7607449903507e-31	1.39790142965051	0.019	0.004	5.90518654863817e-27	c20	GSTT2B
2.6927154029815e-31	0.717356312858645	0.021	0.004	9.03082891851936e-27	c20	AC010531.6
2.77802345589221e-31	1.22722251762133	0.025	0.006	9.31693506637131e-27	c20	OSR2
2.80512145056261e-31	0.259437014308348	0.043	0.014	9.40781632089688e-27	c20	C16orf86
4.36598916439621e-31	0.143470263370621	0.056	0.021	1.4642654459552e-26	c20	GLIDR
7.51583690651031e-31	1.94352909466525	0.01	0.001	2.52066138170543e-26	c20	TMEM198
8.13025117511508e-31	0.100116719509948	0.045	0.015	2.7267236391101e-26	c20	SLC25A42
8.51434776096515e-31	1.51843209044159	0.01	0.001	2.85554195207249e-26	c20	APLP1
9.5709667529508e-31	0.380398685648435	0.022	0.005	3.20991082960464e-26	c20	MOXD1
1.0485956555062e-30	1.0096578589388	0.016	0.003	3.51678010943668e-26	c20	ZNF860
1.81881559682204e-30	0.860214351599044	0.025	0.006	6.09994374862175e-26	c20	HIST2H2AA3
2.81738635943313e-30	0.594531908947988	0.022	0.005	9.44895037226682e-26	c20	AC025181.2
2.98791989605805e-30	0.40631918248997	0.041	0.014	1.00208857473995e-25	c20	EEF1AKMT3
6.33150474999355e-30	0.869881666352045	0.027	0.007	2.12346006305284e-25	c20	AC061992.1
7.95263618034957e-30	0.490416901808983	0.044	0.015	2.66715512216564e-25	c20	NADK2
8.49391974448971e-30	0.170180418889707	0.231	0.141	2.84869080390696e-25	c20	BAG3
9.61989856731881e-30	0.483257547112958	0.031	0.009	3.22632158150738e-25	c20	MEF2C-AS1
1.18264013955954e-29	0.790110484256878	0.026	0.007	3.9663385000548e-25	c20	AL035413.1
1.55972170212729e-29	0.28245606351739	0.073	0.032	5.23099464459451e-25	c20	RASD1
1.96596617596714e-29	0.23732845557068	0.029	0.008	6.59345736095859e-25	c20	AC036176.1
2.11216459603851e-29	0.12698868111622	0.034	0.01	7.08377762219397e-25	c20	FZD3
2.55614177660272e-29	1.36328179122341	0.018	0.004	8.57278829037019e-25	c20	RTKN
3.62853054098614e-29	2.49103826200789	0.01	0.001	1.21693657283593e-24	c20	C12orf77
4.99371981123229e-29	0.425646210977468	0.025	0.006	1.67479375029108e-24	c20	ESR2
1.65218379656035e-28	0.27709712989758	0.043	0.015	5.54109401690409e-24	c20	PYCR3
1.75841565583478e-28	0.237648815445415	0.03	0.009	5.89737442653867e-24	c20	AC009133.1
3.06536194758811e-28	0.328554440601298	0.05	0.019	1.0280610899821e-23	c20	AL021453.1
5.94973988064848e-28	7.66491058729263	0.05	0.019	1.99542376117189e-23	c20	IGHV1-3
8.61823531983987e-28	0.167120432514272	0.083	0.039	2.8903837615679e-23	c20	NIF3L1
1.06838839575681e-27	0.398542590663497	0.044	0.016	3.58316100168918e-23	c20	RND1
1.22830611092651e-27	1.33927285429096	0.025	0.007	4.11949303482533e-23	c20	KIF3C
1.52941516974211e-27	2.10079862898584	0.021	0.005	5.12935259628109e-23	c20	AC106028.4
1.90133160696151e-27	0.393835574293562	0.041	0.014	6.37668594342751e-23	c20	SLC33A1
3.14734346627219e-27	0.971589842112499	0.021	0.005	1.05555605171837e-22	c20	AC098850.3
3.22913909272192e-27	0.166023259127518	0.037	0.012	1.08298866891708e-22	c20	SWT1
6.17225368276221e-27	0.197124765121655	0.028	0.008	2.07005044012479e-22	c20	AC099778.1
1.69113012071292e-26	0.740065678591015	0.039	0.013	5.671712198847e-22	c20	RHOBTB2
1.94728750500254e-26	1.00578987361213	0.021	0.005	6.53081283427752e-22	c20	AC025569.1
2.75554118187375e-26	0.331557848167799	0.027	0.008	9.24153401576817e-22	c20	AL451085.1
2.76005554464807e-26	0.212015404165818	0.036	0.012	9.25667428564069e-22	c20	TEX9
4.56908805475821e-26	0.910476220408627	0.015	0.003	1.53238075180481e-21	c20	LARGE1
8.61807812625387e-26	1.85806196013612	0.013	0.002	2.89033104198302e-21	c20	AC026202.3
1.24974511976874e-25	0.793634706526029	0.021	0.005	4.19139518268039e-21	c20	LINC01715
1.49994277903328e-25	0.297344927164027	0.03	0.009	5.03050809232182e-21	c20	AC139887.2
1.9021546862096e-25	0.27203423314705	0.048	0.019	6.37944638660974e-21	c20	CBFA2T3
3.28116764530259e-25	0.593919660581403	0.026	0.007	1.10043800488158e-20	c20	SPINK2
3.64682990953518e-25	0.600587099987952	0.013	0.002	1.22307381505991e-20	c20	SLC22A17
5.30174633829901e-25	0.246366000673485	0.048	0.019	1.77809968693872e-20	c20	RECQL5
8.38320666009591e-25	0.455250005900312	0.027	0.008	2.81155984966297e-20	c20	AC008074.3
2.05321601594844e-24	1.35416843038259	0.015	0.003	6.88607587428787e-20	c20	SPEG
2.82765651949525e-24	0.942222679800937	0.023	0.007	9.48339443508317e-20	c20	SIAE
3.78049505777391e-24	0.284821054734117	0.059	0.026	1.26790243247622e-19	c20	METTL1
4.50771232931866e-24	0.622124881388303	0.023	0.006	1.51179656100689e-19	c20	ANKRD16
5.342594884623e-24	0.531545524216707	0.045	0.018	1.79179947240486e-19	c20	CCDC189
1.68134780100864e-23	0.212458487138151	0.04	0.015	5.63890425502279e-19	c20	KLC4
2.4445337921149e-23	1.01155779129071	0.023	0.007	8.19847743199495e-19	c20	NPIPB15
2.56375498047585e-23	0.147435252003287	0.03	0.01	8.59832145351991e-19	c20	GIPR
3.90711740171926e-23	1.29044912327558	0.015	0.003	1.31036903418861e-18	c20	PPFIA3
5.01597408434283e-23	1.49992934251422	0.031	0.011	1.6822573884069e-18	c20	HIST1H2BF
5.719039771114e-23	1.01187940174014	0.02	0.005	1.91805155843621e-18	c20	AL132639.2
6.35408874243645e-23	0.428462587977499	0.038	0.014	2.13103428243834e-18	c20	HIST2H2BE
2.28599535503825e-22	1.10413425708446	0.01	0.002	7.66677122172727e-18	c20	HEY2
3.41416176626773e-22	1.31591667194041	0.016	0.004	1.14504157317087e-17	c20	AC004540.1
4.80578176476409e-22	1.38751487674857	0.01	0.002	1.61176308826658e-17	c20	LINC01252
8.04049133167316e-22	1.22507939542474	0.012	0.002	2.69661998281655e-17	c20	MAFG-DT
9.2831994410821e-22	0.237513739479875	0.031	0.011	3.11339942855011e-17	c20	LINC01353
1.04683703097214e-21	0.735252263061583	0.011	0.002	3.51088203447435e-17	c20	CTGF
1.09125890188177e-21	0.212833497754555	0.026	0.008	3.65986410513108e-17	c20	SDR42E2
1.25421224967929e-21	0.477930119133483	0.038	0.014	4.20637704297442e-17	c20	BCAR3
1.41415089956647e-21	0.150341762358797	0.066	0.031	4.74277928696603e-17	c20	TP53I3
3.66629323755895e-21	0.456838679521661	0.025	0.008	1.22960142601252e-16	c20	MAMDC4
8.44735911796003e-21	0.172044499405724	0.038	0.015	2.83307530098144e-16	c20	ZNF552
1.20277504780912e-20	0.518172796115903	0.014	0.003	4.03386695534224e-16	c20	AL359504.2
1.81794170849919e-20	0.37463361270399	0.025	0.008	6.09701290196458e-16	c20	OLMALINC
7.32984582093122e-20	0.996500569128372	0.012	0.002	2.45828369142391e-15	c20	PPP1R9A
2.98732042854194e-19	0.72648590024764	0.01	0.002	1.0018875253244e-14	c20	KLHDC9
5.08050876666536e-19	0.60750293533669	0.015	0.004	1.70390103016423e-14	c20	C17orf51
6.46512818509817e-19	0.828821984245098	0.011	0.002	2.16827469071822e-14	c20	AL162231.2
7.88632268800292e-19	1.35329470294317	0.011	0.002	2.64491490310242e-14	c20	TRIM55
8.67788786513548e-19	0.950780250310525	0.011	0.002	2.91039003220914e-14	c20	KCND1
9.002880795323e-19	0.561853093629391	0.051	0.023	3.01938616113543e-14	c20	AL136987.1
9.51590922573245e-19	0.14377952394991	0.032	0.012	3.19144563612615e-14	c20	AC008915.2
1.72391614784429e-18	0.216805195702826	0.031	0.012	5.78166997664017e-14	c20	CACFD1
1.75363694315035e-18	0.793554825619958	0.014	0.003	5.88134757993763e-14	c20	AC022098.4
2.71838307215697e-18	0.158000260732864	0.021	0.007	9.11691314740004e-14	c20	AC024592.3
3.21958532208951e-18	0.362014442008511	0.029	0.011	1.07978452532238e-13	c20	DNAJC3-DT
3.24344477571209e-18	0.118076267124835	0.027	0.01	1.08778650887832e-13	c20	AC022182.2
7.64247086920588e-18	0.386553053371407	0.042	0.018	2.56313188011427e-13	c20	HIST2H2BF
1.33608214928927e-17	1.08783634115084	0.011	0.002	4.48095231228635e-13	c20	GPR176
1.63292023247025e-17	0.222649601902756	0.018	0.005	5.47648787565872e-13	c20	LINC01569
4.02641994550979e-17	0.306265360821541	0.042	0.018	1.35038072132507e-12	c20	CCNE2
4.52797695949067e-17	0.576359159571594	0.013	0.003	1.51859291267398e-12	c20	NUP62CL
5.12088656267604e-17	0.134694562995693	0.036	0.015	1.71744293539029e-12	c20	AC022182.1
5.69470402020281e-17	0.387013405532044	0.013	0.003	1.90988983429562e-12	c20	ZNF426-DT
6.11866046277632e-17	0.363070506942766	0.032	0.013	2.05207634600592e-12	c20	SND1-IT1
8.51209765280454e-17	0.293456054342364	0.012	0.003	2.85478731079759e-12	c20	FBXL16
1.52021746022722e-16	1.04819139302607	0.014	0.004	5.09850531811005e-12	c20	AC008771.1
1.8711933424038e-16	0.109134947156105	0.118	0.071	6.27560823175385e-12	c20	MYC
2.9775987210534e-16	0.458606513951159	0.02	0.007	9.98627059066888e-12	c20	AC062029.1
3.49608224481318e-16	0.905951366222971	0.01	0.002	1.17251606326544e-11	c20	PIP5KL1
4.45972123250569e-16	0.629957326931106	0.013	0.003	1.49570130695776e-11	c20	MAGI3
5.12029204101437e-16	1.23652382333222	0.01	0.002	1.7172435447154e-11	c20	PHYHD1
5.31888729487245e-16	0.265851351603885	0.031	0.012	1.78384842095432e-11	c20	SMTN
5.85511905181819e-16	0.286650683886443	0.013	0.003	1.96368982759878e-11	c20	LINC00663
6.55131415852586e-16	0.778934972858128	0.015	0.004	2.1971797424864e-11	c20	AL121985.1
7.57904058066171e-16	0.39871067646764	0.029	0.011	2.54185862994232e-11	c20	AL163051.1
8.77128688890201e-16	0.926232878898853	0.011	0.002	2.94171419679995e-11	c20	OSBP2
1.6142769191112e-15	0.53720296407447	0.018	0.005	5.41396193131515e-11	c20	MROH8
2.72067561817785e-15	0.206980216680476	0.012	0.003	9.12460188824487e-11	c20	NHLRC4
3.55022518209669e-15	0.806428466801713	0.013	0.004	1.19067452157159e-10	c20	USP3-AS1
5.10748368001309e-15	0.556650297897756	0.011	0.003	1.71294787660279e-10	c20	AP003721.4
5.32376921081575e-15	0.182861836174383	0.039	0.018	1.78548571792339e-10	c20	ANKRD33B
7.25159280094695e-15	0.384242735353955	0.011	0.003	2.43203919358159e-10	c20	GVQW3
7.5490055764259e-15	0.549518306035116	0.014	0.004	2.53178549022172e-10	c20	AL353622.1
7.6894861661738e-15	1.10639521740975	0.012	0.003	2.57889987041137e-10	c20	C9orf116
1.12284933416389e-14	0.300339737534764	0.014	0.004	3.76581209691886e-10	c20	REM2
1.33092233920824e-14	0.164634187784702	0.024	0.009	4.4636473412366e-10	c20	METRN
2.23672516341852e-14	0.386135579287371	0.017	0.005	7.50152885307305e-10	c20	PTPRS
2.59644023062891e-14	0.999095263325279	0.014	0.004	8.70794124548324e-10	c20	MORN4
2.79291820189919e-14	0.201443578934481	0.03	0.013	9.36688906552951e-10	c20	C20orf96
5.23575364086705e-14	1.0341415010107	0.011	0.003	1.75596705607399e-09	c20	LINC01754
5.31847856586608e-14	1.10882267198269	0.012	0.003	1.78371134142016e-09	c20	MOCOS
6.05542646550561e-14	1.10998074994328	0.012	0.003	2.03086892800127e-09	c20	AC004803.1
6.111518956639e-14	0.618439891347113	0.493	0.397	2.04968122767759e-09	c20	HSPB1
7.43536650568717e-14	0.276499701895851	0.02	0.007	2.49367321867736e-09	c20	PLAG1
1.38610199175993e-13	0.556899189596515	0.01	0.002	4.64870885996444e-09	c20	AP000446.1
1.5439137288368e-13	0.198362820155371	0.019	0.007	5.17797786377286e-09	c20	AL031777.3
1.60214521288505e-13	0.444714718743001	0.016	0.005	5.37327461497389e-09	c20	SHROOM1
2.27227051839193e-13	0.283017298230058	0.024	0.01	7.62074086458285e-09	c20	ASPHD2
2.92475436845092e-13	0.597890829576633	0.012	0.003	9.80904120091069e-09	c20	TRAM2-AS1
3.01017587561637e-13	0.502277916220929	0.018	0.006	1.00955278516422e-08	c20	COPZ2
4.95000504249604e-13	0.855190264312135	0.014	0.004	1.66013269115232e-08	c20	EYA2
5.08991071131614e-13	0.838971550019115	0.011	0.003	1.70705425436121e-08	c20	RASSF8-AS1
9.95160834198941e-13	0.140027386492259	0.029	0.013	3.33757040573641e-08	c20	NEK8
1.16624243755037e-12	0.131384589646503	0.016	0.005	3.91134388705642e-08	c20	RASSF1-AS1
1.48327730666958e-12	0.448635790546831	0.013	0.004	4.97461543110842e-08	c20	AL590705.1
2.07772687877351e-12	0.192453318369239	0.018	0.007	6.96828040603061e-08	c20	NRSN2-AS1
2.14593727267514e-12	0.53029789304276	0.014	0.004	7.19704442509788e-08	c20	AL033527.5
2.77184304006575e-12	0.913543147176385	0.012	0.004	9.2962071877725e-08	c20	PACSIN3
3.1193220628867e-12	0.144776024384377	0.031	0.014	1.04615823345094e-07	c20	IL17RC
3.35881299227165e-12	0.127491001984003	0.015	0.005	1.12647870134807e-07	c20	LINC01431
9.10696492555472e-12	0.654795041792231	0.018	0.007	3.05429389673254e-07	c20	AL645568.1
9.90660699579168e-12	0.862543412705502	0.012	0.003	3.32247785424861e-07	c20	PJVK
1.12926885907725e-11	0.302454252126555	0.02	0.008	3.78734189957329e-07	c20	SENCR
1.17975893372261e-11	0.331242929773973	0.026	0.011	3.95667551191887e-07	c20	MESP1
1.61060445827295e-11	0.137367689118816	0.012	0.004	5.40164523215581e-07	c20	ADAMTSL5
2.2470672822685e-11	0.247384160869041	0.012	0.004	7.53621425127209e-07	c20	DNAH8
2.76145980819755e-11	0.704378629933337	0.015	0.005	9.26138390473293e-07	c20	OSGEPL1-AS1
1.75888925451283e-10	0.137670649273403	0.942	0.869	5.89896278178514e-06	c20	UBC
2.08193886163544e-10	0.250931586559861	0.016	0.006	6.98240655415295e-06	c20	AL158850.1
2.74507451993838e-10	0.399662508878148	0.015	0.006	9.20643092496934e-06	c20	AC092053.3
2.76752189596086e-10	0.206425376401709	0.013	0.005	9.28171493467353e-06	c20	AGAP5
2.82897281057585e-10	0.340521563127726	0.017	0.006	9.48780901210928e-06	c20	MAP3K9
4.05605018448577e-10	0.527502228900516	0.012	0.004	1.36031811087284e-05	c20	AC106782.2
5.6297672342937e-10	0.133896704702955	0.027	0.013	1.88811133503742e-05	c20	DPCD
5.93225695225372e-10	0.358104125190088	0.011	0.003	1.98956033664685e-05	c20	ZNF547
7.59952823631483e-10	0.560152661169928	0.016	0.006	2.54872977989527e-05	c20	ASMTL-AS1
8.44002078419176e-10	0.811822085380594	0.01	0.003	2.83061417060223e-05	c20	AC093827.4
9.19417633301516e-10	0.200060362769534	0.01	0.003	3.08354285856662e-05	c20	TMEM238
1.39114565963317e-09	0.243168760277653	0.011	0.004	4.66562431327773e-05	c20	AL441883.1
1.6670307653387e-09	0.551331473857025	0.012	0.004	5.59088778079292e-05	c20	SSTR2
3.06797383200884e-09	0.412288511861635	0.017	0.007	0.000102893706377912	c20	GCAT
3.07856892949148e-09	0.140744665852705	0.013	0.004	0.000103249044757285	c20	CNR1
3.13161999706021e-09	1.93655031578939	0.01	0.003	0.000105028271461405	c20	AC024940.1
3.22258317479277e-09	1.07344751951986	0.014	0.006	0.0001080789945162	c20	IGF2BP3
3.98784701798211e-09	0.320121537364241	0.014	0.006	0.000133744413289084	c20	OAZ3
1.18358033843943e-08	0.382049792921103	0.011	0.004	0.000396949173905817	c20	BORCS8-MEF2B
1.38728004033343e-08	0.292481068604136	0.016	0.007	0.000465265979927026	c20	PHETA2
1.40400430507713e-08	1.78176660423341	0.007	0.024	0.000470874963836768	c20	IGHD
2.32146408297321e-08	0.256861577707951	0.02	0.009	0.000778572624147556	c20	AC110769.2
3.47436309941552e-08	0.382725169019708	0.01	0.003	0.00116523189628198	c20	LRP5
4.04393819165252e-08	1.03048501523719	0.01	0.003	0.00135625599071642	c20	RBFOX2
1.06763221211409e-07	0.27429477893573	0.017	0.007	0.00358062491298823	c20	CHMP4C
3.03153882728263e-07	0.572371764255192	0.011	0.004	0.0101671749189405	c20	EHHADH
4.66129394410644e-07	0.184270601496393	0.018	0.009	0.0156330476297442	c20	ZNF608
5.19227570747358e-07	0.605585863528709	0.011	0.004	0.0174138542677249	c20	AL139289.2
5.3399525329636e-07	0.122619005062032	0.018	0.009	0.0179091328050533	c20	RTN2
5.38920620263647e-07	0.124394107247218	0.014	0.006	0.0180743197624022	c20	AC026304.1
7.87551498330204e-07	0.410246781964211	0.021	0.011	0.0264129021509984	c20	CCNE1
8.56552584732009e-07	1.12032866682785	0.011	0.004	0.0287270605867421	c20	UNC13B
9.06934616026707e-07	0.223240393439202	0.013	0.005	0.0304167731523037	c20	AC005363.2
1.0189544826523e-06	0.144927981615225	0.015	0.007	0.0341736954391929	c20	MMACHC
1.43737302621494e-06	0.909668028116204	0.01	0.004	0.0482066165531966	c20	AL662796.1
