gene	p_val	avg_log2FC	pct.1	pct.2	p_val_adj	cluster
MMP23B	1.30021704563542e-16	0.0185027905304761	1.70868931027297	0.639091442460816	1.70529150632678e-15	c2
VAMP3	0.00613534281960666	0.00151910529157713	4.73015211502396	5.80839829016847	0.0203347294677308	c2
PADI6	6.02837688685334e-05	0.001303556530177	0.0833506980620963	0.00838152711424021	0.000253771437217632	c2
RPL11	0.000609390063461343	0.0243040730219559	98.3121483642425	98.2335931606739	0.00230752218001203	c2
ELOA	0.00094841522578683	0.00182578601649988	4.39674932277558	5.67219847456207	0.0035181893421567	c2
RUNX3	7.86220281417701e-13	0.124231383869059	37.1744113356949	35.4706227474646	7.14199777849048e-12	c2
AL050344.1	2.87396818614997e-07	0.00370495887252898	0.270889768701813	0.0565753080211214	1.54170097612121e-06	c2
SH3BGRL3	4.13131010019716e-103	0.286316684521546	96.103354865597	93.5860363758277	2.19929965302242e-100	c2
CD52	3.68682831361968e-95	0.309527530680875	77.495311523234	74.1681334339116	1.67093037813753e-92	c2
ZNF683	6.49006539138434e-39	0.157466954329595	15.3990414669723	9.89020199480345	3.87302158534249e-37	c2
FGR	1.30658571984467e-09	0.0274856942681257	3.10481350281309	1.85231749224709	8.81163721539324e-09	c2
OPRD1	0.0016136091904612	0.000230014478414916	0.0208376745155241	0	0.00574920057682863	c2
AC114488.3	0.00541560307128775	0.00405886241022384	0.45842883934153	0.243064286312966	0.0180760843754825	c2
PTP4A2	0.0145801804872448	0.000718432657937362	26.0679308189206	30.4794233509345	0.0457470383741433	c2
STK40	0.00458578369230209	0.000258584985139115	3.22983954990623	4.14047439443467	0.0154726371702643	c2
SNIP1	0.00760345225235174	0.00609560140377724	5.1052302563034	6.23795155477328	0.0248687908756946	c2
AL139158.2	0.000477367234169193	0.00364120427367154	0.250052094186289	0.0838152711424021	0.00182803634386463	c2
CTPS1	0.000377099172754714	0.00108360446019862	3.87580745988748	5.16302070237197	0.00146091625919459	c2
RNF11	0.0101692184993021	0.00330151083603167	11.8149614503021	13.7268460313469	0.032639989475509	c2
SLC1A7	0.00157993684101519	0.00245298013548464	0.229214419670765	0.0817198893638421	0.00569558094208668	c2
MCOLN2	0.000142863210745896	0.0514775690496202	8.77266097103563	7.52242058503059	0.000578804827494063	c2
TGFBR3	4.18951959333206e-31	0.0881556580469629	10.2729735361534	6.1164194116168	1.60580694995624e-29	c2
GLMN	0.00132535010330466	0.00335361940578899	6.45967909981246	8.01693068477076	0.00482623146195784	c2
AGL	0.0012337466062246	0.00254223369609539	5.98041258595541	7.47422680412371	0.00450881482832742	c2
HENMT1	0.00822291725686218	0.00830214547214456	6.08460095853303	7.34640851563155	0.026764382663106	c2
AMPD2	0.00764661223301014	0.000526591622367081	3.22983954990623	4.08389908641354	0.0250026402525781	c2
AL355310.2	0.0016136091904612	0.000400076119516677	0.0208376745155241	0	0.00574920057682863	c2
DENND2D	0.000298150292126769	0.00067375887456933	17.0868931027297	20.6730366272735	0.00116733183485262	c2
AL603832.3	0.0016136091904612	0.000276070533169765	0.0208376745155241	0	0.00574920057682863	c2
AP4B1	0.00597457007993668	0.000696657113232427	4.18837257762034	5.19235604727181	0.0198371578399085	c2
TSPAN2	0.00940040869025003	0.0198189471340808	3.56324234215462	2.93353448998407	0.0303232573486203	c2
AL358072.1	0.0117462904274309	0.000907282421133167	0.0625130235465722	0.0125722906713603	0.0373834777334578	c2
AC239800.3	0.00021974516180535	0.0110383682789298	1.31277349447802	0.802531221188501	0.000874029084040303	c2
CD160	6.26394571569517e-05	0.0142324747346919	1.66701396124193	1.04140474394435	0.000263126517300832	c2
LINC01731	0.0016136091904612	0.000320350474074373	0.0208376745155241	0	0.00574920057682863	c2
AC245297.3	0.00612062061101309	0.028388725724426	5.81371118983121	5.00377168720141	0.0202919507762117	c2
SETDB1	0.00118644583286729	0.000349540933770411	2.81308605959575	3.8031179280865	0.0043439978540069	c2
CDC42SE1	0.00428282511186648	0.00179689957975832	21.4002917274432	25.1257229067136	0.0145146916533729	c2
AL589765.6	0.0016136091904612	0.000382213454197543	0.0208376745155241	0	0.00574920057682863	c2
S100A10	4.19198966842206e-07	0.0666661582098083	60.3459053969577	62.5848629620317	2.20916011155781e-06	c2
SPRR5	0.0016136091904612	0.000445297760824354	0.0208376745155241	0	0.00574920057682863	c2
S100A6	4.764605201975e-15	0.087185129985714	76.8493436132528	78.1849803034113	5.45562749279063e-14	c2
RPS27	2.52137389823134e-209	0.308261023173134	99.5415711606585	99.2959517224038	4.69787987771569e-206	c2
FCRL6	6.82277309053079e-51	0.0657466703208956	5.45947072306731	2.04718799765317	7.17310858652732e-49	c2
KCNJ10	0.00456004361552753	0.000812459493550032	0.0416753490310481	0.00419076355712011	0.0153981819147767	c2
SLAMF7	8.31244982067317e-51	0.0965073316737532	8.8351739945822	4.20124046601291	8.60441179276965e-49	c2
CD244	0.0104149938121592	0.0365539842240973	6.1471139820796	5.42494342469198	0.0333855925751112	c2
ADAMTS4	0.00124877748708034	0.00394821005635988	0.437591164826005	0.205347414298885	0.00456175790890974	c2
FCGR3A	6.38288294997496e-26	0.0561834901255851	5.77203584080017	2.98172827089096	1.74465467299315e-24	c2
FCRLB	0.00490937016058544	0.0100573440388813	0.916857678683059	0.586706897996815	0.0164864780660573	c2
XCL2	8.97634745332042e-95	0.24698085210797	18.0037507814128	8.96194786690135	3.96116764328237e-92	c2
XCL1	8.07625960165345e-44	0.145638033646533	12.6067930818921	7.1808733551253	6.3285419280433e-42	c2
GLUL	0.000599762947348724	0.0554041534631739	13.7320275057304	12.4884754002179	0.00227286437606571	c2
COLGALT2	0.00104233579752092	0.0092053870967804	1.1252344238383	0.701952895817618	0.0038470185954943	c2
AL445228.2	0.0117507011972704	0.00100380478184772	0.0625130235465722	0.0125722906713603	0.0373939668615669	c2
C1orf21	1.31416085340504e-76	0.0990928650426274	8.54344655136487	3.2834632470036	3.39033282319217e-74	c2
PTPRC	4.13783752540368e-14	0.0832530027404497	74.7447384871848	76.4772441538848	4.31916573068748e-13	c2
KIF21B	0.00174008489641582	0.00144450968755948	4.54261304438425	5.77068141815439	0.00617620565731756	c2
LGR6	1.09010148252043e-24	0.0232231325725919	2.02125442800583	0.655854496689297	2.75715109508071e-23	c2
SOX13	0.000241034348330247	0.00393371091777137	0.333402792248385	0.123627524935043	0.000954179647580242	c2
LPGAT1	0.00272611203912826	0.042319180369536	7.66826422171286	6.75760623585617	0.00948131759496875	c2
GUK1	7.10824257577872e-14	0.0747008655409782	56.9493644509273	60.1248847540022	7.21756704530629e-13	c2
NUP133	0.000141075740870034	0.00021778258627364	4.18837257762034	5.63029083899086	0.000571977538358221	c2
TARBP1	0.0151828914848106	0.00188349159293427	2.93811210668889	3.67739502137289	0.0475180864704719	c2
RPS7	4.77157003578691e-70	0.14620045171504	97.0202125442801	96.9973179113234	1.00018072412638e-67	c2
LINC01871	4.11320664926099e-36	0.219483532270614	36.2783913315274	29.586790713268	2.11902802769455e-34	c2
AC006369.1	7.49885625766501e-11	0.0403340311305913	5.75119816628464	3.8659793814433	5.70934486196525e-10	c2
LINC01819	0.0016136091904612	0.000381570091712322	0.0208376745155241	0	0.00574920057682863	c2
LINC02580	0.00404301731559095	0.00414468122312452	0.354240466763909	0.167630542284804	0.013750604880873	c2
ZFP36L2	2.91630133165177e-58	0.316396378208984	79.9958324650969	75.8171988936384	3.91227656243748e-56	c2
PRKCE	0.0133984595181467	0.000484012391099992	1.31277349447802	1.82088676556869	0.0422130141211466	c2
RPS27A	1.04977020129249e-67	0.168666507078081	98.5622004584288	98.2796915598022	2.03509786190449e-65	c2
PLEK	1.91511516989213e-55	0.118123730300146	11.4398833090227	5.86916436174671	2.33560482064881e-53	c2
ARHGAP25	0.0012776654026285	0.0030290357147954	9.29360283392373	11.2563909144246	0.00466220675371066	c2
ANXA4	0.00364499627123027	0.00013908263729849	4.89685351114816	6.06193948537424	0.0124708891778013	c2
GNLY	1.28725040372399e-82	0.555815340752769	48.7393206918108	35.2024138798089	3.88935171532388e-80	c2
CD8A	0	0.891223531259096	72.1817045217754	40.0385550247255	0	c2
CD8B	0	0.677296965217205	57.6370077099396	31.9671444137122	0	c2
IGKV2-40	0.0016136091904612	0.000266026267546535	0.0208376745155241	0	0.00574920057682863	c2
ASTL	0.0030884518369479	0.00704967069690834	1.06272140029173	0.685189841589138	0.0106531417985764	c2
DUSP2	1.09902430997223e-55	0.312236786435978	62.0545947072307	58.7838404157237	1.35014935193585e-53	c2
MGAT4A	4.62459375393869e-09	0.106698521742341	27.8808085017712	25.9554940910234	2.96217771809771e-08	c2
LINC01849	8.20666663180944e-06	0.00100811605694321	0.0416753490310481	0	3.78434188777155e-05	c2
RPL31	5.01574849060818e-06	0.010587917773824	66.3471556574286	71.1424021456709	2.36927004053545e-05	c2
AC013457.1	0.0016136091904612	0.000288887136029948	0.0208376745155241	0	0.00574920057682863	c2
PTPN4	4.56488688660832e-07	0.0765615720356803	14.9406126276308	13.1087084066717	2.399642263371e-06	c2
BIN1	0.00662895047339591	0.0077438803227024	19.9416545113565	23.3991283211801	0.0218669952765567	c2
CCDC115	0.000138590605214506	0.00228318369777014	9.98124609293603	12.454949291761	0.000562581907248136	c2
PRSS40A	0.0117448204971956	0.000800823030143255	0.0625130235465722	0.0125722906713603	0.0373823469521634	c2
CXCR4	8.65849351616399e-38	0.237052265865856	64.3259012294228	60.5502472550499	4.86412990862827e-36	c2
ZEB2	2.23128380511896e-34	0.178327310048617	27.0473015211502	21.1109714189925	1.0279230254956e-32	c2
NR4A2	6.0100938874318e-17	0.153921628596174	47.5307355699104	45.308440197804	8.09504131713605e-16	c2
GALNT3	1.14038781302553e-05	0.0260688667078113	3.68826838924776	2.64018104098567	5.1845365966179e-05	c2
AC009495.3	9.63051179495522e-06	0.0119972386354754	1.14607209835382	0.607660715782416	4.40458345260068e-05	c2
MYO3B	2.93146228993573e-05	0.00344219148464189	0.250052094186289	0.0670522169139217	0.000127881610665797	c2
AC007277.1	0.0016136091904612	0.000370182767691796	0.0208376745155241	0	0.00574920057682863	c2
SP5	0.0016136091904612	0.00026436820689298	0.0208376745155241	0	0.00574920057682863	c2
DCAF17	0.00936764110692521	0.000146962161671746	2.27130652219212	2.96496521666248	0.0302320965592819	c2
WIPF1	3.22975881167557e-07	0.0801707159207941	45.0927276515941	47.1146592909228	1.72456059586014e-06	c2
NDUFS1	0.000210318598644256	0.00155313017116661	4.81350281308606	6.3259575894728	0.000838125613276028	c2
UNC80	0.000543451242665888	0.000757543128771396	0.0416753490310481	0.00209538177856005	0.00206740786938845	c2
AC098820.3	0.0016136091904612	0.000413469710887584	0.0208376745155241	0	0.00574920057682863	c2
RPL37A	1.40054289930548e-13	0.0313780038272813	84.5801208585122	87.5555276171318	1.3770568090562e-12	c2
IGFBP2	0.000297454173664369	0.0119294567184276	1.0418837257762	0.605565334003855	0.00116501437304164	c2
CXCR2	0.00184242322376026	0.00355933423290134	0.354240466763909	0.157153633392004	0.0065194334330525	c2
TMBIM1	0.00381037478607345	0.0041396741877347	9.66868097520317	11.5057413460733	0.0130068549186088	c2
CATIP	0.0137712304660897	0.00148012083628781	0.10418837257762	0.0314307266784008	0.0433426733644629	c2
CTDSP1	0.00199012243031002	0.00677373182806401	8.87684934361325	10.7576900511273	0.00701173716438045	c2
ZFAND2B	0.000675182675493888	0.00444715577495683	11.9608251719108	14.5105188165284	0.00254401489391237	c2
TUBA4A	1.88520151463913e-35	0.227702495836795	39.9666597207752	35.8268376498198	9.35294207070521e-34	c2
DNPEP	0.00096109193737978	0.00535691755741013	8.37674515524068	10.2820383873942	0.00356363752303406	c2
EPHA4	5.94919887708314e-08	0.024009460327809	3.12565117732861	1.97175425362501	3.4083401424601e-07	c2
ITM2C	9.76787958719558e-32	0.18597897459838	24.0466763909148	18.5315564495851	3.89530494168092e-30	c2
NMUR1	0.00031412269485685	0.0119683920600922	1.1252344238383	0.670522169139217	0.00122614605913746	c2
ATG16L1	0.00924103810699143	0.000290236176321436	3.39654094603042	4.24943424691979	0.0298464884468681	c2
SPP2	0.0016136091904612	0.000333910160404332	0.0208376745155241	0	0.00574920057682863	c2
ARL4C	1.21187576465031e-16	0.141260093823062	42.4463429881225	40.8683262090353	1.59262889478221e-15	c2
AGAP1	1.16425350516306e-15	0.0116763552395862	0.896020004167535	0.236778140977286	1.41679006009284e-14	c2
AC079612.2	0.0016136091904612	0.000378573567902558	0.0208376745155241	0	0.00574920057682863	c2
AC011298.1	0.0016136091904612	0.000361679507521899	0.0208376745155241	0	0.00574920057682863	c2
AC131097.4	0.00832639810201698	0.00228365047009847	0.166701396124193	0.0607660715782416	0.027074921421897	c2
IL5RA	0.000407038437421586	0.00615433837974967	0.66680558449677	0.341547229905289	0.00157254407490441	c2
CRBN	0.0142714653983182	0.0064997518872055	9.46030423004793	11.0217081552259	0.0448203395944185	c2
CRELD1	0.0154172520053755	0.000811903161662547	3.75078141279433	4.58679071326796	0.0482110767138726	c2
RPL32	5.35621456365371e-05	0.0177967079875962	98.4996874348823	98.7574386053139	0.000226513626343896	c2
SLC6A6	0.000459444584862299	0.00420279318389449	8.43925817878725	10.4790042745788	0.00176161205144185	c2
GALNT15	0.0016136091904612	0.000516351014201729	0.0208376745155241	0	0.00574920057682863	c2
PLCL2	0.015257254875461	0.00152179609912981	3.47989164409252	4.28296035537675	0.0477285527481775	c2
SLC4A7	0.0146880218118326	0.0104731119939247	11.294019587414	13.1254714609002	0.046076461202726	c2
LINC02084	5.67596740766621e-12	0.0387663128760519	4.27172327568243	2.60246416897159	4.8034467554456e-11	c2
EOMES	9.4789807797041e-17	0.0604431047382196	6.52219212335903	4.06923141396362	1.26003193574997e-15	c2
CMC1	6.06883668537464e-51	0.242587065371197	25.3594498853928	18.5064118682424	6.42071434555503e-49	c2
GADL1	0.0016136091904612	0.000411675894293275	0.0208376745155241	0	0.00574920057682863	c2
TRANK1	0.000487624407332179	0.000614503574544262	7.81412794332152	9.69323610761881	0.00186561115367404	c2
CX3CR1	4.61474433999393e-32	0.0396355485514952	3.12565117732861	1.11683848797251	1.86244639801103e-30	c2
RPL14	6.92627198387596e-17	0.052893060896817	92.6234632215045	93.9380605146258	9.27688936881917e-16	c2
AC104184.1	0.0134739008248583	0.00428333336485283	0.604292560950198	0.370882574805129	0.0424347531095969	c2
TMA7	9.71944427998473e-14	0.0536486711870914	79.8708064180038	82.1703964462325	9.70728773859821e-13	c2
RASSF1	1.19541564543218e-05	0.0846503723853473	19.4623879974995	18.2549660548152	5.42001485960586e-05	c2
RPL29	3.84119934134521e-07	0.030660931482438	95.0614711398208	95.8972424775794	2.03356185493347e-06	c2
PROK2	6.74094258637761e-10	0.0231501451752801	2.91727443217337	1.68049618640516	4.67972950656039e-09	c2
AC106712.1	0.0016136091904612	0.000366904989902261	0.0208376745155241	0	0.00574920057682863	c2
AC063944.1	0.0016136091904612	0.000351610216134509	0.0208376745155241	0	0.00574920057682863	c2
CD96	0.000737558971480988	0.0688177795488695	35.6949364450927	36.6754672701366	0.00276691865609948	c2
B4GALT4	0.00854891347402983	0.00314805708553779	3.87580745988748	4.81309194535244	0.0277581043752553	c2
COL6A6	0.0016136091904612	0.000586034031910571	0.0208376745155241	0	0.00574920057682863	c2
ATP1B3	0.0082540841201934	0.0071925931758931	20.1917066055428	23.5562819545721	0.0268527959281255	c2
GYG1	0.00758471963216726	0.0678224814637396	16.5451135653261	16.241304165619	0.0248123612001195	c2
SLC2A2	0.0016136091904612	0.000429469509877821	0.0208376745155241	0	0.00574920057682863	c2
AC131235.4	0.00456381961551554	0.00064997209964968	0.0416753490310481	0.00419076355712011	0.0154000787066264	c2
CHRD	0.0016136091904612	0.000371206108654579	0.0208376745155241	0	0.00574920057682863	c2
TPRG1	2.69188028391558e-07	0.0258782182332467	3.77161908730986	2.54169809739335	1.44935432592648e-06	c2
RNF168	0.0139291317804121	0.00884011766842371	9.12690143779954	10.692733215992	0.0438190809165613	c2
SENP5	0.00295204328158156	0.00235065236917655	4.29256095019796	5.42075266113486	0.0102099234379378	c2
RPL35A	1.95699572484677e-44	0.118265889079578	95.7491143988331	96.3142234515129	1.57018475167251e-42	c2
TMEM175	0.00944364687938997	0.00311941270316571	5.6261721191915	6.77017852652753	0.0304539451000943	c2
SPON2	6.48286063052364e-45	0.138073889755479	14.8364242550531	8.96823401223703	5.3289749957476e-43	c2
LYAR	1.26562504324815e-99	0.257758327466922	26.3388205876224	15.7740340290001	6.24213716183181e-97	c2
FAM200B	0.00279846622528235	0.00671956953098635	8.77266097103563	10.5649149274998	0.00971482871995855	c2
FGFBP2	3.39161927884597e-261	0.268195208967527	15.7324442592207	4.14885592154891	9.47901061449468e-258	c2
DTHD1	1.28065310234934e-07	0.0471114366458404	7.37653677849552	5.63238622076942	7.10161106921165e-07	c2
KLF3	5.97114545594367e-08	0.0552306553402897	11.1481558658054	9.03109546559383	3.41857760842333e-07	c2
ATP8A1	1.3367578033377e-06	0.0838686875524897	17.4411335694936	15.8180370463498	6.69736827133847e-06	c2
ATP10D	0.000941739641110138	0.00256057880220785	4.89685351114816	6.25680999078032	0.00349497223454153	c2
ZAR1	0.0016136091904612	0.000324537235715259	0.0208376745155241	0	0.00574920057682863	c2
FRYL	0.000200711028602525	0.00184842753910455	12.3150656386747	15.0930349509681	0.000801744458941339	c2
HOPX	1.67326644583276e-108	0.336274264691294	35.5282350489685	22.9213812756684	1.00210732250606e-105	c2
SLC4A4	4.08659058070646e-05	0.0092732317708469	1.0418837257762	0.561562316654094	0.000175308358781956	c2
RPL34	5.88250196785933e-39	0.125729037760033	98.1662846426339	98.1455871259744	3.52298841067975e-37	c2
ADAD1	0.0016136091904612	0.000293228417001286	0.0208376745155241	0	0.00574920057682863	c2
AGA	0.00109755801081616	0.00117825035010868	5.27193165242759	6.65493252870673	0.00403705862763242	c2
UFSP2	0.0105115879440156	0.00427605846267563	4.77182746405501	5.80001676305423	0.0336776496433316	c2
TLR3	0.00248453806676346	0.00693269104377263	0.770993957074391	0.454697845947532	0.00866900100739833	c2
AC097652.1	4.83485607930211e-06	0.00128363936993007	0.0625130235465722	0.00209538177856005	2.28898084680455e-05	c2
LPCAT1	2.33849808103279e-06	0.0511573366581047	8.50177120233382	6.8979968150197	1.14327330381455e-05	c2
PRKAA1	0.00471706758605763	0.00177960694426392	6.89727026463847	8.28094878886933	0.0158836358133736	c2
RPL37	0.00110020383321738	0.000712938752041037	95.7699520733486	96.947028748638	0.00404590308754875	c2
PARP8	5.26090124044833e-22	0.161249874874019	31.569076891019	27.8685776548487	1.08245463682304e-20	c2
ITGA1	0.0154980923558242	0.0670960100882216	15.5240675140654	15.1621825496605	0.0484458030971789	c2
GZMK	1.23361243084397e-289	0.619420892666805	40.6543029797875	19.6840164277931	4.13728937056449e-286	c2
GZMA	1.60184083726405e-232	0.82809812375775	83.142321316941	52.5773195876289	3.83732414286868e-229	c2
SLC38A9	0.00507549474552463	0.00171011157136466	3.14648885184413	4.03780068728522	0.0170037781631701	c2
PIK3R1	4.65205341421129e-36	0.209513679863014	34.1321108564284	28.8827424356718	2.38928893423918e-34	c2
TMEM171	0.000219458105285712	0.00607851751102559	0.66680558449677	0.331070321012489	0.000872990859337234	c2
ENC1	4.28681102812569e-85	0.0993485423798399	7.91831631589915	2.74495012991367	1.36924826915504e-82	c2
FAM169A	0.00154667592151667	0.0109614903648269	1.70868931027297	1.18598608666499	0.00558428432079083	c2
F2R	5.11644471203814e-13	0.0759618889819892	11.0231298187122	8.29352107954069	4.72844647981083e-12	c2
RPS23	1.13450863655224e-20	0.0851150711788358	97.1660762658887	97.1984745620652	2.09521754695424e-19	c2
FAM172A	0.00344209721699256	0.00303476314498653	6.60554282142113	8.03578912077781	0.0118134523601613	c2
ERAP2	0.000188414214379446	0.00137520797592894	14.6280475098979	17.8736065711173	0.000754241575776781	c2
LNPEP	0.00079343350607283	0.00125331129267131	19.441550322984	23.3404576313804	0.0029678979396242	c2
SLCO4C1	4.80537403963214e-08	0.00898032093088785	0.833506980620963	0.328974939233928	2.78154357164623e-07	c2
LINC02163	0.0016136091904612	0.00034813652354847	0.0208376745155241	0	0.00574920057682863	c2
EFNA5	0.0010862042836946	0.00286808794813133	0.250052094186289	0.0901014164780823	0.00399705061076911	c2
EPB41L4A	3.57244340324077e-07	0.00854741518138529	0.708480933527818	0.276590394769927	1.89877348427716e-06	c2
TRIM36	0.00286161043316357	0.00346684668869058	0.270889768701813	0.111055234263683	0.00992068334788505	c2
TMED7	0.00537099682230725	0.000132598490030507	2.91727443217337	3.76540105607242	0.0179379099209859	c2
AP3S1	0.00619655978738959	0.00732785362328797	18.3996665972078	21.599195373397	0.020525454039454	c2
AC018752.1	0.0016136091904612	0.000357100260031847	0.0208376745155241	0	0.00574920057682863	c2
DMXL1	0.00993353565849788	0.00506524987835265	5.83454886434674	7.00486128572626	0.031926297931452	c2
AC010255.1	0.0016136091904612	0.000286702509940645	0.0208376745155241	0	0.00574920057682863	c2
IL4	9.89324296442244e-05	0.00461722686949448	0.395915815794957	0.150867488056324	0.000407066105435897	c2
SMAD5	0.00627302608374448	0.00147419730636896	2.66722233798708	3.46576146173833	0.0207582386577822	c2
PPP2R2B	2.09326116807318e-14	0.0672100598509222	9.23108981037716	6.55016343977873	2.25953630688247e-13	c2
JAKMIP2	0.000780536162975962	0.0204753531462431	3.04230047926651	2.29653842930182	0.00292226187027102	c2
ADRB2	1.42703486441449e-25	0.0628777100254804	6.87643259012294	3.8031179280865	3.83492750662925e-24	c2
CD74	0.00127676129657018	0.03016912683804	78.9747864138362	80.1986421926075	0.00465941462071498	c2
RPS14	1.49321429382226e-68	0.14312887985608	97.374453011044	97.6489816444556	2.9809179158459e-66	c2
SGCD	1.71823626418213e-07	0.00375708660006691	0.333402792248385	0.079624507585282	9.40989677141414e-07	c2
CYFIP2	0.0013005489705345	0.0018760152253906	20.7126484684309	24.8218925488224	0.00474209734439944	c2
CDHR2	0.00912818564471761	0.00199008128117509	0.187539070639717	0.0733383622496019	0.0295104193322286	c2
RAB24	0.00117293878751619	0.00782930363606132	9.16857678683059	11.1935294610678	0.00429688924693806	c2
GFPT2	3.93157063619237e-14	0.0173550448524353	1.62533861221088	0.647472969575057	4.11153776104208e-13	c2
TRIM41	0.000985646171945951	0.000118886693992987	3.39654094603042	4.49249853323276	0.00365024307803923	c2
AL031963.1	0.0016136091904612	0.000328222531494525	0.0208376745155241	0	0.00574920057682863	c2
AL356747.1	0.0016136091904612	0.000449470970368064	0.0208376745155241	0	0.00574920057682863	c2
ATXN1	0.0056154844240894	0.00515695185153953	12.3775786622213	14.5251864889783	0.0187022955923645	c2
ZSCAN16-AS1	0.00230311478878632	0.00184218721085357	5.25109397791207	6.53549576732881	0.00806787798060533	c2
HLA-E	1.54033479827007e-42	0.130361017201753	84.4967701604501	85.6361579079708	1.11817637368791e-40	c2
HLA-C	5.9694501732109e-43	0.152019057820084	88.5392790164618	88.6954153046685	4.46882633725775e-41	c2
HLA-B	1.48050393485109e-39	0.11944839542158	99.1456553448635	98.8119185315565	9.2292083581851e-38	c2
DDAH2	0.00712508011446826	0.00250596915579586	5.66784746822255	6.85399379766994	0.0234045971477999	c2
CLIC1	0.0087655431220194	0.00843701282383846	67.6807668264222	70.8113318246585	0.0284119827221694	c2
HLA-DRB5	3.04405882201755e-05	0.0845572355951899	23.2756824338404	22.3304836141145	0.000132552122530284	c2
HLA-DRB1	1.72500381167101e-24	0.191522119766964	54.6988956032507	48.8182046768921	4.29815585704475e-23	c2
TAP2	0.00485714251548454	0.00124755412025136	4.75098978953949	5.85868745285391	0.0163176245301333	c2
HLA-DPA1	5.02646908053993e-11	0.111490398550602	45.0718899770786	43.5902271393848	3.89145244744109e-10	c2
HLA-DPB1	7.88653474479607e-45	0.228852763532351	46.8014169618671	40.8348001005783	6.45118542124318e-43	c2
RPS18	2.74707098803057e-05	0.0173269690172329	95.7907897478641	96.6096722822898	0.000120118991912085	c2
TAPBP	0.00150507029598437	0.0715939220302546	34.7364034173786	36.7152795239293	0.00544226928158746	c2
GRM4	0.0016136091904612	0.000282311872423692	0.0208376745155241	0	0.00574920057682863	c2
AL157823.2	0.0016136091904612	0.000255596226265189	0.0208376745155241	0	0.00574920057682863	c2
TRERF1	0.00884392472263304	0.000587669754230788	4.9385288601792	5.99069650490319	0.0286549654475574	c2
CLIC5	0.0155064666504335	0.00157084534889168	3.50072931860804	4.31229570027659	0.048467463049603	c2
AL035701.1	3.36039573633369e-06	0.00899805931828585	0.833506980620963	0.37926410191937	1.61647952101491e-05	c2
ENPP4	0.00343114856981082	0.017577077656364	2.7714107105647	2.14357555946693	0.0117770812336829	c2
ENPP5	3.36444371329455e-07	0.00704187731538678	0.625130235465722	0.228396613863046	1.79248154497971e-06	c2
AL513211.1	0.0016136091904612	0.000486186710213399	0.0208376745155241	0	0.00574920057682863	c2
SCML4	7.25383506549479e-17	0.108093398022946	17.0243800791832	13.4586371636912	9.70786593880943e-16	c2
FYN	0.000498324988507612	0.0600852117406289	41.3211085642842	43.4665996144498	0.00190307714240131	c2
ASF1A	0.00012369955521057	0.00106969959802738	8.93936236715983	11.2081971335177	0.000504393396067124	c2
HINT3	0.00222378810104125	0.000276562950574731	2.95894978120442	3.90369625345738	0.00779977048030972	c2
THEMIS	3.02324783385301e-12	0.109930400033768	21.2127526568035	18.3869751068645	2.61189298948383e-11	c2
SAMD3	1.2589670334818e-90	0.211884981494857	21.5044801000208	12.0673036627273	4.96743957281324e-88	c2
RPS12	3.43157049251715e-85	0.18110214530944	99.4790581371119	99.2037549241472	1.11735933182563e-82	c2
IFNGR1	0.00316498623910849	0.0477623398682948	11.4815586580538	10.5292934372643	0.0109081603624726	c2
TNFAIP3	2.12173755847377e-17	0.121014568751107	77.8495519899979	78.3316570279105	2.97735708100809e-16	c2
TAB2-AS1	0.0016136091904612	0.000380473531068455	0.0208376745155241	0	0.00574920057682863	c2
AL031056.2	0.0016136091904612	0.000473527361725113	0.0208376745155241	0	0.00574920057682863	c2
SYNE1	6.54540958916497e-15	0.114549373343212	19.3790372994374	16.1344396949124	7.39373347259733e-14	c2
SYNE1-AS1	8.20666663180944e-06	0.00061024645033535	0.0416753490310481	0	3.78434188777155e-05	c2
SYTL3	1.06258224276941e-22	0.164844019224238	38.4246718066264	35.4790042745788	2.30510240996121e-21	c2
PAPOLB	0.0016136091904612	0.000349751996698405	0.0208376745155241	0	0.00574920057682863	c2
RNF216	0.00312470907711018	0.000426535723227178	5.89706188789331	7.21439946358226	0.0107726658129237	c2
TOMM7	2.15365564487446e-13	0.0629200620560439	67.1389872890185	69.9627022043416	2.07257684412625e-12	c2
HERPUD2	0.0028439688530576	0.0740851058019846	22.9006042925609	22.975861201911	0.0098627746358381	c2
AOAH	1.09323698104701e-61	0.127620665984461	12.0233381954574	6.01793646802447	1.70534799396998e-59	c2
GPR141	4.09996555687558e-20	0.0176363430561253	1.45863721608668	0.444220937054731	7.20674239237386e-19	c2
TRGC2	2.48368824310563e-09	0.0634500824127447	9.39779120650135	7.26468862626771	1.63137360550875e-08	c2
TRGV11	0.00355382599145229	0.00258317194003142	0.166701396124193	0.0544799262425614	0.0121831969847007	c2
TRGV10	1.27185511432583e-08	0.0692176061417894	10.4813502813086	8.30818875199061	7.82525716827364e-08	c2
TRGV9	7.26186811742213e-23	0.0803921283286446	7.39737445301104	4.37934791719051	1.6012395326897e-21	c2
TRGV7	1.73802355217778e-08	0.0360070312979527	3.896645134403	2.56055653340039	1.05425635545195e-07	c2
TRG-AS1	0.0019412479160498	0.0590315094888289	12.5859554073765	11.6251781074512	0.00684673179182649	c2
TRGV5	0.000720126945247779	0.0145784862729486	2.1671181496145	1.53381946190596	0.00270631376817787	c2
TRGV4	2.73428660985705e-40	0.0543556068463301	3.87580745988748	1.37247506495684	1.7945695561915e-38	c2
TRGV3	5.81680087426225e-15	0.0549115296831096	5.39695769952073	3.29813091945352	6.60853210437016e-14	c2
TRGV2	1.18063128178844e-09	0.0530526568327776	6.77224421754532	4.85499958092364	7.99273555280996e-09	c2
AC013436.1	0.0016136091904612	0.000440960110006754	0.0208376745155241	0	0.00574920057682863	c2
MYO1G	0.00400142886933264	0.00629872443543017	17.5661596165868	20.7023719721733	0.0136188270164074	c2
IGFBP3	0.0018039603453235	0.00945570234569398	1.50031256511773	1.01835554438019	0.00638737563993448	c2
AUTS2	3.59081928203606e-47	0.117638121273781	12.1066888935195	6.72617550917777	3.21143725549135e-45	c2
GSAP	0.000205582579502456	0.0202148537659232	2.8547614086268	2.06395105188165	0.000820324634307362	c2
ZKSCAN5	0.0152538589550306	0.000307127454217553	1.68785163575745	2.24624926661638	0.0477223807494232	c2
PILRB	0.00423778443420075	0.030616624878897	5.6261721191915	4.79213812756684	0.014373666500225	c2
TSC22D4	0.00386225459033243	0.00820117623029437	18.9206084600959	22.4101081216998	0.0131732222567445	c2
ACHE	9.49286874240787e-05	0.00350421600440369	0.312565117732861	0.104769088928003	0.000391216308531427	c2
LRWD1	0.00139464854970966	0.000936414330260774	2.54219629089394	3.46366607995977	0.00506428357082747	c2
COG5	0.00641291987274236	0.0028225107998974	5.18858095436549	6.3364344983656	0.0211960684628002	c2
ZNF800	0.000399473165248508	0.000891168039903079	13.7320275057304	16.6373313217668	0.00154402800692687	c2
CYREN	0.00051045022741913	0.00104435841038759	3.41737862054595	4.58888609504652	0.0019465013902425	c2
SLC37A3	0.0134496049358097	0.000600561699022853	3.18816420087518	3.96865308859274	0.0423661923863234	c2
TRBV9	2.01206078256566e-06	0.0382773353631896	4.43842467180663	3.17031263096136	9.91194102903745e-06	c2
TRBV5-5	0.000486616530973043	0.0163932611574894	1.77120233381955	1.18808146844355	0.00186196750893028	c2
TRBV7-9	0.000497109624034083	0.0449053039154337	6.12627630756408	5.00796245075853	0.00189886817435707	c2
TRBV15	6.94683297323275e-14	0.0315625593740108	2.60470931444051	1.27608750314307	7.06222747063595e-13	c2
TRBV27	1.53125545847276e-09	0.0704248494976597	7.41821212752657	5.40189422512782	1.0252594443254e-08	c2
TRBC1	9.48492776570404e-05	0.0814908787916857	40.0291727443217	40.0238873522756	0.000390937086648866	c2
AC093673.1	0.0103629088819883	0.00510150870111928	0.520941862888102	0.301734976112648	0.0332298726536115	c2
EPHA1	1.59333006001525e-15	0.0298128943068769	2.79224838508022	1.34733048361411	1.91599510766552e-14	c2
EPHA1-AS1	5.14059152990625e-08	0.020423168113132	2.20879349864555	1.26561059425027	2.96534500739587e-07	c2
GIMAP4	1.45939187962202e-09	0.10846881724037	23.9841633673682	22.0077948202162	9.79097516678604e-09	c2
GIMAP2	0.0136341336130667	0.00847594405699603	8.52260887684934	10.0054479926243	0.0429232679165522	c2
GIMAP1	1.352128823156e-05	0.0691766411915269	14.9406126276308	13.3957757103344	6.10168144120103e-05	c2
KCNH2	0.00603495177375839	0.00148366449083502	0.10418837257762	0.0272399631212807	0.0200198034211977	c2
SMARCD3	0.000882184572848256	0.014708971262485	1.81287768285059	1.25094292180035	0.00328230599114542	c2
KMT2C	0.000539353720817797	0.000170842598911702	12.6484684309231	15.2732377839242	0.00205251844874473	c2
VIPR2	0.00115400165001466	0.00607713168629974	0.833506980620963	0.481937809068812	0.00423260141493783	c2
P2RY8	2.63268875501529e-18	0.10512600290467	16.0658470514691	12.3920878384042	3.99164174799742e-17	c2
CD99	6.44392156518102e-109	0.311064200493109	76.4325901229423	71.1507836727852	4.00215261950076e-106	c2
TMSB4X	2.18945751414035e-44	0.128622888145457	99.8958116274224	99.6458804794234	1.75250658971931e-42	c2
ZRSR2	0.00350996359467945	0.00111383797233491	6.08460095853303	7.41555611432403	0.0120365193290756	c2
SYAP1	0.00175499930584045	0.000242462728951509	17.8578870598041	21.1382113821138	0.00622387297443979	c2
USP11	0.00952376770279748	0.0543426910065404	12.6276307564076	11.9960606822563	0.0307005114587103	c2
MAGED1	0.0144592104406779	0.00172166431475154	2.64638466347156	3.35051546391753	0.0453802170839842	c2
ITIH6	0.0016136091904612	0.000326586219274761	0.0208376745155241	0	0.00574920057682863	c2
ALAS2	8.20666663180944e-06	0.000926374331209114	0.0416753490310481	0	3.78434188777155e-05	c2
OGT	0.00170764436902362	0.00487679431234389	15.148989372786	17.9783756600453	0.0060674835097271	c2
CXorf49B	0.0016136091904612	0.000300160830622256	0.0208376745155241	0	0.00574920057682863	c2
RPS4X	1.09981893438865e-23	0.0802176333542963	94.4571785788706	95.4320677227391	2.59393301135911e-22	c2
GPR174	0.0109310362229922	0.0769299363573909	22.6505521983747	23.0911071997318	0.0349247492470909	c2
RPL36A	1.1237396297829e-12	0.0996820964858407	59.5332360908523	60.9253205934121	1.00852929956011e-11	c2
FRMPD3	0.00752762945834101	0.00277954052319534	0.250052094186289	0.108959852485123	0.024635210458025	c2
RPL39	7.96037364216402e-36	0.094517377093331	99.0623046468014	99.2100410694829	4.03895629668528e-34	c2
TENM1	0.00533815054244108	0.00455341362025682	0.479266513857054	0.257731958762887	0.0178442034179596	c2
XPNPEP2	0.00193909597848082	0.00321724724140284	0.312565117732861	0.132009052049283	0.00683986126696358	c2
RAP2C	0.00633700459508582	0.00474546979132245	7.85580329235257	9.3474981141564	0.0209605044880446	c2
SAGE1	0.0016136091904612	0.000222020815231039	0.0208376745155241	0	0.00574920057682863	c2
PDZD4	0.000817291246030114	0.00501031357237124	0.645967909981246	0.339451848126729	0.00305237347542962	c2
FLNA	7.04730129729305e-10	0.111794477630897	32.7776620129194	31.5983572206856	4.88533259422518e-09	c2
RPL10	1.18959266356533e-60	0.147378599832552	99.6249218587206	99.3483362668678	1.78109637279706e-58	c2
AC083964.1	0.0016136091904612	0.000434662144078377	0.0208376745155241	0	0.00574920057682863	c2
MYOM2	1.67027487088942e-05	0.0167709095194382	2.08376745155241	1.32637666582851	7.46703260728996e-05	c2
DEFA1	0.0016136091904612	0.000363617290929139	0.0208376745155241	0	0.00574920057682863	c2
FAM85B	0.00105750822402001	0.00184715925272964	0.145863721608668	0.037716872014081	0.00389915466327871	c2
GATA4	0.0016136091904612	0.000420383515784154	0.0208376745155241	0	0.00574920057682863	c2
FAM86B2	0.0117448204971956	0.000992047241254086	0.0625130235465722	0.0125722906713603	0.0373823469521634	c2
PDLIM2	0.000786513666327556	0.0683069943998937	17.336945196916	16.5346576146174	0.00294332686245186	c2
HMBOX1	0.00956978684128315	6.36993167451791e-05	3.20900187539071	4.03151454194954	0.030839964551067	c2
LEPROTL1	0.000155773214497131	0.0449826084835194	52.9276932694311	57.1096303746543	0.000628678949194317	c2
EIF4EBP1	0.000149214444756793	0.00318151678151271	8.52260887684934	10.7283547062275	0.000603661525724165	c2
ADHFE1	0.00119673304239334	0.0158937815793035	2.50052094186289	1.84393596513285	0.00437975041202399	c2
MYBL1	3.21375356589872e-08	0.0430036917259767	5.68868514273807	4.09228061352778	1.89225539138187e-07	c2
NCOA2	0.0015770268442192	0.0029681331223283	8.14753073556991	9.90277428547481	0.00568774344568487	c2
STAU2	0.00207359453296604	0.000362554376973231	4.02167118149614	5.13787612102925	0.0072897498371714	c2
RPL30	3.20190458198408e-78	0.176899239910658	99.2290060429256	98.9585952560556	8.87483271657704e-76	c2
SLC25A32	0.000265595934540384	0.000514718082602506	8.52260887684934	10.5900595088425	0.00104610175603234	c2
OXR1	0.00698906978175349	0.00393273092393039	4.33423629922901	5.35998658955662	0.0229758304587775	c2
AC104958.1	0.0123124313753897	0.00213422768312119	0.145863721608668	0.0523845444640013	0.0390039032273372	c2
MTSS1	0.0127773525029495	0.000435486916721739	4.79266513857054	5.76649065459727	0.0403737373510384	c2
LINC00861	4.3056197867136e-23	0.122580506169736	17.7120233381955	13.2155728773783	9.68490116745814e-22	c2
HHLA1	0.0016136091904612	0.000467613397754504	0.0208376745155241	0	0.00574920057682863	c2
ST3GAL1	0.000309815707432088	0.000611336368139925	13.2735986663888	16.1344396949124	0.0012106022597993	c2
THEM6	0.00273249872906675	0.000480391038205061	2.29214419670765	3.11164194116168	0.00950057457759077	c2
EEF1D	4.11726881942735e-23	0.0630404620693175	86.5180245884559	88.7603721398039	9.2736710319647e-22	c2
HACD4	0.00289998214317836	0.00719243558457289	12.6276307564076	15.0176012069399	0.0100464415987931	c2
KLHL9	0.00496500867191947	0.00254628229713873	4.68847676599291	5.80630290838991	0.0166633104011643	c2
GLIPR2	1.06926074295094e-08	0.0948076543922302	19.6082517191081	17.5991115581259	6.61029802711312e-08	c2
RNF38	0.00634393341120921	0.0024557035523248	6.04292560950198	7.29192858938899	0.020974254608156	c2
ANXA1	3.5414618714589e-115	0.445592707286079	56.740987705772	41.5053222697175	2.4744489217706e-112	c2
CARNMT1	0.00923328785191457	0.00416813599534854	4.66763909147739	5.70362920124047	0.0298243289971599	c2
CEP78	0.00920678647021681	0.00576585410164333	4.54261304438425	5.56742938563406	0.0297473222194732	c2
AL158071.3	5.30042405757625e-05	0.0110233963072192	1.25026047093144	0.718715950046098	0.000224338240841737	c2
PTCH1	8.1353470184369e-09	0.012849585716812	1.16690977286935	0.511273153968653	5.0818265655492e-08	c2
AL161729.2	8.20666663180944e-06	0.00070092604564425	0.0416753490310481	0	3.78434188777155e-05	c2
NR4A3	5.83162790781361e-10	0.0784935913077876	15.7324442592207	13.1003268795575	4.06952011594367e-09	c2
PPP3R2	0.0016136091904612	0.000311284544344311	0.0208376745155241	0	0.00574920057682863	c2
LINC01505	4.51439193842474e-06	0.00216838326057393	0.145863721608668	0.0209538177856005	2.14452800043752e-05	c2
PALM2-AKAP2	0.0016136091904612	0.000371206108654579	0.0208376745155241	0	0.00574920057682863	c2
AKNA	2.56441307859093e-10	0.113639316144717	29.1310689727026	27.4851227893722	1.85716445324514e-09	c2
STOM	1.7139407572518e-07	0.0831346423122286	19.6916024171702	17.7981728270891	9.3879054575716e-07	c2
MVB12B	0.000374942503061204	0.0387338170072459	6.41800375078141	5.34112815354958	0.00145306467155843	c2
TTC16	1.41160722295903e-11	0.0224535994156131	2.14628047509898	1.06026317995139	1.15132497674124e-10	c2
FAM102A	0.0105732163553933	0.00761951426502971	9.93957074390498	11.6377503981225	0.0338492296799523	c2
CERCAM	0.000117512482978912	0.00770669145305624	0.791831631589915	0.40650406504065	0.000480274634919176	c2
AL158151.3	0.00105820114383549	0.00184960808453993	0.145863721608668	0.037716872014081	0.00390128063778768	c2
PRRC2B	0.00697180211758342	0.00767829375261686	11.648260054178	13.659793814433	0.0229213115792092	c2
RPL7A	3.32590923520961e-57	0.13420646196368	95.1864971869139	95.7191350264018	4.27095357374469e-55	c2
SURF2	0.0014049854951465	0.00331524650580603	8.9185246926443	10.8247422680412	0.00509795559193156	c2
LCN8	0.0016136091904612	0.000361679507521899	0.0208376745155241	0	0.00574920057682863	c2
PTGDS	8.52760378743696e-14	0.0151558649055804	1.31277349447802	0.475651663733132	8.58339663334516e-13	c2
LCNL1	3.79901936978948e-05	0.00370120161774027	0.312565117732861	0.0984829435923225	0.000163431903057978	c2
PAXX	7.82024805222488e-28	0.169866653421481	53.0527193165243	51.1943676137792	2.43750445330407e-26	c2
CLIC3	4.85656903167294e-44	0.169710936303339	19.9624921858721	13.4104433827843	3.84150028736432e-42	c2
ANAPC2	0.00101850670341074	0.00121311282104992	3.95915815794957	5.15044841170061	0.00376404163294651	c2
IFITM2	1.43162339905116e-21	0.13967157027742	80.12085851219	79.396110971419	2.83937229789343e-20	c2
IFITM1	4.43058886951593e-22	0.205059324959615	89.2685976245051	85.0138295197385	9.16675444206201e-21	c2
RPLP2	8.06508570533248e-30	0.085525526168337	94.5822046259637	95.4886430307602	2.89290742658225e-28	c2
ASCL2	0.0106841144244198	0.0122773807330765	1.81287768285059	1.36828430139972	0.0341781600120365	c2
C11orf21	0.000539136151916074	0.0282530840358119	4.85517816211711	3.90160087167882	0.00205192331626887	c2
TSPAN32	2.05565066621943e-08	0.0434229941139735	6.52219212335903	4.78585198223116	1.2370789887613e-07	c2
OSBPL5	2.47838028601373e-10	0.0201926063022791	2.14628047509898	1.11055234263683	1.79602242939344e-09	c2
OR52K2	0.0016136091904612	0.000579411056907437	0.0208376745155241	0	0.00574920057682863	c2
HBG1	0.0016136091904612	0.000303535896296888	0.0208376745155241	0	0.00574920057682863	c2
AC104389.5	0.0016136091904612	0.000303535896296888	0.0208376745155241	0	0.00574920057682863	c2
HBG2	0.0016136091904612	0.000422159954642787	0.0208376745155241	0	0.00574920057682863	c2
RPL27A	1.62851483399333e-10	0.0500581612860773	63.6799333194416	67.2051797837566	1.19721899391644e-09	c2
AC091053.1	0.00456193126165096	0.000663553815511839	0.0416753490310481	0.00419076355712011	0.0153983545343448	c2
DKK3	1.46449566497098e-11	0.0237800969382649	2.29214419670765	1.15665074176515	1.19243155163381e-10	c2
RPS13	0.000623758187628949	0.00800588793307488	95.5824130027089	96.4902355209119	0.00235793531297336	c2
AC009652.1	0.0016136091904612	0.000414147680158816	0.0208376745155241	0	0.00574920057682863	c2
FBXO3	0.000519983586603324	0.000399156583739943	5.20941862888102	6.67379096471377	0.00198105299642193	c2
CD44	0.0112038951310195	0.0256810393418769	52.1566993123567	56.5334003855502	0.0357454561362377	c2
PRR5L	1.61965803175079e-06	0.0296046596698343	3.8132944363409	2.66113485877127	8.05816511924908e-06	c2
EXT2	0.0148623101207194	0.000374479079153216	1.79204000833507	2.36987679155142	0.0465799604549751	c2
DGKZ	0.00977495376909691	0.00830869060869435	11.73161075224	13.7017014500042	0.0314558049806153	c2
MS4A10	0.0016136091904612	0.00036159932172417	0.0208376745155241	0	0.00574920057682863	c2
AHNAK	2.36269801597613e-08	0.100090314236485	30.5063554907272	28.6564412035873	1.41089616340297e-07	c2
RARRES3	1.47292816199191e-71	0.291748211113669	57.4494686392999	50.5699438437683	3.31537346958957e-69	c2
PLA2G16	0.00677919652572877	0.0589948089010286	13.9612419254011	13.3601542200989	0.0223318625950193	c2
PPP1R14B	0.00794010687567774	0.0589116018669681	9.27276515940821	8.54077612941078	0.0259046277789816	c2
FAU	2.812062072397e-83	0.141670138020945	97.8745571994165	98.0387226552678	8.65237961321566e-81	c2
MALAT1	9.34885290786116e-05	0.0597488140345561	99.7291102312982	99.7024557874445	0.000385660306056393	c2
CTSW	5.93294458860517e-187	0.429284797990132	41.4878099604084	23.5227558461152	9.0445043460291e-184	c2
GRK2	0.00864396517238619	0.00913286701178534	12.2525526151282	14.321934456458	0.028036876591053	c2
PTPRCAP	1.08059114160602e-65	0.219906377618623	82.3088143363201	80.1944514290504	1.93801420894025e-63	c2
GSTP1	1.22962626381965e-05	0.0725962356879062	38.924775994999	38.6011231246333	5.57060727218473e-05	c2
INPPL1	0.0118051282929593	0.0022389886838792	3.06313815378204	3.84712094543626	0.0375351149686452	c2
ATG16L2	0.000424308722799572	0.000513296788902357	5.56365909564493	7.1075349928757	0.00163549775258614	c2
AP001972.3	0.0016136091904612	0.000377498570744176	0.0208376745155241	0	0.00574920057682863	c2
RPS3	6.69688805823987e-86	0.181360991152674	98.3329860387581	97.942335093454	2.26868920906312e-83	c2
CAPN5	0.000896559257448431	0.00437126957013553	0.354240466763909	0.148772106277764	0.00333393994636938	c2
SYTL2	2.55075271062901e-05	0.0656204123668893	12.6901437799542	11.216578660632	0.000111928751025874	c2
PRSS23	3.60185739729285e-59	0.0537906483858737	4.25088560116691	1.25513368535747	5.01241051412479e-57	c2
PDGFD	1.45501759538773e-09	0.0198963947341476	1.87539070639717	0.955494091023384	9.76358145540487e-09	c2
ATM	0.00292695375279826	0.000823811036211597	15.107314023755	17.7059760288325	0.0101304618123166	c2
PTS	0.00163442309787983	0.00585438388196172	9.81454469681184	11.8745285390998	0.00582026776987615	c2
USP28	7.31227568851371e-06	0.0376157901448097	4.91769118566368	3.70463498449417	3.39354411651825e-05	c2
APOA4	0.0016136091904612	0.000345747183771185	0.0208376745155241	0	0.00574920057682863	c2
JAML	0.00213841335503608	0.0016421884325534	11.0439674932278	13.1589975693571	0.00750739109192925	c2
CD3E	6.31682293252203e-18	0.1005446062346	85.4761408626797	85.1081216997737	9.27149267006232e-17	c2
CD3D	1.36303693697544e-08	0.0901747672469269	77.7245259429048	76.8690805464756	8.3540812851393e-08	c2
CD3G	4.12743459785009e-07	0.0823404555052257	46.759741612836	47.7286061520409	2.17714362101871e-06	c2
DDX6	0.00440539074088434	0.00131568968240747	21.1710773077724	24.9413293102003	0.0149059720205588	c2
BCL9L	0.00447784107411954	0.035159440238165	7.60575119816628	6.70522169139217	0.0151404208028855	c2
RPS25	2.24401730917524e-39	0.116504989581013	95.8324650968952	96.022965384293	1.38091472504806e-37	c2
CRTAM	2.33972429952368e-66	0.131880923599416	11.5649093561159	5.5234263682843	4.28796030368444e-64	c2
ZBTB44	0.00861480734124747	0.00355895515001564	5.75119816628464	6.92104601458386	0.0279504119774362	c2
VPS26B	0.000422812800433704	0.00179337973274174	9.58533027714107	11.8074763221859	0.0016301064146391	c2
GLB1L2	2.10711430227761e-06	0.00770863674344981	0.687643259012294	0.282876540105607	1.03528273468776e-05	c2
B3GAT1	0.00439885276515477	0.0100977940324544	1.29193581996249	0.884251110552343	0.0148853520369045	c2
ZMYND11	0.00923006715026822	0.00305022283904745	6.04292560950198	7.24373480848211	0.029816797542448	c2
PRKCQ	0.00543584239223074	0.00388578160493575	9.14773911231507	10.8310284133769	0.018138223276354	c2
SFMBT2	0.00233225253511035	0.000623513806583348	5.83454886434674	7.2018271729109	0.00816397928426373	c2
AC044784.2	0.0016136091904612	0.000390251774338399	0.0208376745155241	0	0.00574920057682863	c2
ST8SIA6	0.000116742025824498	0.00790688258509116	0.770993957074391	0.39183639259073	0.000477242084605317	c2
MAP3K8	0.0153012243696833	0.063378711482162	25.7345280266722	25.8842511105523	0.0478571727045079	c2
LINC00838	0.0016136091904612	0.00033724913360284	0.0208376745155241	0	0.00574920057682863	c2
ZNF32	0.0090534510656089	0.00288051894236821	5.20941862888102	6.31338529880144	0.0292801004665758	c2
ZNF32-AS2	0.0016136091904612	0.000288980952473431	0.0208376745155241	0	0.00574920057682863	c2
PRF1	2.42739358136887e-79	0.319827371464237	46.2387997499479	34.525605565334	7.01809706309906e-77	c2
SEC24C	0.0006139512987903	0.00043338108940949	4.02167118149614	5.27617131841421	0.00232321997730216	c2
VCL	4.57307583888539e-05	0.021720458951917	2.8547614086268	1.99899421674629	0.000195055090276661	c2
RPS24	8.27418248123898e-63	0.139505567264301	98.1454469681183	97.9800519654681	1.3536562539307e-60	c2
AL135925.1	0.0114319164109224	0.000741947817046659	3.64659304021671	4.50507082390412	0.0364452103221974	c2
CDHR1	9.45721362237018e-05	0.00385511307851976	0.312565117732861	0.104769088928003	0.00038989063364112	c2
HPS1	0.000518460706649958	0.00569228531790925	13.398624713482	16.2874025647473	0.00197547548053014	c2
ITPRIP	0.00625989898037024	0.0379762062112001	8.33506980620963	7.46584527700947	0.020720932886267	c2
AL158212.2	0.00195777304525605	0.000826712074980855	0.0625130235465722	0.00838152711424021	0.0069035634940382	c2
FAM160B1	0.00815483364433115	0.00876062378605663	7.77245259429048	9.26577822479256	0.0265608245861492	c2
LINC02455	0.00361966574748565	0.00104994302583917	0.0833506980620963	0.0167630542284804	0.0123987692614824	c2
TAPBPL	0.00130751391585005	0.00025018161951311	5.91789956240883	7.37364847875283	0.00476542074655281	c2
LAG3	1.60398652364095e-09	0.10600222467177	33.5903313190248	30.6826753834549	1.07203069011299e-08	c2
A2ML1	0.0016136091904612	0.000453607848939586	0.0208376745155241	0	0.00574920057682863	c2
KLRG1	3.8604330669321e-100	0.175374943755247	15.5240675140654	7.13058419243986	1.96168491210256e-97	c2
A2M-AS1	6.59928736441466e-07	0.00954839438860047	0.937695353198583	0.423267119269131	3.41923218952169e-06	c2
PZP	1.56578284999112e-06	0.00335535360875692	0.270889768701813	0.0628614533568016	7.80285664531977e-06	c2
AC010175.1	0.00314907069489674	0.001459010908206	0.125026047093144	0.0335261084569609	0.0108544227097068	c2
KLRF1	5.00411573363681e-12	0.0279475809163488	3.02146280475099	1.65116084150532	4.25635387965283e-11	c2
CLEC2B	6.26094235249473e-62	0.285224316527828	52.8651802458846	45.360824742268	9.90469267065888e-60	c2
CLEC12A	0.0047987122310958	0.0098105084063434	1.02104605126068	0.668426787360657	0.0161358743539694	c2
GABARAPL1	3.21607041909996e-10	0.104418187158761	23.817461971244	21.4588047942335	2.30865945453284e-09	c2
KLRD1	6.00530725234962e-141	0.34252482053139	31.1523234007085	17.3057581091275	6.29393733216568e-138	c2
KLRK1	2.30606091063926e-20	0.0589978704931299	6.33465305271932	3.69625345737993	4.15363430832542e-19	c2
KLRC4-KLRK1	2.00128491260978e-07	0.0163507353395989	1.68785163575745	0.915681837230743	1.09101257150694e-06	c2
KLRC4	2.13819488720694e-11	0.0347520697208017	3.3757032715149	1.95708658117509	1.71721216779565e-10	c2
KLRC3	0.00825103343957068	0.041984540034504	6.89727026463847	6.13318246584528	0.0268454753100816	c2
LINC02446	9.64700057989047e-101	0.286778769005219	24.8593456970202	13.9971502807812	5.05532977263073e-98	c2
YBX3	5.89100697588376e-10	0.0466126962734912	6.5847051469056	4.66431983907468	4.10839242996859e-09	c2
CAPRIN2	0.0116650648633095	0.000897276450017449	2.04209210252136	2.68208867655687	0.0371425942642811	c2
AC073610.3	0.000704042559371178	0.00146496721975965	0.0833506980620963	0.0125722906713603	0.0026482928842744	c2
FKBP11	9.22499349886453e-07	0.087488071274626	21.4002917274432	19.818120861621	4.69837254312708e-06	c2
DDN-AS1	3.71752729206101e-05	0.0141413959383425	1.95874140445926	1.25303830357891	0.000160110993092516	c2
SMAGP	0.0010378368020931	0.0160375798641513	2.02125442800583	1.43324113653508	0.00383125709065476	c2
BIN2	0.00575682233955018	0.0634137256783155	21.3794540529277	21.3079373061772	0.0191501991295213	c2
GALNT6	0.0133187672284684	0.00251004368695615	3.20900187539071	4.00008381527114	0.0419737657684996	c2
ITGA5	1.14819787653859e-06	0.0276514378179117	3.85496978537195	2.67580253122119	5.78984519370791e-06	c2
AC009779.3	0.0128165042903967	0.000887470243776826	2.72973536153365	3.45947531640265	0.0404936336214153	c2
RPS26	2.64912993881218e-16	0.0632932494863754	92.8735153156908	94.137121783589	3.39497592234937e-15	c2
RPL41	7.09046745851545e-33	0.0960629949252234	94.8739320691811	96.0082977118431	2.97995109804124e-31	c2
COQ10A	0.0101352164831057	0.0031525756165625	4.29256095019796	5.26150364596429	0.0325339673057426	c2
NACA	9.61676034253393e-17	0.0356995058262193	85.9345697020213	89.0390579163524	1.27733429056595e-15	c2
NXPH4	1.98782354258724e-15	0.0265682347440021	1.97957907897479	0.829771184309781	2.37759008456815e-14	c2
ARHGAP9	0.000663257877667178	0.0774479836238572	34.2988122525526	35.8456960858268	0.00250076927500864	c2
TSPAN31	0.0154755673942089	0.000534725158276059	3.56324234215462	4.37306177185483	0.0483889221766716	c2
IFNG	7.69082845783075e-09	0.123556716101419	31.9233173577829	28.8471209454363	4.81671344199305e-08	c2
LINC02384	0.00746940479193036	0.0173630625841117	2.79224838508022	2.21481853993798	0.0244565945437626	c2
LRRC10	0.0016136091904612	0.000274475673886994	0.0208376745155241	0	0.00574920057682863	c2
AC090679.1	0.0016136091904612	0.000380473531068455	0.0208376745155241	0	0.00574920057682863	c2
BTG1	0.000857246330639051	0.00831281773734993	88.4559283183997	91.103008968234	0.00319519086874555	c2
TMCC3	6.38564384118187e-09	0.0129094295552357	1.39612419254011	0.653759114910737	4.0309001156702e-08	c2
GNPTAB	0.0158772228406879	0.00675924117966362	12.52344238383	14.4644204174001	0.0495570311429495	c2
C12orf75	1.24401318132938e-69	0.264240505766288	39.9041466972286	30.6910569105691	2.54400695581858e-67	c2
CMKLR1	8.70820059968545e-05	0.00388960148009364	0.333402792248385	0.115245997820803	0.00036065155805415	c2
USP30-AS1	0.00290388526707707	0.0013026161087871	3.54240466763909	4.55745536836812	0.0100568467665459	c2
RPL6	1.64377846438174e-20	0.0726491996719436	92.206709731194	93.5357472131422	2.99777281883822e-19	c2
PXN	3.33427624017591e-07	0.0437545735925298	8.62679724942696	6.81208616209874	1.77697372545717e-06	c2
OASL	0.0124344644812025	0.00393838410015163	16.89935403209	19.4409521414802	0.0393756085138863	c2
VPS37B	0.000322756729534026	0.0723091658529053	21.9420712648468	21.1528790545637	0.00125867618547816	c2
AC068768.1	0.00535717565326691	0.000963931937052419	0.0625130235465722	0.0104769088928003	0.017902446897097	c2
RFLNA	0.0016136091904612	0.0003320748710997	0.0208376745155241	0	0.00574920057682863	c2
LINC00944	9.16206716426857e-06	0.0276697802156626	4.5009376953532	3.31908473723913	4.2029463624024e-05	c2
RPL21	6.65606957679773e-20	0.065090240144031	79.3498645551156	82.3003101165032	1.14794386565166e-18	c2
PAN3	0.0023058043261473	0.00148960612431263	4.73015211502396	5.94250272399631	0.00807645592588284	c2
LINC00384	0.000251803477255215	0.0037150149188595	0.270889768701813	0.0901014164780823	0.000993527649433576	c2
ALOX5AP	1.60310368214531e-06	0.0929476464019026	54.511356532611	53.8575978543291	7.98409434092505e-06	c2
LCP1	2.69200303392742e-13	0.106722169621416	51.1356532610961	51.5442963707988	2.56053311831701e-12	c2
COL4A2-AS2	0.0016136091904612	0.00057560659428664	0.0208376745155241	0	0.00574920057682863	c2
ARHGEF7	0.00209325710133927	0.00549407862072979	9.48114190456345	11.4324029838237	0.00735733144673198	c2
PCID2	8.14510938261889e-05	0.00230024208570462	7.8766409668681	10.049451009974	0.000338249973346053	c2
RASA3	3.99308790644436e-06	0.0501580993112851	10.9606167951657	9.18615371720728	1.905252272106e-05	c2
TRAV1-2	0.00429754634500821	0.0321730033639219	5.5428214211294	4.68736903863884	0.0145557573539573	c2
TRAV10	0.000343157330981371	0.015784262713184	2.02125442800583	1.37876121029252	0.00133497396664578	c2
TRAV12-1	0.00823782180328361	0.013995780857158	3.00062513023547	2.3866398457799	0.0268050904859344	c2
TRAV38-2DV8	0.00820209343628843	0.01070202349425	2.20879349864555	1.68468694996228	0.0267017869992469	c2
AC244502.3	0.0016136091904612	0.000320529833831522	0.0208376745155241	0	0.00574920057682863	c2
TRDV2	2.63662584886682e-29	0.0433675951032233	2.87559908314232	1.02883245327299	9.08809431852986e-28	c2
TRDJ3	0.0016136091904612	0.000288465831238617	0.0208376745155241	0	0.00574920057682863	c2
TRAJ46	0.0016136091904612	0.000395688089884316	0.0208376745155241	0	0.00574920057682863	c2
TRAJ30	0.00456098735013613	0.000815792239535336	0.0416753490310481	0.00419076355712011	0.0153982679433124	c2
PSME1	0.000629812035614057	0.0173742568377944	60.7834965617837	65.1223702958679	0.00237867523090363	c2
GZMH	0	0.942641218299132	66.0137528651802	32.5915681837231	0	c2
GZMB	2.13942607606357e-217	0.701392995482855	69.9103979995833	43.3303997988434	4.78347144926801e-214	c2
RALGAPA1	2.40138984824498e-05	0.0728032874236844	17.9829131068973	16.6038052133099	0.000105554145125086	c2
RPS29	1.09566655103085e-62	0.169869872723321	89.3102729735362	90.0343642611684	1.76665696098427e-60	c2
RPL36AL	8.67019654142541e-14	0.0334221916710182	76.3492394248802	80.4312295700277	8.71907201218367e-13	c2
ATL1	7.59508931793308e-05	0.0104099820307895	1.08355907480725	0.605565334003855	0.000316624121249024	c2
NIN	0.000315790522379966	0.00335495421883797	12.2525526151282	15.0008381527114	0.00123251280572318	c2
GNG2	2.58249162090521e-11	0.0986108667426949	47.6765992915191	49.1304165618976	2.05630588750994e-10	c2
PTGDR	2.57996590990005e-31	0.0496213861906174	4.37591164826005	1.87117592825413	9.96853648458846e-30	c2
PTGER2	5.92203961935528e-18	0.0691155633872667	9.10606376328402	6.0640348671528	8.71111248920777e-17	c2
TMEM260	0.0122773540799377	0.00190919144390163	2.39633256928527	3.08649735981896	0.0389111605682245	c2
MNAT1	0.00542842256216217	0.00739279258613713	5.77203584080017	7.05095968485458	0.0181170699462429	c2
PLEKHG3	1.7056185665887e-05	0.0105682151793329	1.37528651802459	0.78367278518146	7.61590140943308e-05	c2
PIGH	0.00965265177012424	0.00597464209278359	6.08460095853303	7.30240549828179	0.0310920702138328	c2
AC004817.2	0.0016136091904612	0.000552510130276783	0.0208376745155241	0	0.00574920057682863	c2
AC004817.1	0.0016136091904612	0.000313479596573843	0.0208376745155241	0	0.00574920057682863	c2
AREL1	0.00482863413802994	0.00087104099641179	2.81308605959575	3.66272734892297	0.0162283527128217	c2
GPR65	1.0894641280907e-06	0.0948786821636539	28.7768285059387	27.7135194032353	5.5102470106931e-06	c2
TC2N	2.49003765606306e-20	0.114969429315128	18.8580954365493	14.5230911071997	4.47060401012006e-19	c2
LINC02299	0.0016136091904612	0.000279107927451216	0.0208376745155241	0	0.00574920057682863	c2
EVL	6.80888677770258e-06	0.0620151191335756	55.4490518858095	58.1028413376917	3.17073652805594e-05	c2
PPP2R5C	1.14486106648865e-08	0.105047691582441	36.9243592415086	36.5204090185232	7.06074851928953e-08	c2
AKT1	0.000769468497133619	0.000896346647054111	4.5009376953532	5.81049367194703	0.0028824343188727	c2
CRIP1	7.71462571511101e-06	0.0717461106398609	84.7884976036674	84.4857933115414	3.57070269436093e-05	c2
IGHV1-3	0.000600348785738863	0.024238912668334	3.16732652635966	2.3971167546727	0.0022745704446577	c2
IGHV3-19	0.0016136091904612	0.000382121377182634	0.0208376745155241	0	0.00574920057682863	c2
IGHV1-67	0.0016136091904612	0.000390348914966046	0.0208376745155241	0	0.00574920057682863	c2
APBA2	0.0090707304340398	0.0255228922136978	4.79266513857054	4.07970832285642	0.0293303275450084	c2
AC010809.1	0.00456098735013613	0.000747734515100134	0.0416753490310481	0.00419076355712011	0.0153982679433124	c2
IVD	0.000679499786507498	0.000533014786399444	3.56324234215462	4.7313720559886	0.00255884390746558	c2
GCHFR	0.00328875319653873	0.00438878905469958	13.2527609918733	15.6273573045009	0.0113161182625953	c2
DNAJC17	0.000226011234546081	0.00105272663024433	3.9799958324651	5.34112815354958	0.000897674654690484	c2
AC020659.1	2.01003540719951e-06	0.0410292491024586	5.68868514273807	4.29343726426955	9.90341817050937e-06	c2
AC012651.1	0.0114082484731459	0.0026666307941594	0.208376745155241	0.0880060346995222	0.0363732139264537	c2
PATL2	0.000271150828841839	0.0407138184581255	6.85559491560742	5.72458301902607	0.00106685317898846	c2
B2M	6.21134902756828e-41	0.112693957610175	100	99.8449417483865	4.22548121068123e-39	c2
APH1B	0.0113041500925164	0.000827054428721996	2.52135861637841	3.23317408431816	0.0360515962155585	c2
REC114	4.83485607930211e-06	0.000939462261212066	0.0625130235465722	0.00209538177856005	2.28898084680455e-05	c2
ULK3	0.00799802880533566	0.00483883908023677	6.33465305271932	7.60204509261588	0.0260804949026103	c2
AC027243.1	0.0016136091904612	0.000325340733363432	0.0208376745155241	0	0.00574920057682863	c2
TBC1D2B	0.00548083712248146	0.00440112332611876	5.91789956240883	7.2018271729109	0.0182792676425799	c2
AC021483.2	0.0016136091904612	0.00033285844208368	0.0208376745155241	0	0.00574920057682863	c2
AC115102.1	0.0016136091904612	0.000419913120389924	0.0208376745155241	0	0.00574920057682863	c2
POLG	0.00100661259759838	0.00435847828674782	6.89727026463847	8.55753918363926	0.00372213597555175	c2
SYNM	0.00304047256226487	0.0055839800997328	0.66680558449677	0.38135948369793	0.010501685766554	c2
AC019254.1	0.0016136091904612	0.000283923236147878	0.0208376745155241	0	0.00574920057682863	c2
LUC7L	0.00250088164543563	0.00366255735690688	9.58533027714107	11.4826921465091	0.00872421142340546	c2
AL023881.1	0.0016136091904612	0.000341225202191315	0.0208376745155241	0	0.00574920057682863	c2
PRR35	0.0016136091904612	0.000303693815977079	0.0208376745155241	0	0.00574920057682863	c2
KCTD5	0.00051405636889299	0.000507038814815897	3.85496978537195	5.10225463079373	0.00195958428051069	c2
AC004034.1	0.0016136091904612	0.00050980570283508	0.0208376745155241	0	0.00574920057682863	c2
PPL	0.00362010759049407	0.00122105040381181	0.0833506980620963	0.0167630542284804	0.0123990163776542	c2
LITAF	1.75947130741255e-84	0.324162859412199	47.4682225463638	39.3785097644791	5.51487371102825e-82	c2
RPS15A	1.64809114549391e-176	0.231448891012348	99.5207334861429	99.2288995054899	2.30307003489895e-173	c2
SGF29	0.00287922188954853	0.000308287953758243	6.27214002917274	7.65233425530132	0.00997967587140124	c2
DOC2A	0.00456287535010109	0.000582425286537971	0.0416753490310481	0.00419076355712011	0.0153999912943233	c2
AC106782.1	0.0119104171505755	0.00391318075469339	0.395915815794957	0.213728941413125	0.0378340187910589	c2
ITGAL	0.012684166357122	0.0617513700998926	19.3373619504063	19.2230324365099	0.0400943988016171	c2
AC106886.3	0.00456381961551554	0.000622938652803917	0.0416753490310481	0.00419076355712011	0.0154000787066264	c2
ZNF668	0.00655090520130843	0.00108215080006208	2.22963117316108	2.95658368954824	0.0216265635044278	c2
ITGAM	4.01400130314743e-11	0.0205956334191684	2.29214419670765	1.17550917777219	3.14830626063982e-10	c2
ZNF720	0.00104780113687153	0.000527711046152748	4.64680141696187	5.94250272399631	0.00386591358948267	c2
CES1	0.000318359445788355	0.00615823638788634	0.66680558449677	0.337356466348169	0.00124210552499416	c2
GNAO1	0.000746504849469532	0.0119324148643017	1.77120233381955	1.20693990445059	0.00279953926439776	c2
MT1F	0.00414693875478869	0.00953098667829611	12.5859554073765	14.9065459726762	0.0140897611141833	c2
ADGRG1	5.09794798015052e-30	0.0939607475873785	9.89789539487393	5.90688123376079	1.84837815522474e-28	c2
C16orf70	0.0048405404037497	0.00019011462967743	1.60450093769535	2.2504400301735	0.0162667378818595	c2
AC020763.1	0.0016136091904612	0.000519292981363118	0.0208376745155241	0	0.00574920057682863	c2
TMEM170A	0.000789834854430922	0.00237425207260808	9.56449260262555	11.6419411616797	0.00295509608968142	c2
CDH13	0.0016136091904612	0.000336373257800197	0.0208376745155241	0	0.00574920057682863	c2
TAF1C	0.0154882954645093	0.00144837942261122	2.43800791831632	3.105355795826	0.0484196917681499	c2
CYBA	3.70039442183566e-13	0.0787107627128938	65.2219212335903	67.7835051546392	3.4743512911401e-12	c2
RNF166	2.83197036657854e-08	0.0928181658177044	22.0879349864555	20.2330064537759	1.67599474420877e-07	c2
RPL13	3.24190614104218e-15	0.0660776612931273	98.4788497603667	98.761629368871	3.7791813749834e-14	c2
CPNE7	0.0122670207355785	0.0337636263192828	6.12627630756408	5.41027575224206	0.0388820850042369	c2
ZNF276	1.67728534834206e-05	0.0424663563964062	7.1889977078558	5.80420752661135	7.49238092870218e-05	c2
AC130343.2	0.00257905616432993	0.0024265142885043	0.166701396124193	0.0523845444640013	0.00898570388939302	c2
RAP1GAP2	2.32377903437337e-08	0.0167726673877039	1.89622838091269	1.02045092615875	1.38921392611077e-07	c2
VAMP2	5.36827636689842e-05	0.0833454757750249	24.8176703479892	24.2205179783757	0.000226923686404133	c2
BORCS6	0.0131348199882372	0.00420080053245696	4.58428839341529	5.55276171318414	0.0414329940524359	c2
RPL26	3.47840333524491e-79	0.17078594389388	97.5619920816837	97.1838068896153	9.97082829550803e-77	c2
MFSD6L	0.0016136091904612	0.000261531414544269	0.0208376745155241	0	0.00574920057682863	c2
GAS7	0.000256321612101707	0.00922712938759221	1.08355907480725	0.632805297125136	0.00101076005016661	c2
PIGL	0.0074567486753603	0.00144934581571599	3.08397582829756	3.92465007124298	0.0244246935320084	c2
TRPV2	0.00045296798710856	0.000852779733969924	6.33465305271932	7.98969072164948	0.00173857179579387	c2
AC090286.1	0.0016136091904612	0.000347771910672365	0.0208376745155241	0	0.00574920057682863	c2
AC005697.2	0.0016136091904612	0.000300109590495883	0.0208376745155241	0	0.00574920057682863	c2
RPL23A	5.66412210162114e-104	0.218697052412133	92.248385080225	92.0207861872433	3.16605545073616e-101	c2
GIT1	0.0109107718419216	0.00068369290295426	2.2504688476766	2.92934372642695	0.0348633256511402	c2
RNF135	0.0052439489094365	0.00225371213945422	2.6880600125026	3.50976447908809	0.0175503002220019	c2
AC004223.3	0.0016136091904612	0.000493159119189699	0.0208376745155241	0	0.00574920057682863	c2
SLFN13	0.00219438862204486	0.000778717892712874	2.3338195457387	3.18078953985416	0.00769987503726099	c2
CCL5	0	1.62349360668721	98.3329860387581	61.1998156064035	0	c2
AC243829.4	0.000232806430471219	0.0622190800685971	10.1062721400292	8.90956332243735	0.000923679411468562	c2
CCL4	5.22996226436872e-300	0.976536001624075	72.0983538237133	44.6714441371218	1.94891638247109e-296	c2
AC243829.2	1.48009816953728e-11	0.00907615335466579	0.708480933527818	0.201156650741765	1.20455065299542e-10	c2
AC243829.1	1.50879486280561e-21	0.0451555005606971	4.25088560116691	2.11633559634565	2.99065969910014e-20	c2
CCL3L1	0.000446277968599009	0.0654112202796681	12.0650135444884	10.7220685608918	0.00171536193771215	c2
CCL4L2	1.58565050657558e-86	0.421887335972398	31.9441550322984	20.7484703713017	5.65739858399274e-84	c2
PLXDC1	1.4127977562647e-07	0.0247836024006197	2.70889768701813	1.67421004106948	7.80471275730614e-07	c2
RPL19	2.7494861836977e-15	0.065739117399815	98.0204209210252	98.0617718548319	3.23098344880356e-14	c2
KRTAP4-8	0.0016136091904612	0.000749733068385461	0.0208376745155241	0	0.00574920057682863	c2
EIF1	6.42264372463642e-06	0.0204407824892443	95.9158157949573	97.1146592909228	3.00212718100148e-05	c2
RPL27	2.97418792461864e-11	0.0342342057007206	81.3294436340904	83.9787109211298	2.3575588422562e-10	c2
TBX21	0.00554902024266512	0.044699939995922	9.85622004584288	8.98918783002263	0.0184882814323965	c2
SCRN2	0.00828969735123959	0.00496248203499024	6.18878933111065	7.42812840499539	0.0269608097135254	c2
NGFR	0.00840901109592816	0.00371530461265006	0.45842883934153	0.251445813427206	0.0273223613771787	c2
KAT7	0.00386407728178828	0.00388448426044707	6.89727026463847	8.34800100578325	0.0131780988282098	c2
OR4D1	0.00355609380886339	0.00564996833527963	0.604292560950198	0.339451848126729	0.0121897254866783	c2
AC004687.1	1.45692667740064e-07	0.0683996288813319	12.4400916857679	10.4329058754505	8.0312963357434e-07	c2
MAP2K6	0.0134957621992129	0.00014255191927548	2.7714107105647	3.49509680663817	0.0424996124541973	c2
AC080037.1	0.0016136091904612	0.000507214917325574	0.0208376745155241	0	0.00574920057682863	c2
TTYH2	5.04796613791562e-06	0.00861182743855058	0.896020004167535	0.425362501047691	2.38381707030997e-05	c2
AC100786.2	0.0016136091904612	0.000388609766523204	0.0208376745155241	0	0.00574920057682863	c2
KIF19	5.69522752175229e-12	0.00664454387944312	0.583454886434674	0.140390579163524	4.8173150220562e-11	c2
CD300A	2.70062109949596e-12	0.0401498146949266	4.60512606793082	2.85181460062023	2.34646192836516e-11	c2
RAB37	4.16698665207174e-05	0.0353143155078617	5.75119816628464	4.5427876959182	0.000178597314168923	c2
TSEN54	6.54713869618697e-16	0.125445804346276	21.8378828922692	18.5650825580421	8.13854475881092e-15	c2
MXRA7	0.00388826611138625	0.0245468551112579	3.87580745988748	3.15983572206856	0.0132538539326834	c2
JMJD6	7.90283283022844e-16	0.118483798999096	21.9420712648468	18.4519319419998	9.76225441842362e-15	c2
SRSF2	8.41227321192313e-10	0.0689309693125792	55.4490518858095	58.7566004526025	5.78255419105305e-09	c2
RBFOX3	9.19569372523619e-05	0.0013566626528301	0.10418837257762	0.0146676724499204	0.000379622324171555	c2
FAAP100	0.0147902620005479	0.00123334723204402	2.60470931444051	3.29813091945352	0.0463801596048972	c2
METRNL	0.000494437190453271	0.0396123164057926	7.95999166493019	6.79741848964881	0.00189011514030381	c2
YES1	5.13154581499821e-05	0.0327232142121144	5.41779537403626	4.25152962869835	0.000217629974131778	c2
MYL12A	1.46304527598131e-17	0.0951194256720931	77.0785580329235	78.105355795826	2.08355042317882e-16	c2
MYL12B	5.4582188802049e-06	0.0276581981405053	62.9506147113982	66.7106696840164	2.57139689288259e-05	c2
GNAL	0.00138655284652509	0.00511487199445625	0.479266513857054	0.234682759198726	0.00503597675620084	c2
GATA6	0.00023595245323203	0.00235018711454915	0.208376745155241	0.0586706897996815	0.000935497502836722	c2
RNF125	2.31289795327135e-13	0.103905022033654	20.0041675349031	16.8573464085156	2.21945555241244e-12	c2
SMAD7	0.000320615147298399	0.0393850354784281	7.58491352365076	6.3992959517224	0.00125046991628023	c2
RPL17	9.02801104560854e-09	0.0256528203368482	87.7474473848718	89.9358813175761	5.6195514930887e-08	c2
RAB27B	4.47276002055553e-06	0.0159713032860505	1.83371535736612	1.09588467018691	2.12535315343428e-05	c2
CD226	0.00481195812580479	0.00490196844261048	8.68931027297354	10.3700444220937	0.016177170371215	c2
ADNP2	0.0035115190818753	5.21286962687911e-05	3.68826838924776	4.69575056575308	0.0120406223257268	c2
PROKR2	0.00456004361552753	0.000688954702673758	0.0416753490310481	0.00419076355712011	0.0153981819147767	c2
BFSP1	0.0067131395257319	0.00372939077951345	0.416753490310481	0.217919704970246	0.022131649799862	c2
CST7	0	0.773384987804508	77.3702854761409	57.6041404743944	0	c2
APMAP	5.11171745748078e-15	0.116139268526795	20.5876224213378	17.4398625429553	5.83545085716378e-14	c2
C20orf203	0.00195810293850629	0.000983123884647071	0.0625130235465722	0.00838152711424021	0.00690400087800923	c2
AL121906.2	0.0016136091904612	0.000462356124473721	0.0208376745155241	0	0.00574920057682863	c2
CEP250	0.0014184672430928	0.00337765561059857	4.79266513857054	6.08917944849552	0.00514242291631676	c2
SLA2	2.65379175799493e-21	0.14967165047858	24.9843717441134	21.075349928757	5.17157861589971e-20	c2
PPP1R16B	0.00421114663051377	0.00656196553466576	14.5446968118358	17.165367529964	0.0142992240249237	c2
FAM83D	0.00386890079388509	0.0025433302714882	3.27151489893728	4.20962199312715	0.0131932074047095	c2
SLC13A3	0.00172099189601469	0.00141078696627483	0.0833506980620963	0.0146676724499204	0.00611361362234305	c2
ADNP	0.000777126139045627	7.22143057145935e-05	4.98020420921025	6.36367446148688	0.00290981985612507	c2
NFATC2	2.25405475669589e-07	0.0965195428622717	23.3590331319025	21.9763640935378	1.2222552696858e-06	c2
ATP5F1E	4.18548195777765e-05	0.0192968444873083	89.3311106480517	90.8829938814852	0.000179367101839952	c2
RPS21	1.71542671227535e-40	0.113857546479804	95.0406334653053	95.5913167379097	1.14150756103751e-38	c2
NKAIN4	0.0016136091904612	0.000434404945325004	0.0208376745155241	0	0.00574920057682863	c2
MHENCR	0.000278362254534698	0.031860400174137	5.08439258178787	4.06713603218506	0.00109419987020449	c2
LIME1	4.54344721991661e-19	0.127946961835121	22.9631173161075	19.0260665493253	7.32587177219053e-18	c2
GZMM	3.89396088789938e-111	0.336517518490564	43.7591164826005	31.9587628865979	2.56069922075234e-108	c2
MIDN	0.000236489843412905	0.0647342849374725	16.8368410085434	15.6797418489649	0.000937517301227187	c2
RPS15	9.47024715952308e-29	0.0726048856061032	97.9995832465097	98.4682759198726	3.11691019858769e-27	c2
AC006130.1	0.0016136091904612	0.000339428849344847	0.0208376745155241	0	0.00574920057682863	c2
MATK	8.18943637189416e-119	0.209414298315161	19.0039591581579	9.02271393847959	6.24221175092242e-116	c2
DENND1C	0.000237616456365608	0.000612992087759279	11.5232340070848	14.1333500963876	0.000941760897375298	c2
TUBB4A	0.00815108943143291	0.00611689413523925	0.770993957074391	0.486128572625932	0.0265512079789624	c2
TNFSF9	1.13389267760475e-29	0.142202750880285	17.5453219420713	12.3606571117258	4.00721734683964e-28	c2
GPR108	0.000415958929944197	0.00126859501984891	9.0018753907064	11.0950465174755	0.0016047889787724	c2
RPS28	5.43480419100949e-30	0.0930482383691116	98.4580120858512	98.4955158829939	1.96414291980685e-28	c2
MYO1F	2.93916564032349e-06	0.0728913657848524	15.2323400708481	13.5340709077194	1.424475971751e-05	c2
AC011511.3	0.0016136091904612	0.000374231783768081	0.0208376745155241	0	0.00574920057682863	c2
S1PR5	4.07658779856815e-75	0.0779913099003861	6.1471139820796	1.97384963540357	1.0203029969282e-72	c2
ZNF136	0.00831931000999831	0.000541837641255975	2.14628047509898	2.83714692817031	0.027054496181065	c2
AC008758.5	0.00114040609751123	0.00156688915186022	0.10418837257762	0.0209538177856005	0.00418685710983377	c2
ZNF791	0.00199909356098589	0.00178761531254544	5.29276932694311	6.61302489313553	0.00704112579797781	c2
TRIR	0.011898999539362	0.0113066445516981	50.6980620962701	55.3893219344565	0.0378049115717243	c2
ADGRE5	1.17816703595816e-15	0.137964439392659	40.7584913523651	38.640935378426	1.43268187280511e-14	c2
PKN1	0.00157367703010102	0.00511962344386963	9.29360283392373	11.2438186237532	0.00567749357094751	c2
LINC01764	0.0016136091904612	0.000311452106617352	0.0208376745155241	0	0.00574920057682863	c2
EPS15L1	0.000632492157320186	0.000154835077608828	4.4175869972911	5.73086916436175	0.00238825962308088	c2
RPL18A	5.27154664237953e-15	0.0695549550828738	98.0829339445718	97.9653842930182	6.00941982638085e-14	c2
PDE4C	0.000543759181844538	0.00065536581883908	0.0416753490310481	0.00209538177856005	0.00206834472504277	c2
SSBP4	0.00526728357828682	0.0104314325360427	11.4815586580538	13.6178861788618	0.0176160906111471	c2
UBA52	2.83769200261064e-09	0.00757242032341532	85.1844134194624	88.3287234934205	1.85626125187352e-08	c2
ZNF708	0.00329196057541692	7.7497234978588e-05	3.79245676182538	4.82147347246668	0.0113259923859594	c2
AC092364.1	0.0016136091904612	0.000394086669657616	0.0208376745155241	0	0.00574920057682863	c2
AC079466.2	0.0016136091904612	0.000229538290035794	0.0208376745155241	0	0.00574920057682863	c2
PLEKHF1	0.00160635095343816	0.00298031303785307	10.0854344655136	12.1385466431984	0.00574920057682863	c2
DMKN	1.53311517047174e-07	0.00806062904220579	0.708480933527818	0.268208867655687	8.43603225386074e-07	c2
GAPDHS	0.00536026426172951	0.00086757153468006	0.0625130235465722	0.0104769088928003	0.0179056317539726	c2
HCST	1.07833838186451e-209	0.496624872311082	79.641591998333	68.0978124214232	2.12737133241012e-206	c2
HKR1	0.00979890906158683	0.00032737195028941	2.1671181496145	2.84343307350599	0.0315207953297045	c2
SARS2	0.00149559906360489	0.00102217392288622	2.02125442800583	2.84552845528455	0.00541152242908412	c2
ZFP36	2.20791391083794e-14	0.128956140614769	79.641591998333	81.1017517391669	2.37565020024648e-13	c2
LEUTX	0.0016136091904612	0.00044653866017092	0.0208376745155241	0	0.00574920057682863	c2
SERTAD3	2.64905084095875e-32	0.0990797433712139	11.3356949364451	6.90428296035538	1.08346179395213e-30	c2
BLVRB	0.00304675768710252	0.00197838415932912	4.75098978953949	5.93202581510351	0.0105212272765697	c2
TGFB1	5.16814518201683e-10	0.112103108720473	28.110022921442	26.2970413209287	3.63297533251898e-09	c2
CCDC97	0.000785462660271053	3.92558495421191e-06	6.04292560950198	7.58318665660883	0.00294004985492975	c2
RPS19	4.89777038562891e-43	0.113092134728882	98.9789539487393	98.9627860196128	3.68299155141754e-41	c2
RABAC1	5.3683060555705e-08	0.096561928854454	41.3211085642842	42.6263515212472	3.08979317816584e-07	c2
CEACAM8	0.0016136091904612	0.000290776948841683	0.0208376745155241	0	0.00574920057682863	c2
ZNF224	0.00760169743607973	0.00202465061609733	3.68826838924776	4.6161260581678	0.0248654763104693	c2
PRKD2	0.00290330515180586	0.00473185490789227	9.14773911231507	10.9714189925404	0.0100558760901854	c2
ZNF541	0.0133176912786205	0.00235494079808677	0.229214419670765	0.102673707149443	0.0419737657684996	c2
EMP3	0.0010326108179724	0.0476222940347402	47.9891644092519	50.3876456290336	0.00381364404946132	c2
RASIP1	0.00344987487061258	0.00355567008872104	0.291727443217337	0.125722906713603	0.0118377228781057	c2
GYS1	0.0103689879559999	0.000141670610142933	2.06292977703688	2.71561478501383	0.0332461871958245	c2
RPL13A	0.000529693212035515	0.00749582962213946	61.7420295894978	66.5681837230743	0.00201644165099286	c2
NKG7	0	1.5045992624514	93.0610543863305	52.5458888609505	0	c2
AC008750.2	3.86005314412293e-05	0.0024713773316823	0.166701396124193	0.0335261084569609	0.000165864996526035	c2
MYADM	0.000632202806461384	0.0751071281612292	29.0893936236716	28.5914843684519	0.00238743584315977	c2
LENG8	0.000434497191291435	0.00073276256183763	12.6276307564076	15.2627608750314	0.00167227069101815	c2
LILRB1	6.80777433784351e-10	0.0247732916293956	2.45884559283184	1.35571201072835	4.72514767679213e-09	c2
DNAAF3	0.0016136091904612	0.000315769316947324	0.0208376745155241	0	0.00574920057682863	c2
RPL28	7.32415315512916e-91	0.152744504264832	99.8332986038758	99.652166624759	2.95948733152677e-88	c2
TANGO2	0.0017526238726445	0.00232777418374264	4.58428839341529	5.81468443550415	0.00621742113822204	c2
DGCR6L	0.00484845396581635	0.0108878290844242	15.6699312356741	18.5713687033778	0.016290067031211	c2
LZTR1	0.0133506187184584	0.000610147499113138	2.35465722025422	3.02573128824072	0.0420662392502496	c2
YPEL1	0.00387441916201189	0.0143692117419974	1.83371535736612	1.33475819294275	0.0132079965293306	c2
BCR	0.000807186710715393	0.0158283369111469	2.35465722025422	1.70145000419076	0.00301698739596265	c2
KIAA1671	0.0132152962788441	0.0179528777862086	2.62554698895603	2.10795406923141	0.0416633395938966	c2
TPST2	1.49255444133581e-05	0.0763800261649933	17.4411335694936	16.1176766406839	6.7091932520467e-05	c2
MN1	0.00193662955868516	0.0039749835282677	0.291727443217337	0.119436761377923	0.00683187989262467	c2
AL008723.1	0.0016136091904612	0.000272819405004988	0.0208376745155241	0	0.00574920057682863	c2
AL021937.1	0.0016136091904612	0.00027777238301847	0.0208376745155241	0	0.00574920057682863	c2
MFNG	0.000335217239741545	0.000107125165826394	11.8774744738487	14.4350850725002	0.0013050504255178	c2
SUN2	2.508458397808e-05	0.0863835971613696	25.2552615128152	24.8260833123795	0.000110159326627844	c2
APOBEC3G	5.6686820163762e-14	0.134096915147088	33.9862471348198	31.3280529712514	5.81929162734083e-13	c2
RPL3	1.08503978097305e-10	0.026910578919678	88.789331110648	91.3062610007543	8.11372668322726e-10	c2
SYNGR1	1.530098789504e-24	0.072176690559426	7.14732235882475	4.10904366775627	3.82387877812111e-23	c2
TTC38	0.014690998625358	0.0278395464661471	5.20941862888102	4.53021540524684	0.0460775004112276	c2
HDAC10	0.000671760989677131	0.00180945719948103	7.62658887268181	9.42712262174168	0.00253169120932595	c2
USP25	0.00786850663968088	0.00621978785664709	6.41800375078141	7.71519570865812	0.0256906128973537	c2
ADAMTS1	0.00988061081739505	0.0013736509382188	0.125026047093144	0.039812253792641	0.0317714214375642	c2
DYRK1A	0.000402887281965334	0.000444114720220101	6.81391956657637	8.5554438018607	0.00155686526818221	c2
KRTAP10-2	0.0016136091904612	0.000314848692496913	0.0208376745155241	0	0.00574920057682863	c2
ITGB2	5.76269767852204e-11	0.12237877112505	34.6113773702855	33.6727851814601	4.43075091110207e-10	c2
PCNT	0.00110677798762022	0.00318369394077571	4.23004792665139	5.4710418238203	0.0040691865982029	c2
MT-CO1	8.88618939085411e-18	0.0331370048600101	96.3742446342988	98.0135780739251	1.28736509628711e-16	c2
MT-CO2	6.42352862218922e-17	0.0482465941614647	98.2079599916649	98.7700108959853	8.63456123971872e-16	c2
MT-ATP6	1.56406197368712e-09	0.0319385939004393	95.0197957907898	96.4168971586623	1.04659837337428e-08	c2
MT-CO3	0.000118673393437134	0.00452240556503369	89.7478641383622	92.2009890201995	0.00048484203546042	c2
MT-ND4L	2.59362375573293e-08	0.0225935706686746	94.6655553240258	95.9873438940575	1.54119336498531e-07	c2
MT-ND4	5.35097328508292e-07	0.0167971311252555	75.4532194207126	79.8906210711592	2.79534177624783e-06	c2
