p_val	avg_log2FC	pct.1	pct.2	p_val_adj	cluster	gene
0	4.09239881137476	0.967	0.024	0	c34	TPSAB1
0	3.93446616091988	0.933	0.022	0	c34	TPSB2
0	3.97137011806901	0.922	0.021	0	c34	CPA3
0	4.37343550267402	0.8	0.016	0	c34	KIT
0	4.21456597930687	0.711	0.015	0	c34	MS4A2
0	3.76695164274958	0.7	0.016	0	c34	TPSD1
0	4.18502993122215	0.7	0.017	0	c34	GATA2
0	3.89323722140362	0.556	0.013	0	c34	HDC
0	4.3007145784522	0.544	0.014	0	c34	SLC18A2
3.40410276273508e-298	3.61925909195241	0.633	0.024	1.14166798456609e-293	c34	HPGDS
9.79512210308566e-272	3.94124305432956	0.511	0.017	3.28508805093287e-267	c34	IL1RL1
5.24100638193956e-251	3.50953029138992	0.7	0.035	1.75772872037489e-246	c34	CLU
9.28921121598082e-251	11.6523975037106	0.011	0	3.11541565761565e-246	c34	AC020741.1
9.28921121598082e-251	11.5790882060957	0.011	0	3.11541565761565e-246	c34	CLVS2
9.28921121598082e-251	13.1349858428763	0.011	0	3.11541565761565e-246	c34	AL136979.1
9.28921121598082e-251	11.1170239896812	0.011	0	3.11541565761565e-246	c34	CER1
9.28921121598082e-251	11.7792605568751	0.011	0	3.11541565761565e-246	c34	AL136369.2
9.28921121598082e-251	11.3954521929941	0.011	0	3.11541565761565e-246	c34	AL353653.1
2.96828856642518e-224	3.94313891697219	0.367	0.011	9.95504619407676e-220	c34	AL157895.1
1.56427148916336e-204	4.60954416195092	0.256	0.006	5.24625372035608e-200	c34	GCSAML
3.08388529218957e-184	3.55504568398284	0.322	0.01	1.03427344929454e-179	c34	MAOB
3.73695905613258e-166	3.39454491942878	0.689	0.051	1.25330132824574e-161	c34	LTC4S
2.96077856454506e-165	4.50073077865957	0.189	0.004	9.92985914977123e-161	c34	SVOPL
1.85106368294036e-153	3.6927192884552	0.4	0.019	6.20809737984539e-149	c34	CNRIP1
1.39039535233191e-149	4.4243939960143	0.222	0.006	4.66310793265076e-145	c34	PBX1
2.03701307472033e-142	4.3052894077943	0.144	0.003	6.83173444999704e-138	c34	CDK15
3.64277319402623e-134	3.63210989363547	0.4	0.021	1.22171327381252e-129	c34	RHEX
2.67746002124721e-131	5.38227701381619	0.156	0.003	8.97966541925889e-127	c34	ADCYAP1
3.42070148504311e-126	10.4607691951104	0.011	0	1.14723486405376e-121	c34	CLDN24
3.45895463917179e-126	8.18505402103293	0.011	0	1.16006420688543e-121	c34	AC105940.2
3.45895463917179e-126	9.14407864300529	0.011	0	1.16006420688543e-121	c34	AC010745.5
3.45895463917179e-126	9.16688693947081	0.011	0	1.16006420688543e-121	c34	LINC02078
3.45895463917179e-126	9.94874316487179	0.011	0	1.16006420688543e-121	c34	AC007673.1
1.66316784806871e-109	3.31720945769409	0.422	0.028	5.57793232885284e-105	c34	VWA5A
1.57235224788085e-107	7.50527598213066	0.033	0	5.2733549689428e-103	c34	AC067747.1
1.72735998791944e-104	4.08143924178177	0.133	0.003	5.79321992748421e-100	c34	KCNH2
3.46052817882026e-104	4.08331937889893	0.167	0.005	1.16059194061274e-99	c34	CTSG
8.42322131504259e-103	4.2104533507324	0.111	0.002	2.82497996463898e-98	c34	AL662860.1
2.10109963664584e-101	4.18502855345355	0.111	0.002	7.04666796138282e-97	c34	PROM1
4.92837796877314e-95	4.52611206305979	0.111	0.002	1.65287940316713e-90	c34	KIAA1549
1.53987148561352e-92	2.73147558815726	0.478	0.041	5.16442098845062e-88	c34	RGS13
8.87356664678917e-92	10.0716831847225	0.022	0	2.97601678200015e-87	c34	AC008063.2
6.0593217650441e-90	4.6429028611123	0.178	0.006	2.03217533356049e-85	c34	AKAP12
5.46832660956419e-89	3.51000265509964	0.156	0.005	1.83396737831564e-84	c34	CALB2
3.02299077876024e-88	4.96457975747248	0.1	0.002	1.01385064738061e-83	c34	GATA1
1.241397672589e-84	10.1495885775708	0.011	0	4.163399514329e-80	c34	AC138646.1
1.25063554638613e-84	8.72503763662198	0.011	0	4.19438149546981e-80	c34	LINC01352
1.25063554638613e-84	8.89889145921417	0.011	0	4.19438149546981e-80	c34	AC009686.1
1.25994198308708e-84	8.26358194508216	0.011	0	4.22559342287746e-80	c34	GNRHR
1.25994198308708e-84	7.8846154259826	0.011	0	4.22559342287746e-80	c34	AC011139.1
1.1122205723008e-81	3.48336369902472	0.333	0.024	3.73016535538244e-77	c34	RHOBTB3
6.00727182791477e-77	3.05324981901567	0.289	0.019	2.01471882564606e-72	c34	RAB27B
6.5712868572542e-77	3.60427835286447	0.278	0.018	2.20387818618591e-72	c34	BACE2
3.12884398661084e-75	4.17875615206881	0.178	0.008	1.04935169622954e-70	c34	MLPH
1.03417088677503e-69	4.51196603692685	0.089	0.002	3.46840232006609e-65	c34	GFRA3
2.3975012997015e-69	3.96195373503442	0.089	0.002	8.04073985893889e-65	c34	TMEM233
1.01920506528785e-68	4.01804610579464	0.156	0.006	3.4182099479624e-64	c34	SIGLEC6
2.11696409255431e-68	4.03377197698096	0.144	0.006	7.09987417360865e-64	c34	TCTEX1D1
9.16059801243375e-68	3.35707381717916	0.178	0.008	3.07228136141003e-63	c34	SLC45A3
1.39657818801046e-67	4.56500019785645	0.089	0.002	4.68384392694949e-63	c34	PNMT
1.48239445590648e-67	6.12559586752523	0.022	0	4.97165452621915e-63	c34	ADAM20
2.1728750848604e-65	5.50848723356557	0.067	0.001	7.28738845960479e-61	c34	BCAN
2.36625955763663e-65	4.59641960061983	0.078	0.002	7.93596130440174e-61	c34	KALRN
7.80123021759981e-64	10.2014494230854	0.011	0	2.61637659037862e-59	c34	AC023855.1
7.84473012745966e-64	9.10258023395034	0.011	0	2.63096559014742e-59	c34	AL590666.3
7.84473012745966e-64	9.53499758303506	0.011	0	2.63096559014742e-59	c34	XIRP2
7.88847174579485e-64	8.72316326468718	0.011	0	2.64563565410468e-59	c34	AC025370.1
7.88847174579485e-64	8.49947382840407	0.011	0	2.64563565410468e-59	c34	RNF151
7.93245641091838e-64	7.97083018432575	0.011	0	2.66038723109381e-59	c34	SLCO1C1
7.93245641091838e-64	7.8026367822095	0.011	0	2.66038723109381e-59	c34	AC008555.2
1.56966482831875e-63	2.94101604190454	0.189	0.01	5.26434190121543e-59	c34	TIMP3
1.27431572739705e-62	5.27636424014588	0.078	0.002	4.27380008654424e-58	c34	SYCP2L
1.68146569262583e-62	2.43155889049516	0.733	0.136	5.6392996399285e-58	c34	CD9
2.85607635262413e-62	3.65387876397778	0.256	0.018	9.57870887143082e-58	c34	GMPR
1.88608396794455e-61	4.66387923767687	0.133	0.005	6.32554841169242e-57	c34	CTTNBP2
6.34786890618399e-61	3.28103625261578	0.211	0.013	2.12894827375599e-56	c34	NTRK1
8.09724945063449e-59	1.97216704414012	0.733	0.132	2.71565552075379e-54	c34	PTGS2
7.4768204521606e-58	2.86762822795771	0.6	0.099	2.50757604324562e-53	c34	HPGD
1.9178125119187e-57	4.78132237310957	0.089	0.003	6.43195960247293e-53	c34	ITGA2B
4.62400712234919e-57	3.05124098989317	0.422	0.052	1.55079950869347e-52	c34	PTGS1
5.27100753614829e-55	3.72302584863934	0.089	0.003	1.76779050747341e-50	c34	SLC24A3
3.05177794383104e-53	3.83202472943767	0.111	0.004	1.02350528680205e-48	c34	FERMT2
3.05924127251744e-53	4.46745985779782	0.078	0.002	1.0260083379769e-48	c34	ZNF521
2.43152209926846e-51	8.12104488355165	0.011	0	8.15483881652655e-47	c34	PRRT1B
2.44236236989129e-51	7.11078421025167	0.011	0	8.19119491614142e-47	c34	AL391987.2
2.44236236989129e-51	8.1191183215706	0.011	0	8.19119491614142e-47	c34	AC079385.3
7.36961081924645e-51	1.69910236256992	0.9	0.22	2.47162007655887e-46	c34	LYZ
1.6668238529823e-50	5.63020125933702	0.056	0.001	5.59019383813204e-46	c34	GPC6
5.33769354459803e-49	2.78475987519843	0.267	0.024	1.79015566098729e-44	c34	FCER1A
1.9484177517963e-48	4.70149844798259	0.056	0.001	6.53460345597442e-44	c34	AQP8
2.47267763446131e-48	4.93781766525817	0.033	0	8.29286625045633e-44	c34	RD3
3.26607864159704e-48	1.70163040032881	0.944	0.269	1.09537745481881e-43	c34	CST3
1.192026293654e-44	3.27672569627429	0.133	0.007	3.9978177836568e-40	c34	DLC1
2.16951604027523e-44	3.34777803677236	0.167	0.011	7.27612289587508e-40	c34	ARHGAP6
4.10656059698188e-44	3.34683103874935	0.122	0.006	1.37725829301578e-39	c34	AL390957.1
5.21696880088006e-43	8.30013849677566	0.011	0	1.74966699643915e-38	c34	LINC01474
5.23634420394075e-43	7.83544638398014	0.011	0	1.75616511911765e-38	c34	ZNF534
5.25579118947705e-43	8.35384548736445	0.011	0	1.76268724912681e-38	c34	AL034376.1
5.27531002054647e-43	7.14062061674072	0.011	0	1.76923347469088e-38	c34	KCNF1
5.27531002054647e-43	6.85629984937563	0.011	0	1.76923347469088e-38	c34	SLC22A9
5.29490096116764e-43	7.8278905103218	0.011	0	1.7758038843564e-38	c34	AC025572.1
1.66044804669548e-42	5.55000741533322	0.056	0.001	5.5688106590073e-38	c34	SLC2A10
7.17571515739097e-42	3.98927589336052	0.1	0.004	2.40659134948578e-37	c34	MEIS2
2.87446738160073e-40	2.34262091704073	0.456	0.077	9.64038870441251e-36	c34	PMP22
2.09846101506449e-39	3.04315349446192	0.2	0.017	7.03781855232328e-35	c34	SMIM1
2.11270877949546e-39	2.78612764179047	0.267	0.03	7.08560270467186e-35	c34	CATSPER1
2.61150881394962e-39	3.10715187043209	0.156	0.011	8.75847826022423e-35	c34	LINC00672
3.87011866684527e-38	2.15909329595565	0.367	0.053	1.29796039848657e-33	c34	ARMH1
6.12504345510041e-38	6.07213534213687	0.022	0	2.05421707397158e-33	c34	ELSPBP1
6.42568193640272e-38	2.00046988546165	0.722	0.186	2.15504520783075e-33	c34	KLF4
1.03996985047148e-37	2.05002123159724	0.722	0.193	3.48785088451123e-33	c34	RNF130
2.52911941748714e-37	1.6423497365497	0.9	0.303	8.48216070236838e-33	c34	GLUL
4.74701513424994e-37	7.48060486778234	0.011	0	1.59205393572474e-32	c34	TRIM10
4.7924805353432e-37	5.98685282130294	0.011	0	1.6073021219434e-32	c34	AC011479.1
4.7924805353432e-37	6.6176209833813	0.011	0	1.6073021219434e-32	c34	LINC02573
4.8077316417999e-37	6.81553377777206	0.011	0	1.61241703802685e-32	c34	CYP4F2
5.12433085474995e-37	3.51817817249699	0.211	0.021	1.71859808206604e-32	c34	TMEM255B
7.6098817015045e-37	1.83916658624995	0.622	0.14	2.55220212505058e-32	c34	TMEM176B
1.44692036316822e-36	2.51608818923499	0.411	0.07	4.85268151399358e-32	c34	GALC
1.60040952662101e-36	1.61932513626073	0.689	0.174	5.36745347038156e-32	c34	C15orf48
1.7872519275882e-36	1.80044663862393	0.611	0.141	5.99408551474531e-32	c34	MS4A7
2.92222227781278e-36	2.6894980116834	0.333	0.049	9.80054907532849e-32	c34	TM6SF1
3.10557091252e-36	3.7348458623787	0.078	0.003	1.04154637264096e-31	c34	ASIC3
3.56806250610674e-36	2.67438623563094	0.289	0.037	1.19665680329808e-31	c34	SLC26A2
1.12171011305626e-34	1.31422329096896	0.8	0.226	3.76199137716808e-30	c34	PLAUR
1.57186253370436e-34	1.57537906213158	0.922	0.347	5.27171256553768e-30	c34	NPC2
2.29058268793467e-34	3.64663727430393	0.122	0.008	7.6821562187953e-30	c34	SLC12A8
3.12923496902666e-34	5.50585342087206	0.022	0	1.04948282391216e-29	c34	TRIM63
4.79907902482079e-34	4.04292869895816	0.1	0.005	1.6095151233444e-29	c34	CAVIN2
1.85092648378538e-33	1.29700963603555	0.922	0.297	6.20763724131942e-29	c34	FCER1G
2.16060866062754e-33	4.75220597536131	0.044	0.001	7.24624932601265e-29	c34	ADORA1
9.9872960468594e-33	3.51253256667306	0.078	0.003	3.3495393481957e-28	c34	ZNF704
1.33444164293689e-32	2.00144180485021	0.556	0.13	4.47545038208174e-28	c34	TMEM176A
1.40314702026549e-32	7.62238890884712	0.011	0	4.70587447656639e-28	c34	AL023284.4
1.40705365490161e-32	7.84954263969681	0.011	0	4.71897654780901e-28	c34	KCNE1B
1.4148993574497e-32	7.00515739749641	0.011	0	4.74528946501482e-28	c34	MPL
1.42674944044882e-32	6.78517073547856	0.011	0	4.78503227337725e-28	c34	AQP2
5.18236032211695e-32	4.71204845635134	0.056	0.002	1.73806000483158e-27	c34	AMHR2
5.96172114917971e-32	3.16309312406754	0.122	0.008	1.99944203901189e-27	c34	KIAA1522
9.46124587793053e-32	2.725162590167	0.144	0.011	3.17311264254034e-27	c34	AC106739.1
1.19234538143491e-31	1.259357078836	0.978	0.346	3.99888794025639e-27	c34	TYROBP
1.46515249711169e-31	1.23061286161191	0.822	0.267	4.9138284448132e-27	c34	TIMP1
2.60841311399413e-31	4.20022929540977	0.089	0.005	8.7480959017135e-27	c34	EPB41L1
3.38409833890717e-31	2.82024696866333	0.167	0.015	1.13495890090269e-26	c34	CAVIN1
8.7742511612597e-31	2.49692627674629	0.389	0.073	2.94270835446328e-26	c34	RAB32
9.60092087823522e-31	2.5205888325903	0.267	0.037	3.21995684414253e-26	c34	MITF
9.80723367816717e-31	3.12658143779169	0.067	0.003	3.28915003098371e-26	c34	AL731557.1
2.57443545566268e-30	6.73181307643241	0.022	0	8.63414163120151e-26	c34	AC009093.1
4.03462001100638e-30	2.46075083030344	0.4	0.078	1.35313085929132e-25	c34	IL18
1.02577375051038e-29	2.69531766145067	0.3	0.047	3.4402400044617e-25	c34	CD33
4.24969621991847e-29	7.9615150126637	0.011	0	1.42526311823626e-24	c34	PRR26
4.30253381173931e-29	6.78259768334684	0.011	0	1.44298378978113e-24	c34	ARHGAP26-AS1
4.30253381173931e-29	7.08790750205711	0.011	0	1.44298378978113e-24	c34	AC008443.2
4.30253381173931e-29	6.44106078362939	0.011	0	1.44298378978113e-24	c34	AC025918.1
4.30253381173931e-29	6.79724008521533	0.011	0	1.44298378978113e-24	c34	SMIM34B
9.91510978414659e-29	2.14538924994294	0.467	0.107	3.32532951940708e-24	c34	ALOX5
1.41253506321206e-28	2.09868559317068	0.744	0.262	4.73736009500062e-24	c34	AREG
1.56301760750353e-28	1.38345857319651	0.467	0.102	5.24204845204535e-24	c34	APOC1
1.87122072434203e-28	2.69451199652559	0.111	0.008	6.27570006529829e-24	c34	STXBP6
2.15703150399126e-28	3.7926446231584	0.044	0.001	7.23425225808589e-24	c34	PRSS12
2.6766719984583e-28	1.43875129410149	0.644	0.174	8.97702254842943e-24	c34	SERPINA1
5.31462471944449e-28	1.19495038658104	0.733	0.236	1.78241883840729e-23	c34	CXCL8
8.50634759640094e-28	0.83913816636439	0.622	0.163	2.85285885688095e-23	c34	CXCL2
2.06721518644508e-27	4.18639795297793	0.056	0.002	6.93302629229952e-23	c34	OSBPL6
3.71565967651418e-27	1.64421981663286	0.722	0.239	1.24615794230933e-22	c34	SGK1
4.39234128488549e-27	2.1301071542787	0.4	0.085	1.47310342012489e-22	c34	SLC44A1
5.54968308955432e-27	2.0250555576509	0.444	0.099	1.86125271457473e-22	c34	PLXDC2
6.18816018212809e-27	1.20387026974056	1	0.812	2.07538516188212e-22	c34	VIM
7.10107010832844e-27	1.38456786154232	1	0.976	2.38155689293119e-22	c34	FTH1
9.93091121758258e-27	1.06005811700153	0.767	0.231	3.33062900415285e-22	c34	AIF1
1.24294350112978e-26	1.957908039904	0.456	0.106	4.16858391408904e-22	c34	ABCA1
1.27466150850601e-26	0.573291872499193	0.656	0.18	4.27495976722746e-22	c34	IL1B
1.35084697707912e-26	1.74443727251332	0.578	0.161	4.53047059172795e-22	c34	CXCL16
2.06398686533755e-26	3.55550363145579	0.078	0.004	6.92219914896906e-22	c34	ELOVL7
2.6046152446059e-26	8.48797667843629	0.011	0	8.73535860735928e-22	c34	AC026367.1
2.61041509957368e-26	8.17218819521495	0.011	0	8.7548101609502e-22	c34	Z97200.1
2.62205324620544e-26	7.54626037289328	0.011	0	8.7938421771238e-22	c34	AL355297.3
2.62789159395067e-26	7.21506438673012	0.011	0	8.81342282779177e-22	c34	GDPD4
2.63960697895914e-26	6.55604309175922	0.011	0	8.85271388603316e-22	c34	AC090510.2
2.64548407266918e-26	5.99600883287003	0.011	0	8.87242448291788e-22	c34	LINC01381
3.05107449800758e-26	1.87598622710016	0.511	0.13	1.02326936514178e-21	c34	ACSL4
4.28268961987918e-26	1.33363609756029	0.5	0.124	1.43632844471508e-21	c34	CXCL3
4.39603471796517e-26	1.23449163436714	0.8	0.29	1.47434212371116e-21	c34	EGR1
5.37937212925626e-26	1.29336473414708	0.467	0.107	1.80413382470996e-21	c34	C1QA
8.94189751300528e-26	2.33828864100496	0.311	0.056	2.99893358791171e-21	c34	LPCAT2
2.43104455813232e-25	2.38582269186717	0.156	0.016	8.15323723906417e-21	c34	HS6ST1
2.85838419395279e-25	1.62035424849456	0.522	0.137	9.58644890967888e-21	c34	MAFB
2.88188728160135e-25	2.23466900955785	0.267	0.043	9.66527356503461e-21	c34	STX3
4.59811663711886e-25	4.63630630825548	0.044	0.002	1.54211635775692e-20	c34	SAMD13
5.66549137618192e-25	1.63300417717528	0.544	0.143	1.90009249774389e-20	c34	FCGR2A
1.32692413496545e-24	5.17737501379881	0.044	0.002	4.45023816384712e-20	c34	AC068282.1
2.42696349853634e-24	1.28018517681343	0.956	0.639	8.13955018139119e-20	c34	NEAT1
3.14989137631285e-24	1.43625525515639	0.711	0.238	1.0564105697878e-19	c34	IER3
4.29280555540084e-24	3.38135751834452	0.044	0.002	1.43972112717033e-19	c34	EFHC2
4.38631299687416e-24	2.9717940201334	0.111	0.009	1.47108165289165e-19	c34	PROS1
4.99202603157945e-24	7.99060954785572	0.011	0	1.67422569047112e-19	c34	AC007556.1
5.00213054165346e-24	7.85948664620162	0.011	0	1.67761454105974e-19	c34	GPR173
5.01225530967234e-24	7.14032919359053	0.011	0	1.68101018575791e-19	c34	AP005205.2
5.02240037585188e-24	7.27498919196174	0.011	0	1.6844126380532e-19	c34	AL450322.2
5.02240037585188e-24	7.2271725409528	0.011	0	1.6844126380532e-19	c34	AP005899.1
5.07343159225367e-24	5.10943221837857	0.011	0	1.70152748741003e-19	c34	AC027018.1
5.08369929636572e-24	5.18947085734694	0.011	0	1.70497107001514e-19	c34	LINC02115
5.20470736443022e-24	1.99859112839205	0.522	0.152	1.74555475588261e-19	c34	NSMCE1
6.30162326469626e-24	3.37905957738206	0.122	0.011	2.11343841051383e-19	c34	CST6
7.17582739826395e-24	4.19578825476223	0.033	0.001	2.40662899282976e-19	c34	AC084048.1
7.7588307460021e-24	1.60732729080957	0.778	0.329	2.60215665559419e-19	c34	LAPTM4A
7.92393608278091e-24	1.52126525957497	0.556	0.156	2.65752968344306e-19	c34	MS4A6A
9.33532998944124e-24	1.37582242854245	0.644	0.204	3.1308829718588e-19	c34	CD68
1.35493569095868e-23	5.68440476742761	0.022	0	4.54418332033722e-19	c34	AL121721.1
1.38226388476415e-23	1.79985577501028	0.511	0.141	4.635836616722e-19	c34	GSN
1.85722689171101e-23	3.89278627314186	0.089	0.006	6.22876754942037e-19	c34	PAQR5
2.70342830108081e-23	2.3535589950403	0.344	0.072	9.06675783616483e-19	c34	MCTP1
3.01101355475878e-23	3.31471666585779	0.044	0.002	1.009833725995e-18	c34	LCN6
3.27349928616455e-23	1.80335155930825	0.333	0.067	1.09786619059387e-18	c34	CSF2RB
3.88925656921416e-23	2.55616615111381	0.2	0.028	1.30437886818305e-18	c34	CHN2
4.41835766521178e-23	4.93420602815551	0.022	0	1.48182879375873e-18	c34	P2RX6
5.04659174908922e-23	1.58089799458787	0.489	0.131	1.69252594080954e-18	c34	DUSP6
5.81495746708174e-23	1.43196251274965	0.578	0.168	1.95022043530988e-18	c34	ETS2
6.08101626815484e-23	4.92835576863933	0.033	0.001	2.03945123601377e-18	c34	LINC01918
6.10423248632569e-23	0.963300735219587	0.378	0.083	2.04723749126391e-18	c34	APOE
1.00729457535249e-22	3.57683405528147	0.044	0.002	3.37826454681717e-18	c34	MPIG6B
1.52111760283209e-22	1.43780039176058	0.622	0.192	5.10152421637827e-18	c34	FCGRT
1.74635098746098e-22	2.793297861991	0.156	0.018	5.85691194174662e-18	c34	SLAMF9
2.58938374577785e-22	2.7869008749287	0.178	0.023	8.68427520658974e-18	c34	FER
3.08521712570038e-22	1.11725655035966	1	0.941	1.0347201196174e-17	c34	FTL
3.54268613152837e-22	1.78318870926602	0.567	0.179	1.18814607479199e-17	c34	RAB31
3.96316496261683e-22	2.29222345777335	0.1	0.008	1.32916626516243e-17	c34	BOLA3-AS1
4.03673750998721e-22	6.27740435372282	0.011	0	1.35384102609951e-17	c34	SERPINC1
4.03673750998721e-22	6.25231255050513	0.011	0	1.35384102609951e-17	c34	CNGB1
4.0517285356785e-22	6.30663019786276	0.011	0	1.35886871629586e-17	c34	LINC01929
4.0592446955421e-22	6.55418736597173	0.011	0	1.36138948599091e-17	c34	COL9A1
4.07431843437435e-22	5.97798194088112	0.011	0	1.36644491652047e-17	c34	PROKR1
4.60465173701468e-22	1.01388400540288	0.8	0.324	1.54430809955998e-17	c34	CTSB
4.81074326154719e-22	1.37491597370202	0.644	0.213	1.6134270750577e-17	c34	ICAM1
5.004697110014e-22	2.0779941322969	0.411	0.101	1.6784753167565e-17	c34	GNAQ
6.1060803748957e-22	1.45758210140999	0.711	0.266	2.04785723613252e-17	c34	ASAH1
6.67670897993913e-22	1.31585068751668	0.678	0.224	2.23923465769199e-17	c34	SPI1
6.97514249056442e-22	1.78539710914022	0.411	0.101	2.3393232884855e-17	c34	OLR1
8.21798381696509e-22	1.78508985436154	0.389	0.091	2.75614741253375e-17	c34	FBP1
8.78292926852852e-22	1.8029099274114	0.333	0.07	2.9456188180791e-17	c34	TENT5A
1.39326852774347e-21	1.71099982232365	0.5	0.144	4.67274398834606e-17	c34	DDAH2
1.59466904096708e-21	2.27888499814235	0.111	0.01	5.34820102959538e-17	c34	UBXN10-AS1
2.84651054547424e-21	4.7025592349203	0.033	0.001	9.54662706741149e-17	c34	MFAP3L
4.70249271500858e-21	3.660215351657	0.044	0.002	1.57712200675958e-16	c34	CADPS
5.32447807830406e-21	1.97878028206191	0.433	0.114	1.78572345790161e-16	c34	RNASE6
5.60590348638852e-21	1.01907501764973	1	0.78	1.88010791126498e-16	c34	S100A6
7.48727233932917e-21	5.11198326937105	0.022	0	2.51108139716422e-16	c34	AC046158.1
7.59340435862564e-21	1.50913072945102	0.433	0.11	2.54667595379587e-16	c34	IGSF6
1.01731825063853e-20	0.522216078551516	0.6	0.18	3.41188194899149e-16	c34	G0S2
1.21813509576494e-20	2.852558613192	0.144	0.017	4.08538148417646e-16	c34	PRKAR2B
1.25400170320377e-20	1.08726021874101	0.956	0.553	4.20567091220481e-16	c34	FOSB
1.48752128327325e-20	4.52853954302608	0.044	0.002	4.98884887984181e-16	c34	ZNF462
1.65454205806824e-20	6.76743490086483	0.011	0	5.54900315434926e-16	c34	SLC10A5
1.66305550451762e-20	5.68685854306666	0.011	0	5.5775555510512e-16	c34	SFTPD-AS1
1.66590293410019e-20	6.16520027852216	0.011	0	5.58710526038521e-16	c34	C4orf45
1.84121790263164e-20	2.20938263253836	0.322	0.071	6.175076601846e-16	c34	BMP2K
1.86322021110023e-20	5.05095395042912	0.022	0	6.24886794398797e-16	c34	LINC00323
3.15981839783773e-20	3.9998072190803	0.044	0.002	1.05973989426682e-15	c34	GPR85
3.22448699590775e-20	2.97988974850047	0.089	0.007	1.08142844868754e-15	c34	AL078590.3
3.31636708074277e-20	1.43338381529308	0.6	0.199	1.11224319153951e-15	c34	C1orf162
3.70460238836424e-20	2.96700568328745	0.211	0.035	1.2424495490096e-15	c34	SORT1
3.84851861664551e-20	1.2724604873997	0.844	0.43	1.29071617365057e-15	c34	CD63
4.23712139834179e-20	1.32761849436202	0.633	0.213	1.42104577457587e-15	c34	LST1
4.31040144243712e-20	6.34526830521279	0.022	0	1.44562243576456e-15	c34	XKR4
4.56506963174608e-20	2.40101483575907	0.2	0.031	1.531033053095e-15	c34	P2RX1
6.27691388405947e-20	2.26770246015298	0.289	0.06	2.10515137843586e-15	c34	DAPK1
7.88422489553924e-20	2.33090094400766	0.244	0.045	2.64421134546595e-15	c34	CHKA
8.20151949848004e-20	1.5946822785276	0.344	0.079	2.75062560940023e-15	c34	HNMT
1.35237448566603e-19	2.95434632572825	0.056	0.003	4.53559355002671e-15	c34	TIE1
1.38593076840229e-19	3.31446884897019	0.044	0.002	4.64813461106759e-15	c34	HHIP-AS1
1.480548576565e-19	2.49791672137957	0.233	0.042	4.96546381608368e-15	c34	SH3PXD2B
2.27810175856394e-19	2.13583053273572	0.333	0.078	7.64029767787173e-15	c34	ACOT7
2.29238047310051e-19	6.03500653568298	0.022	0.001	7.68818563068451e-15	c34	CEP295NL
2.36827629822005e-19	4.35341970358956	0.022	0.001	7.94272504897041e-15	c34	MFSD2B
3.06091193874212e-19	3.26986443459325	0.078	0.006	1.02656864601533e-14	c34	PLAT
3.10009578672989e-19	3.17629134140401	0.067	0.004	1.03971012495347e-14	c34	TTLL7
3.37897483526782e-19	1.00409554469895	0.778	0.318	1.13324058025212e-14	c34	IFITM3
3.99416669045135e-19	7.22063076988369	0.011	0	1.33956362464357e-14	c34	AL365434.1
4.00051687004301e-19	6.623121088369	0.011	0	1.34169334787502e-14	c34	AL359922.2
4.0132471660811e-19	6.13098601358298	0.011	0	1.34596283456028e-14	c34	AL360268.1
4.02601748116858e-19	6.35018287499083	0.011	0	1.35024574283432e-14	c34	LINC00599
4.11765338034254e-19	1.65132704130656	0.456	0.132	1.38097859069928e-14	c34	SLC11A1
5.08097433675521e-19	1.16357231277151	0.444	0.12	1.70405717306096e-14	c34	TGFBI
9.08952946302113e-19	2.72665836664152	0.144	0.018	3.04844639130803e-14	c34	ABCC3
9.11149140634432e-19	0.898534976875857	0.844	0.385	3.05581198785976e-14	c34	SOD2
9.14465617386192e-19	2.41878726141406	0.144	0.018	3.06693478758981e-14	c34	P2RY14
1.11967788862059e-18	1.79616765580108	0.322	0.074	3.75517570285574e-14	c34	BTK
1.29696656673747e-18	1.46094078007978	0.5	0.157	4.34976647152412e-14	c34	ARHGAP18
1.97046494980924e-18	2.42746989039349	0.133	0.016	6.60854534867022e-14	c34	ALDH1A1
2.15717769986027e-18	3.35482388418493	0.033	0.001	7.23474256979137e-14	c34	IL1RAPL1
2.47253245409665e-18	1.26824888322634	0.911	0.531	8.29237934454935e-14	c34	HLA-DRA
2.66572937369239e-18	2.00088312389849	0.356	0.091	8.94032317348953e-14	c34	CD302
2.86174404929218e-18	1.58040798701186	0.5	0.16	9.59771719251611e-14	c34	SPINT2
3.05018431028678e-18	1.06112138246977	0.722	0.306	1.02297081398398e-13	c34	BCL2A1
3.71128958484789e-18	1.24430665451856	0.744	0.326	1.24469230096628e-13	c34	CAPG
3.93335355165689e-18	1.24805187692499	0.533	0.172	1.31916811415469e-13	c34	WASHC1
4.17900415741462e-18	1.52869227524025	0.311	0.072	1.40155441431371e-13	c34	STAB1
4.3367989465397e-18	1.87217811368366	0.333	0.081	1.45447563069049e-13	c34	IRAK3
4.47623869593396e-18	4.97523096314349	0.022	0.001	1.50124093384233e-13	c34	FREM1
5.60291379147986e-18	3.77891875358141	0.033	0.001	1.87910522738651e-13	c34	PDE3A
5.6056278037909e-18	1.45633399520118	0.4	0.107	1.88001545283539e-13	c34	SWAP70
6.35909522788124e-18	5.37014623992623	0.011	0	2.13271335752681e-13	c34	TMEM151B
6.3685300732282e-18	5.52478069028932	0.011	0	2.13587761595927e-13	c34	NCBP2L
6.76916670155795e-18	1.3419968044516	0.411	0.114	2.2702431283685e-13	c34	C5AR1
7.26047908168885e-18	1.56829533243911	0.489	0.151	2.43501947441681e-13	c34	LMO4
9.29857736124514e-18	1.20089718997344	0.556	0.184	3.1185568754144e-13	c34	MXD1
9.76784613468327e-18	1.45466592330894	0.444	0.131	3.27594023665008e-13	c34	CSTA
1.13515692266864e-17	2.66578405157581	0.189	0.031	3.80708928724609e-13	c34	NDRG2
1.46056172877457e-17	1.59494936861549	0.278	0.06	4.89843192596414e-13	c34	CLEC5A
1.62040767039642e-17	3.92218228169697	0.056	0.003	5.4345232449755e-13	c34	COX7A1
1.68086428990993e-17	3.56956283579849	0.089	0.008	5.63728265549992e-13	c34	ITGA9
1.75195530491839e-17	1.74343873598398	0.333	0.083	5.8757077016353e-13	c34	IL13RA1
2.1636754165338e-17	4.28225151879175	0.044	0.002	7.25653461197104e-13	c34	RGS17
2.6558087817537e-17	0.897644757618278	0.422	0.119	8.90705149224556e-13	c34	EREG
2.81559681582444e-17	4.09454133617422	0.067	0.005	9.442948600912e-13	c34	PPM1H
3.08843205886368e-17	2.83899364209077	0.089	0.008	1.0357983439017e-12	c34	INKA1
3.42081522177552e-17	3.79087568021438	0.033	0.001	1.14727300907907e-12	c34	TLDC2
3.50654275080889e-17	3.6689681953545	0.033	0.001	1.17602430776628e-12	c34	TPSG1
3.85341287427683e-17	3.58712475421423	0.056	0.003	1.29235760977496e-12	c34	TMOD1
3.95960602954405e-17	2.11074378067021	0.1	0.01	1.32797267018848e-12	c34	MYB
4.54279266296609e-17	1.70748951437038	0.356	0.093	1.52356180330557e-12	c34	ZNF385A
4.54557428093155e-17	2.02425787740987	0.244	0.05	1.52449470233882e-12	c34	SLCO2B1
5.84056768133604e-17	4.6122272956742	0.033	0.001	1.95880958896648e-12	c34	CASQ1
6.15650100731116e-17	0.741713773261433	0.456	0.136	2.06476730783202e-12	c34	IL1RN
6.37419605587002e-17	2.26410956890138	0.244	0.051	2.13777787321769e-12	c34	LRMDA
7.43059654014036e-17	1.99748844665886	0.3	0.071	2.49207346763227e-12	c34	DAB2
8.64953090897704e-17	1.58827062494861	0.278	0.062	2.90087967625272e-12	c34	SMYD3
9.38542203290561e-17	1.83032556260429	0.311	0.076	3.14768284139588e-12	c34	ADGRE2
9.93171926031134e-17	1.70017399336748	0.489	0.164	3.33090000552322e-12	c34	CLEC7A
1.04595684849683e-16	1.53699048937069	0.3	0.071	3.50793007848868e-12	c34	TSC22D1
1.08445805875083e-16	4.39396361393082	0.022	0.001	3.63705543743853e-12	c34	RSPH9
1.16841705317854e-16	3.66020044434906	0.044	0.002	3.9186371129502e-12	c34	ABCC6
1.44587393969181e-16	0.876927340250122	0.789	0.347	4.84917201893841e-12	c34	LMNA
1.45512255355416e-16	1.88592081944032	0.333	0.086	4.88019002010994e-12	c34	FHL3
1.55375951803315e-16	1.14810993934029	0.511	0.166	5.21099867157958e-12	c34	CYBB
1.6455250831596e-16	4.2523896429597	0.089	0.009	5.51876202390067e-12	c34	P3H2
1.70073416065386e-16	1.33901279579568	0.4	0.114	5.70392222800092e-12	c34	NCF2
1.9406168521033e-16	4.45621749937422	0.022	0.001	6.50844079858406e-12	c34	DRD2
1.99534930918313e-16	1.37010087561239	0.667	0.271	6.69200251313837e-12	c34	NFKB1
2.17450362748286e-16	1.86105954154963	0.3	0.072	7.29285026585203e-12	c34	VAT1
2.90025649331101e-16	1.70766088458924	0.333	0.087	9.72688022726647e-12	c34	SIRPA
3.08283526553622e-16	3.3943556080216	0.044	0.002	1.03392129135554e-11	c34	TRO
3.0882101049532e-16	1.55398727418243	0.378	0.106	1.0357239049992e-11	c34	CSF1R
3.77965925925665e-16	1.09786360675435	0.556	0.208	1.26762212236949e-11	c34	CCL3L1
3.88348961696052e-16	3.01065523124478	0.122	0.016	1.30244474773622e-11	c34	ARMCX1
4.7507832194779e-16	1.04419311298683	0.367	0.1	1.5933176761485e-11	c34	C1QC
5.13771146197019e-16	1.3175953576053	0.667	0.274	1.72308567011556e-11	c34	CEBPB
5.25566171594706e-16	3.74622824734995	0.089	0.009	1.76264382629432e-11	c34	RIN1
5.63553830141139e-16	5.3230022123075	0.022	0.001	1.89004683552735e-11	c34	AL354732.1
5.96106753713397e-16	7.35540667617509	0.011	0	1.99922283060399e-11	c34	AP003419.3
5.96419645984459e-16	1.08717637811089	0.4	0.113	2.00027220870268e-11	c34	TSC22D2
6.04747347075893e-16	5.6591496578832	0.011	0	2.02820165262313e-11	c34	AC027228.2
7.09199448698589e-16	0.898004520907614	0.944	0.648	2.37851311104533e-11	c34	S100A10
7.29442428222941e-16	0.877161498248091	0.878	0.43	2.4464040157741e-11	c34	NAMPT
7.3032171668809e-16	1.51535767656124	0.311	0.079	2.44935297342852e-11	c34	CD93
8.07115301165876e-16	1.06650381703739	0.644	0.263	2.70690329705012e-11	c34	GRN
8.46601541832107e-16	1.66363415743781	0.311	0.078	2.83933225099652e-11	c34	BAZ2B
8.50808859020912e-16	3.50963487250024	0.056	0.004	2.85344275138434e-11	c34	TANC1
9.86993226964639e-16	4.09818431821389	0.022	0.001	3.31017788459401e-11	c34	AP003064.2
1.2012567467236e-15	2.78801907732698	0.144	0.022	4.0287748771616e-11	c34	IQSEC2
1.25258334310237e-15	1.59208007481699	0.378	0.108	4.20091401609672e-11	c34	GNS
1.41820100690815e-15	1.50289168708913	0.522	0.185	4.75636253696856e-11	c34	AHR
1.58634137635609e-15	1.65784742482369	0.322	0.085	5.32027170802306e-11	c34	ABL2
1.68367850093074e-15	0.693886613627931	0.978	0.755	5.64672095642151e-11	c34	SAT1
1.77893944565971e-15	3.12013760618928	0.056	0.004	5.96620711285354e-11	c34	FAM124B
1.81663041990669e-15	0.74154437123066	0.989	0.715	6.09261510228307e-11	c34	FOS
1.86927377701899e-15	3.80797654745211	0.056	0.004	6.2691703933663e-11	c34	ENPP3
1.87994088272036e-15	1.24389867621575	0.3	0.076	6.30494573246755e-11	c34	MMP9
1.97359379858594e-15	1.2587968742848	0.378	0.108	6.61903888169754e-11	c34	TBXAS1
2.03292696052023e-15	3.31580182826775	0.044	0.002	6.81803044019274e-11	c34	VSIG8
2.05604517910785e-15	1.81101804993025	0.3	0.076	6.8955643216919e-11	c34	CSF2RA
2.34344518127722e-15	1.41090441466775	0.256	0.057	7.85944644896755e-11	c34	TREM2
2.43939510148854e-15	2.26857352403612	0.222	0.046	8.18124329137225e-11	c34	GRK3
2.69102539171859e-15	0.930037176629038	0.889	0.518	9.0251609587458e-11	c34	ALOX5AP
2.95549115458397e-15	2.13465451634083	0.122	0.016	9.91212623424372e-11	c34	ALS2
3.14620062161834e-15	1.17496354542573	0.7	0.306	1.05517276447836e-10	c34	CCL3
3.98751736367592e-15	7.87343887436282	0.011	0	1.33733357342963e-10	c34	TRPM6
4.00232665710021e-15	6.36531864554222	0.011	0	1.34230031425827e-10	c34	PPP1R26-AS1
4.00724733101101e-15	1.56726864495872	0.289	0.072	1.34395060987447e-10	c34	FPR3
4.03709257982461e-15	6.11432952814697	0.011	0	1.35396010942158e-10	c34	AL008726.1
4.04208334958897e-15	6.13746938227777	0.011	0	1.35563391378515e-10	c34	AC099489.3
4.067128455453e-15	4.72207272920359	0.011	0	1.36403354138983e-10	c34	FOXI2
4.067128455453e-15	4.86000358412645	0.011	0	1.36403354138983e-10	c34	AL136526.1
4.38150042573268e-15	4.29136106885315	0.022	0.001	1.46946761278223e-10	c34	VWC2
4.89484001989059e-15	2.10236003183753	0.167	0.028	1.64163144587091e-10	c34	ADAM12
4.95901464896062e-15	2.60411867258582	0.133	0.019	1.66315433296841e-10	c34	TNNI2
6.49195771727584e-15	3.08968967902445	0.111	0.014	2.17727277921997e-10	c34	FHL1
7.55759347264837e-15	3.04546322855094	0.056	0.004	2.53466569885681e-10	c34	SCIN
7.60713556036117e-15	1.9723379822771	0.211	0.043	2.55128112423393e-10	c34	LYL1
8.06352017315587e-15	0.798713805192236	1	0.986	2.70434339567302e-10	c34	MALAT1
8.4431481414892e-15	1.54184987243102	0.411	0.133	2.83166302369265e-10	c34	PHLDA2
8.45936465500813e-15	1.80509774337625	0.244	0.055	2.83710171799663e-10	c34	RENBP
8.62300082912255e-15	1.27323276893482	0.533	0.199	2.89198201807112e-10	c34	ATP2B1-AS1
8.95658909182637e-15	2.49780423289517	0.178	0.033	3.00386084961673e-10	c34	GPX3
9.40025996650693e-15	1.58078300777917	0.289	0.073	3.15265918756709e-10	c34	CHPT1
1.05600945130926e-14	6.1298305096127	0.022	0.001	3.54164449780101e-10	c34	ANGPT1
1.0975098343978e-14	3.11107000298384	0.122	0.017	3.68082848260333e-10	c34	CALCRL
1.20478854817867e-14	1.10231628197399	0.311	0.08	4.04061983288162e-10	c34	MS4A4A
1.20949565097282e-14	3.50108931909261	0.067	0.006	4.05640651423263e-10	c34	DIP2C
1.30228219374119e-14	3.1532475606793	0.1	0.012	4.36759402136921e-10	c34	UGGT2
1.34201556189075e-14	1.4148116449574	0.267	0.064	4.50085179146919e-10	c34	PLAU
1.34751499773372e-14	2.99581405263246	0.122	0.017	4.51929579939936e-10	c34	PPP1R14A
1.49403512271572e-14	1.4843601305345	0.378	0.113	5.01069499456397e-10	c34	ALDH2
1.63432738596936e-14	0.59455022803225	0.522	0.183	5.48120718706403e-10	c34	S100A8
1.67132478259847e-14	4.76930870114781	0.022	0.001	5.60528905587873e-10	c34	CHST1
1.71574941909229e-14	2.2059610390007	0.133	0.02	5.75428040175172e-10	c34	TMEM220
1.72404541664413e-14	1.71109501946027	0.233	0.052	5.7821035183411e-10	c34	CLEC10A
1.76066645220306e-14	1.70949911105668	0.4	0.129	5.90492314739862e-10	c34	CCDC88A
1.89394237158045e-14	1.32033359093575	0.267	0.063	6.35190392580652e-10	c34	ADRB2
1.90930699152046e-14	1.75582786839698	0.311	0.085	6.40343378816133e-10	c34	CLIC4
2.20999707382842e-14	6.07098704018742	0.011	0	7.41188818620576e-10	c34	NR0B1
2.22036784308955e-14	5.60444380034713	0.011	0	7.44666967215372e-10	c34	AL138921.1
2.22036784308955e-14	5.58329312298385	0.011	0	7.44666967215372e-10	c34	SHISAL1
2.71444035507756e-14	1.05609272962453	0.322	0.086	9.10369006285911e-10	c34	MAST4
3.08494778307262e-14	1.16631676591068	0.4	0.123	1.03462978748689e-09	c34	HCK
3.13450794688878e-14	1.74111558745853	0.189	0.037	1.05125127522756e-09	c34	EGR3
3.25841239681669e-14	1.27416424960318	0.422	0.138	1.09280634964438e-09	c34	CALHM6
3.49770695736244e-14	0.851447697478581	0.467	0.156	1.17306095936022e-09	c34	CD14
3.8610459936613e-14	3.1641743155761	0.1	0.012	1.29491760535413e-09	c34	TNS1
4.86281315665526e-14	3.21324656886657	0.044	0.003	1.63089027647904e-09	c34	RAB44
4.89663595276235e-14	4.58839629863729	0.033	0.002	1.64223376583744e-09	c34	AL591846.2
5.36780873569999e-14	1.16891482793874	0.433	0.143	1.80025569377906e-09	c34	DSE
5.79317583376466e-14	2.05146477331802	0.189	0.038	1.94291531112799e-09	c34	MILR1
6.18669551434641e-14	1.53089285802196	0.333	0.096	2.0748939416015e-09	c34	CLEC4A
6.37840254857648e-14	1.26572730213293	0.511	0.193	2.13918864674158e-09	c34	IFNGR2
6.46373535498412e-14	1.36655043894685	0.267	0.066	2.16780756335458e-09	c34	QPCT
6.63605663829336e-14	1.58497535064738	0.189	0.037	2.22560067535083e-09	c34	SLC40A1
7.20356558144057e-14	3.10330668130189	0.067	0.006	2.41593182470354e-09	c34	ST8SIA6
7.36064108808182e-14	3.66194506683349	0.033	0.002	2.46861180812088e-09	c34	CFAP53
8.65898001547395e-14	4.43510658526909	0.033	0.002	2.90404871758965e-09	c34	ENTHD1
8.98192986748052e-14	3.90627472262	0.022	0.001	3.01235963895562e-09	c34	MYO16
9.01259793498376e-14	3.64587687331085	0.022	0.001	3.02264509543485e-09	c34	TMEM108
9.3546982406157e-14	2.40363302336664	0.056	0.004	3.13737869593769e-09	c34	GRHL1
9.49235502156236e-14	1.29432327955992	0.333	0.096	3.18354602713159e-09	c34	RNF144B
9.85637852616997e-14	1.56813311891673	0.222	0.049	3.30563223010688e-09	c34	LEO1
1.01856370833317e-13	7.10390299899599	0.011	0	3.41605896500777e-09	c34	HCRTR2
1.01856370833317e-13	6.71293892300566	0.011	0	3.41605896500777e-09	c34	AL161937.1
1.02339599465064e-13	2.12105525163858	0.133	0.021	3.43226548685931e-09	c34	NFIA
1.04310074745031e-13	4.55594546538215	0.033	0.002	3.49835128679883e-09	c34	IZUMO1
1.10233107697503e-13	1.07840625728461	0.778	0.418	3.69699796595885e-09	c34	NFKBIZ
1.14747242853522e-13	1.6674779049862	0.289	0.078	3.84839303082143e-09	c34	ITGAV
1.20796270623517e-13	1.99085576366117	0.178	0.034	4.05126532417152e-09	c34	ST3GAL4
1.21124872957801e-13	1.71979760694111	0.211	0.046	4.06228598925875e-09	c34	S100B
1.23537252488057e-13	4.54971151346538	0.033	0.002	4.14319237394446e-09	c34	ZNF660
1.27735756256997e-13	1.34969935291422	0.289	0.076	4.28400179334716e-09	c34	THBS1
1.30924200773823e-13	3.8860799356747	0.022	0.001	4.39093584555247e-09	c34	RGL3
1.46368945089875e-13	1.07838611391526	0.678	0.301	4.90892168042423e-09	c34	GRINA
1.48718466888538e-13	3.05828457875095	0.056	0.004	4.98771994250778e-09	c34	STXBP5-AS1
1.61235799076226e-13	1.25199681729809	0.356	0.107	5.40752622941848e-09	c34	SMIM3
1.67623035925734e-13	0.843798127561308	0.644	0.262	5.62174137887726e-09	c34	FOXP1
1.7308065737433e-13	1.27270295472801	0.278	0.071	5.80477908702027e-09	c34	MRC1
1.87969097691047e-13	1.12712788015395	0.322	0.09	6.30410759836233e-09	c34	FCN1
1.93905127085518e-13	3.17774766122532	0.033	0.002	6.50319015219411e-09	c34	AL589843.1
1.9433225984326e-13	0.758161029883722	0.933	0.71	6.51751533062325e-09	c34	GABARAP
2.02334438826791e-13	2.30252886203511	0.067	0.006	6.7858924093729e-09	c34	HSPG2
2.17580730799835e-13	0.818560479234976	0.344	0.1	7.29722254956487e-09	c34	C1QB
2.45146903903125e-13	1.8570973349532	0.256	0.065	8.22173686310301e-09	c34	PLA2G7
2.50579642750002e-13	1.44056008586639	0.522	0.209	8.40394005854958e-09	c34	IFNGR1
2.52310766369733e-13	1.61146771566165	0.3	0.083	8.46199848250809e-09	c34	MSRA
2.59510454301298e-13	1.63016193422637	0.344	0.105	8.70346161635694e-09	c34	HBEGF
2.64532883790641e-13	1.18026712752961	0.556	0.22	8.87190385657051e-09	c34	PLIN2
2.68004354697381e-13	2.04650671573298	0.156	0.028	8.98833004784078e-09	c34	ABCC4
2.75562205634096e-13	4.36382572036893	0.022	0.001	9.2418052525563e-09	c34	HIST2H3PS2
3.052292884391e-13	2.80205628894958	0.067	0.006	1.02367798756705e-08	c34	ADAMTS10
3.48912327427181e-13	1.99215131119455	0.256	0.065	1.17018216372528e-08	c34	MCEMP1
3.83936552916993e-13	3.20108317730831	0.033	0.002	1.28764641117301e-08	c34	SIGLEC8
4.02520101487862e-13	3.62641043348144	0.022	0.001	1.34997191636999e-08	c34	ZC3H12B
4.08494030726728e-13	6.14775990308284	0.011	0	1.3700072802513e-08	c34	DPYS
4.13717870345027e-13	4.86871973225128	0.011	0	1.38752699356315e-08	c34	VWA5B1
4.54972411997552e-13	1.54793168823967	0.222	0.051	1.52588647535739e-08	c34	SAP30
5.23222111707372e-13	1.54442050315523	0.289	0.079	1.75478231824418e-08	c34	RAB13
5.49793781102522e-13	1.39519236404446	0.289	0.078	1.84389838306164e-08	c34	ANPEP
6.47476122712117e-13	1.37925006809698	0.256	0.065	2.1715054203519e-08	c34	PLXNC1
6.61012334800485e-13	2.3196164801627	0.144	0.025	2.21690316845387e-08	c34	HIF1A-AS2
6.7246392699615e-13	1.47372660328592	0.322	0.095	2.25530951835969e-08	c34	CFD
6.7659339761182e-13	4.82134641656659	0.033	0.002	2.26915893691052e-08	c34	ARHGEF17
6.78761258228769e-13	1.26518657437729	0.378	0.122	2.27642950784764e-08	c34	NAAA
7.24552229157041e-13	1.5393002374757	0.344	0.107	2.43000326614688e-08	c34	PAK1
7.98080731241632e-13	3.3855283949108	0.078	0.008	2.67660315643819e-08	c34	AC025048.4
9.62454994572705e-13	0.91266092966799	0.9	0.551	3.22788156079794e-08	c34	LGALS1
1.06622916861968e-12	1.07431786517191	0.411	0.138	3.57591938571669e-08	c34	LAIR1
1.16646569953126e-12	3.60472110899471	0.033	0.002	3.91209266308794e-08	c34	AC093677.2
1.19578344638751e-12	3.3253849420885	0.033	0.002	4.01041852249444e-08	c34	TAL1
1.27556063491678e-12	2.4669275324169	0.189	0.041	4.27797525738389e-08	c34	TCEAL9
1.30956687891317e-12	4.26142343945547	0.033	0.002	4.392025398499e-08	c34	VTN
1.4303867948203e-12	1.67770970501476	0.222	0.052	4.79723123246832e-08	c34	USP53
1.45138206891795e-12	0.672137338769439	0.789	0.384	4.86764518273703e-08	c34	CD83
1.45276986188172e-12	5.52108529000413	0.011	0	4.8722995627789e-08	c34	CU634019.1
1.45570961092041e-12	5.38850999699182	0.011	0	4.88215889310486e-08	c34	AL596220.1
1.46456392105413e-12	4.37421629216799	0.011	0	4.91185447843133e-08	c34	AL031663.3
1.50915393499404e-12	0.942399487655063	0.711	0.334	5.06140046718303e-08	c34	RTN4
1.60032652795871e-12	1.48282703331246	0.322	0.096	5.36717510946793e-08	c34	LILRB2
1.660469977973e-12	1.59711367270285	0.4	0.136	5.56888421212585e-08	c34	IRS2
1.71408847489678e-12	3.06038310784627	0.067	0.007	5.74870992710884e-08	c34	BNC2
1.72279965908665e-12	2.10046948994918	0.289	0.084	5.7779254966448e-08	c34	SPP1
1.80776681496117e-12	1.64043154591892	0.3	0.088	6.06288834401678e-08	c34	VEGFA
1.93957865240198e-12	1.03378272275814	0.467	0.171	6.50495888442576e-08	c34	GK
1.97086955248841e-12	1.31968798665837	0.356	0.113	6.60990230513563e-08	c34	ITGAX
2.01471906290659e-12	1.08312299132112	0.444	0.162	6.75696479317612e-08	c34	LY96
2.33704176395514e-12	3.79888543910726	0.067	0.007	7.83797066795276e-08	c34	LINC01220
2.34951328806643e-12	1.21109814236967	0.856	0.578	7.87979766551719e-08	c34	HLA-DPA1
2.46466047002989e-12	1.60917860730961	0.222	0.053	8.26597828438625e-08	c34	GPAT3
2.5542163822049e-12	1.59624718712719	0.267	0.073	8.5663309026388e-08	c34	TCEAL4
2.77946703515559e-12	2.34085135969829	0.044	0.003	9.32177654250481e-08	c34	PRG2
3.7174685399588e-12	2.35873506430725	0.189	0.042	1.24676459893138e-07	c34	PDE8A
3.81438098535114e-12	5.07802013932993	0.022	0.001	1.27926709486706e-07	c34	ST7-AS1
3.85816258550973e-12	4.65115274364217	0.022	0.001	1.29395056792825e-07	c34	LRRC36
3.88505307787799e-12	4.11272357325462	0.022	0.001	1.30296910125872e-07	c34	MAG
3.89219225281411e-12	3.52921027299488	0.033	0.002	1.3053634377488e-07	c34	RET
3.92378707988052e-12	3.98860050700153	0.022	0.001	1.31595971085033e-07	c34	RAB3C
4.06497585230834e-12	1.34640399269685	0.744	0.419	1.36331160134717e-07	c34	HLA-DQA1
4.22539922206005e-12	2.60683039272238	0.144	0.027	1.4171143910945e-07	c34	CEACAM4
4.33216959475417e-12	1.58881002537186	0.278	0.078	1.45292303868865e-07	c34	TNFSF13
4.46717444260585e-12	1.69267399377876	0.344	0.114	1.49820096456115e-07	c34	ARL5B
4.49512278478962e-12	1.63348491388938	0.278	0.079	1.50757427956274e-07	c34	NECTIN2
4.55828065523437e-12	2.67554855751547	0.1	0.014	1.5287561661525e-07	c34	ENO3
4.56467416313927e-12	6.94404282015471	0.011	0	1.53090042083365e-07	c34	AC068987.5
4.58679625723276e-12	6.25662117205284	0.011	0	1.53831972875072e-07	c34	MALRD1
4.60011992521743e-12	5.76118046146737	0.011	0	1.54278822051942e-07	c34	INSM2
4.6045695732171e-12	5.56609509022857	0.011	0	1.54428054346555e-07	c34	AL021997.3
4.62688117943579e-12	5.40021553038549	0.011	0	1.55176340995918e-07	c34	LINC02246
4.78420281344517e-12	2.38827061551026	0.156	0.03	1.60452593957324e-07	c34	FADS1
4.93520199349742e-12	0.604967200882826	0.744	0.332	1.65516804457916e-07	c34	MYADM
5.5931558135395e-12	1.00007916075678	0.6	0.248	1.87583259674488e-07	c34	SYAP1
6.23035402239888e-12	1.05411241269541	0.322	0.098	2.08953613203214e-07	c34	AC100810.1
6.31636140908438e-12	0.976256525639225	0.611	0.267	2.11838128937872e-07	c34	GSTO1
6.45429826483643e-12	1.11756941715352	0.367	0.12	2.16464255206084e-07	c34	AC020916.1
6.50221231465837e-12	0.879224603395867	0.756	0.39	2.18071196609012e-07	c34	ANXA5
6.82552266866964e-12	1.14841420343086	0.767	0.464	2.28914379261842e-07	c34	CSTB
6.89942517142981e-12	1.67100978527596	0.189	0.042	2.31392921399413e-07	c34	PID1
6.92939821973953e-12	0.865506034389026	0.856	0.54	2.32398157493624e-07	c34	GPX4
6.96544619923885e-12	0.996484950503514	0.4	0.142	2.33607134630073e-07	c34	AC015912.3
6.98029373005386e-12	4.69685053592588	0.022	0.001	2.34105091118546e-07	c34	AC073578.1
7.5611429909892e-12	1.320871453339	0.467	0.19	2.53585613631796e-07	c34	IER5
7.88629499302667e-12	1.02847977894911	0.333	0.104	2.64490561476128e-07	c34	HSD17B12
8.64297015375337e-12	1.889117983506	0.156	0.031	2.89867933016581e-07	c34	EPB41L2
9.14246422018834e-12	1.21711765601839	0.444	0.169	3.06619965016676e-07	c34	GLA
9.24130114561506e-12	2.21205807760564	0.067	0.007	3.09934757821638e-07	c34	EGFL7
9.5762424845349e-12	0.90570731786665	0.4	0.138	3.21168020446331e-07	c34	FGL2
1.05884791534599e-11	0.886973960671073	0.533	0.212	3.55116413848739e-07	c34	AP1S2
1.12313688164313e-11	1.94323778959368	0.156	0.031	3.76677647365474e-07	c34	MYO15B
1.13550272693258e-11	3.84761071405077	0.033	0.002	3.80824904558648e-07	c34	ALOX15
1.1631698942709e-11	1.49779174093155	0.289	0.085	3.90103919140576e-07	c34	CLCN3
1.19687643261486e-11	1.31984182349032	0.322	0.102	4.0140841797037e-07	c34	BEX4
1.20381225648577e-11	0.918129314564562	0.656	0.298	4.03734554580198e-07	c34	CANX
1.21998667822317e-11	4.3841160719947	0.022	0.001	4.09159132142485e-07	c34	AL139385.1
1.28883322982433e-11	1.04690220892517	0.456	0.173	4.32248888618483e-07	c34	IFI30
1.32681813972339e-11	5.5125777870152	0.011	0	4.4498826770043e-07	c34	GRIK5
1.33042489736979e-11	2.98744135167973	0.044	0.003	4.46197902079879e-07	c34	AC093690.1
1.54430072267323e-11	1.13322052110519	0.389	0.137	5.17927576370147e-07	c34	PLGRKT
1.81959545064296e-11	0.897314522500186	0.556	0.244	6.10255922236635e-07	c34	CTSD
1.85154823083357e-11	2.02324778776201	0.189	0.043	6.20972245656961e-07	c34	ETV5
1.89660070017162e-11	1.49713372627853	0.311	0.098	6.36081942823559e-07	c34	OTUD1
2.02798521295475e-11	0.766267427896905	0.7	0.317	6.80145680720765e-07	c34	ZEB2
2.14231227571294e-11	0.75345009391526	0.967	0.862	7.18488691028604e-07	c34	MT-ND4
2.15635212507236e-11	3.40087937707585	0.022	0.001	7.23197375706767e-07	c34	WNK3
2.16536814353687e-11	3.3802936843106	0.022	0.001	7.26221167979397e-07	c34	ADAMTS3
2.21259143279484e-11	0.860095513225122	0.556	0.233	7.42058914730732e-07	c34	ELL2
2.2554358749544e-11	1.76749369026584	0.156	0.031	7.56428083742208e-07	c34	DSC2
2.2576347893373e-11	1.19063020055111	0.311	0.096	7.57165555647943e-07	c34	CPVL
2.30450686860118e-11	2.40836518777984	0.122	0.021	7.72885513591464e-07	c34	PDK4
2.61710681797958e-11	1.89402772944776	0.089	0.012	8.7772528461399e-07	c34	CLDND2
2.67253018576994e-11	4.90788692160659	0.022	0.001	8.96313173703521e-07	c34	AC009802.1
2.71207648302692e-11	4.50455499991366	0.022	0.001	9.0957621087757e-07	c34	FUT1
2.76136014930099e-11	3.19935923691958	0.044	0.003	9.26104966872566e-07	c34	TSPAN7
2.77374425236385e-11	3.62318419389888	0.022	0.001	9.30258347357787e-07	c34	AC002070.1
2.77996404090477e-11	0.480014737353184	0.356	0.119	9.32344340038641e-07	c34	HSPA6
2.79806570688825e-11	1.73525565243068	0.122	0.021	9.3841527677618e-07	c34	COL18A1
2.98340844857638e-11	1.25406641273795	0.256	0.071	1.00057552548355e-06	c34	BCAT1
2.99822114024769e-11	2.79439350976412	0.044	0.003	1.00554340601627e-06	c34	DNM1
3.01716876696098e-11	2.8069500241675	0.056	0.005	1.01189806106337e-06	c34	TGFB1I1
3.07148462966125e-11	1.71680083572363	0.2	0.048	1.03011451509579e-06	c34	A2M
3.31241231454833e-11	3.73284926019627	0.044	0.003	1.11091684205322e-06	c34	ACOX2
3.32848776091968e-11	0.806187723738919	0.333	0.106	1.11630822525724e-06	c34	SMIM25
3.36511228835434e-11	0.94706146280356	0.478	0.186	1.12859135926828e-06	c34	NORAD
3.50633752766843e-11	5.89350670066086	0.011	0	1.17595548002944e-06	c34	FAM69C
3.51883474193668e-11	5.65795570417171	0.011	0	1.18014679575072e-06	c34	MYCT1
3.52196585004184e-11	5.41497297599705	0.011	0	1.18119690678703e-06	c34	THSD7A
3.52196585004184e-11	5.88585171577992	0.011	0	1.18119690678703e-06	c34	HOXB-AS3
3.52509968459535e-11	5.31034194108385	0.011	0	1.18224793221959e-06	c34	AC022167.4
3.53766233312261e-11	5.03674648512335	0.011	0	1.18646119328266e-06	c34	AC003956.1
3.54080983535236e-11	5.10925228164338	0.011	0	1.18751680258047e-06	c34	PSD2
3.54396007678321e-11	4.32083606673172	0.011	0	1.18857333055155e-06	c34	LY75-CD302
3.63057412150614e-11	4.06530467763184	0.044	0.003	1.21762194887073e-06	c34	TBC1D30
3.6684670370029e-11	1.36733222527234	0.311	0.098	1.23033047487003e-06	c34	TNFAIP2
3.76105254328648e-11	1.03822804008421	0.789	0.409	1.26138180196742e-06	c34	RGS2
3.93598671245986e-11	1.62697227672189	0.222	0.058	1.32005122362479e-06	c34	CPM
3.96134979727647e-11	4.28273574017248	0.033	0.002	1.32855749501058e-06	c34	CTRC
4.00648154234252e-11	1.197782806748	0.578	0.27	1.34369377967084e-06	c34	YWHAH
4.40972972816492e-11	3.11079025581691	0.067	0.007	1.47893515623195e-06	c34	GNAI1
4.72879799907039e-11	1.16689751701859	0.511	0.213	1.58594427292823e-06	c34	ANKRD28
4.98299703327027e-11	1.49427981177318	0.244	0.068	1.67119754501818e-06	c34	LTBR
5.10933745688804e-11	3.33124448235991	0.078	0.01	1.71356959629111e-06	c34	UNC5B
5.87249876635944e-11	1.02759356227452	0.344	0.115	1.96951863626163e-06	c34	GATD3B
5.87816914704915e-11	4.02814254709974	0.022	0.001	1.97142036853735e-06	c34	GFI1B
5.99392408109057e-11	1.44875862313651	0.333	0.113	2.01024225831615e-06	c34	ETV3
6.15519563406091e-11	0.939840541040935	0.756	0.423	2.06432951175135e-06	c34	RGS10
6.64637246081524e-11	1.65535428785435	0.133	0.025	2.22906039590821e-06	c34	RASGRP4
6.87182337797758e-11	2.955345077084	0.056	0.005	2.30467212450612e-06	c34	CACNA2D2
7.29237888507014e-11	0.635068070237963	0.956	0.721	2.44571803047482e-06	c34	NFKBIA
7.64164377389977e-11	1.19568572698931	0.267	0.078	2.5628544888905e-06	c34	B3GNT5
7.81634844591172e-11	0.991558093032223	0.511	0.209	2.62144694178987e-06	c34	PPT1
8.25320342673186e-11	1.81952245650698	0.211	0.055	2.76795936525733e-06	c34	ABCB8
8.25384757724129e-11	0.880393583534737	0.411	0.152	2.76817540045518e-06	c34	TNFSF13B
8.45629344878895e-11	3.01519196981352	0.067	0.007	2.83607169685484e-06	c34	MYO10
8.64930448237791e-11	5.75069006182343	0.011	0	2.9008037372999e-06	c34	AC126763.1
8.65974725982121e-11	4.53656295815598	0.033	0.002	2.90430603599884e-06	c34	LINC00960
8.66411099646705e-11	5.85164853590169	0.011	0	2.90576954599512e-06	c34	AC105265.4
8.77556312125232e-11	1.20690488489318	0.378	0.134	2.9431483596056e-06	c34	FGR
9.13621950846684e-11	0.686257618433907	0.978	0.821	3.06410529874961e-06	c34	MT-ND2
9.23186737910719e-11	0.946779758014611	0.389	0.138	3.09618368160497e-06	c34	CREG1
9.25155472542017e-11	4.72444330822444	0.022	0.001	3.10278642381142e-06	c34	TDRD6
9.34876615737273e-11	4.42187127809772	0.022	0.001	3.13538919385967e-06	c34	DUSP15
9.49662275440978e-11	1.29981270107599	0.2	0.049	3.18497733937395e-06	c34	TLR4
9.56828370194585e-11	1.35568458213791	0.289	0.089	3.2090109879586e-06	c34	PILRA
9.84808521910756e-11	1.64685486993989	0.244	0.068	3.30285082078429e-06	c34	AF213884.3
9.88770708216036e-11	1.2764629300778	0.322	0.105	3.31613920121494e-06	c34	ATG16L2
1.12889986492702e-10	1.4822675228951	0.189	0.045	3.78610436699224e-06	c34	TMEM51
1.14730010533029e-10	1.94168109245796	0.267	0.081	3.84781509325674e-06	c34	ALCAM
1.15707871084689e-10	1.32198450700804	0.156	0.033	3.8806105804383e-06	c34	HS3ST1
1.15842260949739e-10	4.76565831698717	0.022	0.001	3.88511774773233e-06	c34	ADCY6
1.18990204210363e-10	3.47397904322298	0.1	0.016	3.99069346880715e-06	c34	CPED1
1.29839557294908e-10	1.37753855459195	0.267	0.08	4.35455907255663e-06	c34	RAB34
1.41126013230342e-10	2.83108573799066	0.1	0.016	4.73308423171922e-06	c34	RRAD
1.44234264657514e-10	5.83026593451546	0.022	0.001	4.83732876808369e-06	c34	RNF217-AS1
1.5919788085877e-10	0.738749498223849	0.711	0.384	5.33917852824142e-06	c34	PSAP
1.59960552908804e-10	3.3751446855761	0.033	0.002	5.36475702345546e-06	c34	C19orf81
1.83212535462587e-10	2.9119075371128	0.089	0.013	6.14458201434423e-06	c34	CCL17
2.00020467084193e-10	5.42135246524043	0.011	0	6.70828642506968e-06	c34	ADCY2
2.00185241102041e-10	5.09265154456912	0.011	0	6.71381261608026e-06	c34	PLAC4
2.0051518705333e-10	5.07078133624634	0.011	0	6.72487834339459e-06	c34	INO80B-WBP1
2.01790911626174e-10	1.6341011601402	0.244	0.071	6.76766359411864e-06	c34	SEMA4A
2.04596617099606e-10	0.66700568056713	0.633	0.282	6.86176134428658e-06	c34	SOCS1
2.12360736475251e-10	0.678821556149243	0.356	0.121	7.12215437990698e-06	c34	SOX4
2.20212915690195e-10	1.01223620819896	0.4	0.149	7.38550076641777e-06	c34	NUTM2A-AS1
2.23296938951092e-10	0.902756303673504	0.567	0.259	7.48893273854173e-06	c34	BNIP3L
2.30162201471378e-10	4.22897484422793	0.022	0.001	7.71917991294709e-06	c34	AL391834.2
2.31011882928985e-10	1.30451142600871	0.356	0.126	7.74767652967228e-06	c34	FAM49A
2.3300063594302e-10	1.08074337288748	0.233	0.064	7.814375328257e-06	c34	TRNT1
2.3675367578016e-10	0.7537990010706	0.756	0.395	7.94024477831502e-06	c34	TYMP
2.40645768711697e-10	2.00517014953764	0.156	0.034	8.07077779105289e-06	c34	KCNQ1OT1
2.43614297250384e-10	1.12562170355305	0.822	0.559	8.17033630118338e-06	c34	HLA-DPB1
2.43907748079902e-10	1.29650714323868	0.422	0.165	8.18017805510376e-06	c34	THAP2
2.57653380019622e-10	2.41032567486891	0.156	0.034	8.64117905909809e-06	c34	ST3GAL6
2.58703701167138e-10	0.89038195136571	0.778	0.411	8.67640472974348e-06	c34	SDCBP
2.7086790993211e-10	1.97925879917453	0.133	0.026	9.08436796330311e-06	c34	CD1E
2.79938381206079e-10	1.1134222002095	0.133	0.026	9.38857342888947e-06	c34	CLNK
2.94584765361459e-10	0.954547664400238	0.467	0.191	9.87978386069261e-06	c34	PPP1R15B
3.04044039151242e-10	0.762992519519302	0.678	0.325	1.01970289850544e-05	c34	BHLHE40
3.05327745138604e-10	2.49064431628911	0.089	0.013	1.02400819164585e-05	c34	PARD6G-AS1
3.0672695024643e-10	0.740049915995253	0.9	0.64	1.02870084573648e-05	c34	S100A11
3.25803200947941e-10	2.57302846956433	0.056	0.006	1.09267877533921e-05	c34	HOXA10
3.49686967905755e-10	4.37111082479375	0.022	0.001	1.17278015296232e-05	c34	AC138627.1
3.90278546052727e-10	1.12260334869383	0.456	0.191	1.30891618775164e-05	c34	MFSD1
4.26301192101197e-10	1.31135693651153	0.322	0.112	1.42972893806899e-05	c34	MAPK6
4.33877676375332e-10	5.39747148593991	0.011	0	1.45513895102759e-05	c34	AC131097.1
4.33877676375332e-10	5.60363313052666	0.011	0	1.45513895102759e-05	c34	MOV10L1
4.33964704075649e-10	3.93890217421232	0.022	0.001	1.45543082452891e-05	c34	NRCAM
4.34567248807421e-10	5.14691352697346	0.011	0	1.45745163905033e-05	c34	AC120114.3
4.34912436062538e-10	5.02192416959467	0.011	0	1.45860932806654e-05	c34	AC011405.1
4.34912436062538e-10	5.22492533713943	0.011	0	1.45860932806654e-05	c34	RTN4RL1
4.36295863392266e-10	4.77003223571494	0.011	0	1.46324906664498e-05	c34	AL031846.2
4.36642390813952e-10	4.73758628769405	0.011	0	1.46441125031183e-05	c34	DNAJB13
4.37327827887511e-10	3.96403044704128	0.022	0.001	1.46671006916913e-05	c34	AL157955.2
4.39962833869339e-10	0.908106411813349	0.4	0.15	1.47554735223099e-05	c34	PTTG1IP
4.45937861845058e-10	3.14714289039563	0.022	0.001	1.49558640105595e-05	c34	WSCD2
4.60897142682008e-10	2.78560466812737	0.078	0.011	1.54575683712692e-05	c34	FADS2
4.88645873193025e-10	1.43358523661151	0.311	0.105	1.63882052951477e-05	c34	SPNS1
5.02151600576941e-10	1.15629546310835	0.656	0.365	1.68411603801494e-05	c34	SERPINB1
5.23388172343215e-10	1.08837103028388	0.411	0.16	1.75533925240467e-05	c34	MAP2K1
5.25689216922093e-10	0.877945119688135	0.344	0.12	1.76305649571331e-05	c34	DNAJB4
5.37079871601980e-10	3.15754890340558	0.044	0.004	1.80125847337872e-05	c34	LINC00471
5.5425428629894e-10	2.98667210792785	0.1	0.017	1.85885802538939e-05	c34	LINC01504
5.67275277021621e-10	1.70315239330824	0.167	0.039	1.90252782407511e-05	c34	MIR3945HG
6.08069823935177e-10	0.974889249245788	0.244	0.071	2.0393445755138e-05	c34	ATP8B4
6.12782528100899e-10	2.00101167128223	0.111	0.02	2.0551500427448e-05	c34	DHRS9
6.35285333883364e-10	1.35120819388194	0.211	0.057	2.13061995277803e-05	c34	PTAFR
6.45349094665344e-10	1.33580183479462	0.178	0.043	2.16437179368863e-05	c34	MGST1
7.03207483925845e-10	1.05166259635508	0.367	0.133	2.3584172595905e-05	c34	TWISTNB
7.05832510381643e-10	1.10577853284478	0.2	0.052	2.36722107331796e-05	c34	ARHGAP10
7.07303534957868e-10	2.10487582720837	0.067	0.008	2.3721545955417e-05	c34	C8orf88
7.4111433684461e-10	1.17015927615781	0.311	0.105	2.48554926290945e-05	c34	LGMN
7.89746338411787e-10	3.91038747679406	0.022	0.001	2.64865126976545e-05	c34	AL161457.2
7.98212859341637e-10	3.83178047038265	0.022	0.001	2.67704628765998e-05	c34	PSMD6-AS1
8.82528208204087e-10	6.6925717515883	0.011	0	2.95982310467487e-05	c34	TMEM249
8.8320525810223e-10	6.73131132855624	0.011	0	2.96209379462326e-05	c34	FAM135B
8.87278208098076e-10	6.13670979991681	0.011	0	2.97575365431933e-05	c34	AL606534.1
8.88184669680809e-10	1.92693738860103	0.189	0.049	2.9787937451755e-05	c34	TPM1
8.90686320997692e-10	5.62709920290731	0.011	0	2.98718378336206e-05	c34	AP001029.2
8.96165873713852e-10	5.01608438291201	0.011	0	3.00556110726152e-05	c34	RYR3
8.97540890532857e-10	4.573272093851	0.011	0	3.0101726386691e-05	c34	PDE6A
8.98917964785838e-10	4.77471829414684	0.011	0	3.01479107029874e-05	c34	AC093388.1
9.25394009495853e-10	1.58210303403659	0.2	0.053	3.10358642904719e-05	c34	CLEC12A
9.32972476090723e-10	2.41360924460372	0.111	0.02	3.12900309031307e-05	c34	ASRGL1
9.49925011978461e-10	0.529135707515215	0.811	0.456	3.18585850517336e-05	c34	ANXA1
9.54079470130596e-10	1.12398429743791	0.378	0.141	3.19979172692399e-05	c34	PHACTR1
9.92828535853644e-10	1.18569314131752	0.156	0.035	3.32974834354595e-05	c34	S100A13
1.0092908682316e-09	1.05118367017274	0.311	0.106	3.38495971387513e-05	c34	P4HA1
1.02754336732962e-09	1.11305075265833	0.267	0.083	3.44617494535007e-05	c34	ZBTB10
1.03198591633648e-09	1.16033498215215	0.267	0.083	3.46107436620929e-05	c34	CTNNBL1
1.07949381138358e-09	0.387742096497068	0.8	0.451	3.62040634461826e-05	c34	MT2A
1.09550994808385e-09	1.67092502446351	0.178	0.044	3.67412126388363e-05	c34	MOB3B
1.09647555709878e-09	1.15699474446677	0.289	0.095	3.6773597233979e-05	c34	KCTD12
1.12442753528158e-09	1.07476981835467	0.222	0.063	3.77110506782736e-05	c34	PON2
1.13921243936054e-09	1.38316945223389	0.144	0.031	3.82069067912739e-05	c34	ZYG11B
1.16259780606927e-09	3.92241751844902	0.022	0.001	3.89912052199511e-05	c34	AC020914.1
1.18463315627826e-09	0.70687055894103	0.756	0.399	3.97302267952604e-05	c34	CDKN1A
1.21113389427784e-09	1.67084712267066	0.167	0.04	4.06190085462902e-05	c34	PKIB
1.29388092953806e-09	1.01162405583172	0.544	0.26	4.33941786148475e-05	c34	CNIH1
1.3495753942776e-09	3.10409493220549	0.044	0.004	4.5262059573282e-05	c34	LINC02470
1.38428321707707e-09	0.651123778928665	0.556	0.252	4.64260905343307e-05	c34	ATF3
1.43059704509127e-09	1.32871146757543	0.344	0.127	4.7979363698271e-05	c34	FNIP1
1.44187156779341e-09	4.35639067933599	0.033	0.002	4.83574886406553e-05	c34	AP002986.1
1.46147874242168e-09	1.83110892124023	0.222	0.065	4.90150740633383e-05	c34	EPB41L3
1.54720126531375e-09	2.22506652967345	0.044	0.004	5.18900360360925e-05	c34	Z82206.1
1.59559164157136e-09	1.13030578642826	0.422	0.177	5.35129524750203e-05	c34	CEBPD
1.64844217295833e-09	1.63768351174663	0.2	0.055	5.52854535966765e-05	c34	ST14
1.65301527600253e-09	4.00083147433151	0.022	0.001	5.54388263265729e-05	c34	SHE
1.65869405692631e-09	4.08190561132199	0.044	0.004	5.56292812811947e-05	c34	AC100786.1
1.67939130265882e-09	1.01003831902575	0.278	0.091	5.63234255085714e-05	c34	VCAN
1.68798239335623e-09	0.909613004822447	0.067	0.008	5.66115535083812e-05	c34	DAPL1
1.7334915162087e-09	6.7787683523145	0.011	0	5.81378384706072e-05	c34	LINC02069
1.74556217491093e-09	4.08479567946909	0.044	0.004	5.85426642221627e-05	c34	TINAGL1
1.76068321929826e-09	4.88926240749182	0.011	0	5.90497938088251e-05	c34	BRSK2
1.76198837651626e-09	5.15062157449182	0.011	0	5.90935661716022e-05	c34	AC099518.5
1.7646015197481e-09	4.73697536764762	0.011	0	5.91812057693116e-05	c34	MYBPC1
1.79169453691663e-09	1.20865703617708	0.3	0.103	6.00898513791099e-05	c34	NLRP3
1.88684349857994e-09	1.50970537309542	0.2	0.054	6.32809572553741e-05	c34	SLC4A2
1.96553420661538e-09	1.22231396463189	0.378	0.149	6.59200862214665e-05	c34	FNDC3B
1.98428973916443e-09	1.19113761617002	0.556	0.269	6.65491092720967e-05	c34	MGAT1
1.9974104447228e-09	0.986617590299066	0.233	0.069	6.69891514951134e-05	c34	GPNMB
2.06684930132417e-09	2.97605539788066	0.056	0.006	6.931799186781e-05	c34	DCBLD2
2.06865005615843e-09	2.11971638217783	0.122	0.024	6.93783855834413e-05	c34	PROCR
2.10796494819644e-09	1.6820576417764	0.144	0.032	7.06969284326122e-05	c34	TP53I3
2.14425088915841e-09	3.30398236972563	0.033	0.002	7.19138863205948e-05	c34	SLC45A1
2.15744437898879e-09	1.17030244412986	0.244	0.075	7.23563695825259e-05	c34	ADM
2.18444094146273e-09	1.06097176431394	0.3	0.101	7.3261780294777e-05	c34	PDLIM7
2.25108558833532e-09	0.753554090796083	0.567	0.257	7.549690846159e-05	c34	CAMTA1
2.2771084200468e-09	2.80740799192723	0.089	0.014	7.63696621915296e-05	c34	TMEM45A
2.33824597805041e-09	0.86618727268967	0.789	0.476	7.84200936118545e-05	c34	ZFAND5
2.39908521844425e-09	1.6930451178829	0.156	0.037	8.04605200561832e-05	c34	EIF4EBP3
2.411722535149e-09	3.36271729642709	0.022	0.001	8.0884350383827e-05	c34	AL133367.1
2.45795344951927e-09	1.96086901677867	0.144	0.032	8.24348427899772e-05	c34	SOCS2
2.48793324582797e-09	1.78461031944111	0.178	0.046	8.34403051985784e-05	c34	GBE1
2.49033806382283e-09	1.25722345930381	0.267	0.086	8.35209579844899e-05	c34	MPP1
2.56742738762112e-09	0.973292345123533	0.522	0.231	8.6106379726037e-05	c34	FDX1
2.70872456115886e-09	3.61059822358839	0.033	0.002	9.08452043321459e-05	c34	AC005154.4
2.77493469511919e-09	1.96361260440811	0.167	0.042	9.30657598049076e-05	c34	NRP1
2.94511068554237e-09	2.53663188514242	0.067	0.009	9.87731221717201e-05	c34	HDX
2.98251348646518e-09	3.35860802316887	0.033	0.002	0.000100027537309069	c34	APOC4-APOC2
2.98561444168727e-09	0.722378559762459	0.7	0.367	0.000100131537145308	c34	AP2S1
2.99664168919302e-09	0.779520914846875	0.689	0.366	0.000100501368972155	c34	LGALS3
3.06952778005795e-09	1.5558833068029	0.2	0.055	0.000102945822687584	c34	AC244090.1
3.13780986271363e-09	3.65168662262865	0.033	0.002	0.00010523586717569	c34	EVPL
3.18570879825307e-09	1.91903523020364	0.133	0.028	0.000106842301675811	c34	TMCC3
3.28737226484589e-09	5.60031406134032	0.011	0	0.000110251891018401	c34	AC022966.1
3.32292507520267e-09	4.55646617975276	0.011	0	0.000111444261172147	c34	KRBOX1
3.36561771191675e-09	1.2785117538856	0.278	0.092	0.000112876086822264	c34	LACTB
3.39397869639614e-09	0.631899899137409	0.456	0.188	0.000113827257519734	c34	CTSZ
3.42114492660376e-09	4.65070515914879	0.033	0.002	0.000114738358548437	c34	AC087286.3
3.51426611558384e-09	1.94386903590693	0.144	0.033	0.000117861456984451	c34	MERTK
3.53351179194202e-09	1.69898479774679	0.244	0.077	0.000118506918478152	c34	CPPED1
3.65359138926862e-09	1.9863004593585	0.178	0.047	0.000122534148013291	c34	ABCD3
3.78922246980759e-09	0.780773646090881	0.867	0.604	0.000127082943192407	c34	CD44
3.94588969340043e-09	1.8698706911905	0.1	0.018	0.000132337248537264	c34	PIK3R6
4.01197544717532e-09	3.36501929850861	0.022	0.001	0.000134553632547366	c34	MYL4
4.31158135917374e-09	3.62260061596708	0.033	0.002	0.000144601815623969	c34	NOV
4.37173950428229e-09	2.49230744456291	0.122	0.025	0.00014661939949462	c34	XIST
4.63508332963574e-09	0.904367759243984	0.456	0.198	0.000155451424709323	c34	CRTAP
4.75062526474363e-09	3.28539178440339	0.022	0.001	0.000159326470128972	c34	AC008637.1
4.79851942600999e-09	2.20266804651551	0.122	0.025	0.000160932744509523	c34	TTYH2
5.08868015699125e-09	1.11099797868983	0.267	0.087	0.000170664155105173	c34	MCRIP2
5.37217111944154e-09	1.12353552883965	0.144	0.033	0.00018017187500383	c34	CCDC92
5.62851828017257e-09	0.803412722623622	0.756	0.473	0.000188769246080428	c34	ATP6V0B
5.72751868016528e-09	0.805154112585691	0.522	0.239	0.000192089521495383	c34	FLOT1
5.95519500523446e-09	1.09575792432966	0.411	0.171	0.000199725330085553	c34	BRI3
5.99257578194059e-09	4.54359870495251	0.011	0	0.000200979006574723	c34	AC090519.2
6.00924939828997e-09	4.02099594038143	0.011	0	0.000201538206319849	c34	AC011816.2
6.16637709871273e-09	4.36771812937833	0.033	0.003	0.000206807955136628	c34	LINC02426
6.19543948632741e-09	1.27103324677445	0.211	0.061	0.000207782649492449	c34	RAPGEF2
6.26663227100714e-09	2.97717348055509	0.144	0.034	0.000210170313105037	c34	IL3RA
6.71011924019141e-09	0.860347574707359	0.411	0.169	0.00022504397907754	c34	RTN3
7.03136900767867e-09	1.31035383621845	0.256	0.083	0.000235818053779527	c34	DMXL2
7.23146860853226e-09	0.71270598701891	0.411	0.166	0.000242528994192955	c34	PLD3
7.42008297171087e-09	3.20753610054823	0.067	0.009	0.000248854742705239	c34	RTN2
7.53591480226394e-09	1.10023161909389	0.311	0.111	0.000252739510638328	c34	MIR22HG
7.58871246602285e-09	3.05026468844345	0.078	0.012	0.000254510238685474	c34	SLC22A4
7.62344639562511e-09	0.791556398619212	0.378	0.148	0.000255675145216475	c34	HEXA
7.86316711351954e-09	3.47681201950189	0.044	0.004	0.000263714898653218	c34	AC124283.1
7.9552649681979e-09	1.01158847356421	0.289	0.1	0.000266803676503421	c34	FPR1
8.0366954106404e-09	0.955658435648851	0.444	0.192	0.000269534690682058	c34	RNF13
8.12433243324081e-09	0.676551876496577	0.889	0.696	0.00027247386114603	c34	ITM2B
8.73236446739084e-09	2.11050737527234	0.067	0.009	0.000292866039507354	c34	ZNF667-AS1
8.98919067525521e-09	0.794019431648938	0.289	0.1	0.000301479476866709	c34	HMOX1
9.1259190021081e-09	0.674492814538787	0.244	0.076	0.000306065071492701	c34	BEX3
9.16004543646552e-09	0.927559156659055	0.378	0.149	0.000307209603848181	c34	CD151
9.19072623455772e-09	0.810371556786367	0.478	0.21	0.000308238576454597	c34	TPP1
9.48459681867892e-09	1.56750048458843	0.267	0.092	0.000318094408104854	c34	SLC31A2
9.50896671425221e-09	2.07971065107923	0.089	0.015	0.000318911725662591	c34	ASGR2
9.52500710783505e-09	1.28803975273842	0.167	0.043	0.000319449688382572	c34	CA2
9.68632680713388e-09	1.47648596425824	0.267	0.091	0.000324860028457656	c34	FUCA2
9.7721445541319e-09	2.51614196696036	0.067	0.009	0.000327738184056476	c34	WWC2
1.00376820000496e-08	1.66092915425291	0.267	0.093	0.000336643778917664	c34	NUDT16
1.01912945325572e-08	4.18017090005666	0.022	0.001	0.000341795636032905	c34	AC123768.2
1.02416568979879e-08	0.844361979594399	0.6	0.282	0.000343484689044718	c34	KDM6B
1.03630519620456e-08	2.61697603010534	0.089	0.015	0.000347556036703085	c34	MAPRE3
1.03692724491126e-08	5.58587368771428	0.011	0	0.000347764659398338	c34	AC010359.1
1.04538641274101e-08	0.8705316432018	0.689	0.39	0.000350601695105081	c34	HLA-DQB1
1.06128659766804e-08	4.47298658986215	0.033	0.003	0.000355934299125908	c34	MPP3
1.06831421058339e-08	2.24686148755742	0.1	0.019	0.000358291219945458	c34	KCNQ1
1.07532077970942e-08	1.109169660536	0.233	0.073	0.000360641083098947	c34	IL4I1
1.08191236787895e-08	2.57368065218931	0.1	0.019	0.000362851769939242	c34	NAV1
1.13041722792165e-08	0.661362745588196	0.422	0.17	0.000379119329900362	c34	LAT2
1.13322127458454e-08	0.653258963537222	0.356	0.134	0.000380059751070164	c34	CTSL
1.14484805313002e-08	0.988128654578917	0.378	0.156	0.000383959140058747	c34	GCA
1.18069975261002e-08	2.18514764952293	0.3	0.109	0.000395983083030349	c34	FCGR2B
1.18643351467254e-08	3.83672081375773	0.022	0.001	0.000397906072150875	c34	DEPDC4
1.19855928206263e-08	1.04250673410149	0.344	0.133	0.000401972812018164	c34	CD86
1.20010599484818e-08	0.918513903971775	0.444	0.197	0.000402491548552183	c34	ATP6AP1
1.2063818656222e-08	1.63168496680868	0.156	0.039	0.000404596350092373	c34	FAM198B
1.21231951651013e-08	3.20886881975764	0.033	0.003	0.000406587719447166	c34	AC090970.2
1.25587330432842e-08	0.656967555890049	0.756	0.43	0.000421194788805665	c34	GADD45B
1.27188664199524e-08	1.53376803333373	0.189	0.053	0.000426565341992363	c34	SLC11A2
1.27774674092073e-08	2.01616107168853	0.056	0.007	0.000428530701969994	c34	MAP1A
1.2979961087216e-08	1.54786106838953	0.178	0.048	0.00043532193494305	c34	IL1RAP
1.31233189364518e-08	0.823870654296284	0.389	0.156	0.000440129870490721	c34	GNA15
1.32176380858041e-08	2.06668807540729	0.056	0.007	0.000443293146121698	c34	MISP3
1.33541089708083e-08	1.09057261727854	0.267	0.09	0.000447870106662969	c34	RASSF4
1.33825945429824e-08	1.55457450630338	0.233	0.073	0.000448825455782544	c34	LILRB3
1.34844412257765e-08	0.697755120964757	0.7	0.363	0.000452241189830092	c34	HLA-DMA
1.37297096899729e-08	0.948892474532254	0.467	0.205	0.000460467003582311	c34	PTPRE
1.3777646743551e-08	0.675813278872798	0.967	0.854	0.000462074716485212	c34	CD74
1.39484007401377e-08	3.27737912012776	0.033	0.003	0.000467801464022737	c34	SLC10A1
1.40294759787176e-08	2.5315595060328	0.056	0.007	0.000470520565374232	c34	CEACAM3
1.43037204331553e-08	1.1120275778089	0.3	0.106	0.000479718175887162	c34	SPOP
1.47925198768685e-08	2.41299351254885	0.167	0.045	0.000496111531630417	c34	SPRED1
1.49979437131918e-08	1.53069606895561	0.156	0.038	0.000503001036253028	c34	GALNT3
1.51530175506418e-08	1.2570421957158	0.167	0.043	0.000508201902613424	c34	GAPT
1.51669497837757e-08	1.98554428120476	0.133	0.031	0.000508669161848269	c34	F13A1
1.52905237704801e-08	2.52020953924249	0.056	0.007	0.000512813586214362	c34	LINC00511
1.57520572614789e-08	4.77316661441608	0.022	0.001	0.00052829249643548	c34	TMEM51-AS1
1.6063489863636e-08	1.73115153824013	0.189	0.055	0.000538737323046625	c34	RNASE1
1.63084289413319e-08	1.22739871294657	0.267	0.091	0.000546952089834389	c34	ACTN1
1.66589054637265e-08	1.00383290858183	0.256	0.084	0.00055870637144246	c34	ITGAM
1.66718733491253e-08	1.84659317852392	0.156	0.039	0.000559141288382965	c34	RGS18
1.74037727424685e-08	1.92108132710155	0.078	0.012	0.000583687730236909	c34	ADORA3
1.74943908424561e-08	6.0142072151119	0.011	0	0.000586726880074293	c34	CLEC19A
1.75172866415298e-08	5.85314118096032	0.011	0	0.000587494759383627	c34	IL36B
1.7594886755674e-08	0.793575079862921	0.578	0.29	0.000590097312011795	c34	HSBP1
1.76322028183751e-08	4.90616828721374	0.011	0	0.000591348818122665	c34	AL590434.1
1.76783739774394e-08	4.31002932010109	0.011	0	0.000592897306455363	c34	AC096642.1
1.77594561660758e-08	3.91661051796917	0.011	0	0.000595616640897849	c34	AC011511.1
1.77710687754816e-08	4.12970527840559	0.011	0	0.000596006104592101	c34	GLUD2
1.80489248552356e-08	4.07608568120504	0.022	0.001	0.000605324841794892	c34	AC022092.1
1.81692209705895e-08	1.24116646867444	0.178	0.048	0.000609359332911631	c34	AGAP3
1.94160920969563e-08	0.675116989059321	0.778	0.522	0.000651176896747719	c34	RAC1
1.94266697395235e-08	1.35639953890388	0.233	0.074	0.00065153164972414	c34	MCOLN1
1.94327673006363e-08	2.52061518864462	0.089	0.015	0.000651736149728741	c34	FTCDNL1
1.94672020431224e-08	2.49952180113154	0.067	0.009	0.000652891022122238	c34	AL161935.3
1.98634871691176e-08	1.92046819604676	0.111	0.023	0.000666181632677867	c34	JAG1
2.04970489515735e-08	2.61947873583289	0.033	0.003	0.000687430027737871	c34	MSRB3
2.09356048712958e-08	3.98703961921319	0.022	0.001	0.000702138316173518	c34	SRSF12
2.10338483102498e-08	1.22237643339998	0.244	0.081	0.000705433204629156	c34	CD163
2.11172330870094e-08	1.24362120004602	0.178	0.048	0.00070822976327212	c34	ZNF274
2.13687880994162e-08	1.47989533188939	0.178	0.049	0.00071666641527822	c34	SCML1
2.18701187794238e-08	1.57581532284954	0.044	0.005	0.000733480043624314	c34	AC015660.3
2.25491612463207e-08	1.25955159730465	0.233	0.076	0.000756253769879104	c34	ENG
2.39229092013557e-08	1.53806083944594	0.167	0.045	0.000802326528795068	c34	SDSL
2.41295875696611e-08	0.97138214022264	0.3	0.11	0.000809258107911294	c34	CALU
2.43277199200085e-08	2.22852812719002	0.067	0.009	0.000815903070677244	c34	APOC2
2.44705578458497e-08	1.02584080352977	0.211	0.063	0.000820693569034109	c34	CD300E
2.57892153796208e-08	1.08465609828861	0.356	0.146	0.000864918705401724	c34	QKI
2.58978065570584e-08	1.09855795932646	0.4	0.168	0.000868560636310625	c34	PICALM
2.68560959474747e-08	3.31834352914791	0.044	0.005	0.000900699745886406	c34	CYTL1
2.77310119906947e-08	1.07374809229744	0.289	0.104	0.000930042680143917	c34	PTPN12
2.8003392774155e-08	1.04467738583714	0.178	0.049	0.000939177786859609	c34	GPR34
2.80445105846352e-08	3.5839239502669	0.022	0.001	0.000940556795987497	c34	UBXN10
2.87740214276569e-08	3.59877881631385	0.056	0.007	0.000965023130640757	c34	C6orf223
2.88220970131378e-08	5.79958591534952	0.011	0	0.000966635489626615	c34	AC010997.5
2.88587344441746e-08	5.45499614562391	0.011	0	0.000967864235788726	c34	CCDC181
2.88587344441746e-08	5.32728367698493	0.011	0	0.000967864235788726	c34	ANKUB1
2.88954170602887e-08	5.12858153599142	0.011	0	0.000969094497367963	c34	FOXO6
2.89953280648351e-08	0.625857621397615	0.333	0.124	0.000972445312638441	c34	ARHGEF6
2.9122300904371e-08	1.01236295168002	0.233	0.075	0.000976703727730794	c34	LRP1
2.92090512799948e-08	4.04853653712799	0.011	0	0.000979613161828466	c34	C6orf201
2.949097914115e-08	4.71444548185937	0.033	0.003	0.000989068458435887	c34	AC083843.2
2.95524164668968e-08	2.35376749987564	0.156	0.041	0.000991128943466784	c34	TRIO
2.97187245738439e-08	1.11172791237079	0.344	0.138	0.000996706584757577	c34	RIPK2
2.97304125532559e-08	2.29152037779344	0.089	0.016	0.000997098576211096	c34	TEX2
3.06558635296837e-08	1.34065339171075	0.222	0.071	0.00102813635105853	c34	DUSP3
3.07285562621015e-08	0.838315778797811	0.756	0.469	0.00103057431991836	c34	REL
3.15926655796489e-08	2.97799897765586	0.044	0.005	0.00105955481821027	c34	CMBL
3.16455056413128e-08	2.09913405078741	0.044	0.005	0.00106132696819835	c34	FBLN2
3.17248423413177e-08	1.24405281380113	0.289	0.104	0.00106398776244311	c34	CD300A
3.18989886734254e-08	2.80877483790444	0.089	0.016	0.00106982828212934	c34	TMEM88
3.20752698372986e-08	3.20735104103235	0.022	0.001	0.00107574039980332	c34	AP003469.4
3.34929700241716e-08	1.68105218396936	0.178	0.05	0.00112328722867067	c34	LUCAT1
3.37844851079746e-08	1.73479567249246	0.156	0.041	0.00113306406155125	c34	HK2
3.48843450004301e-08	2.23268634407171	0.089	0.016	0.00116995116262443	c34	MARVELD1
3.58504290852364e-08	1.62941373440741	0.122	0.027	0.00120235169066066	c34	LARP1B
3.60038551037114e-08	3.95512519490165	0.022	0.001	0.00120749729246827	c34	SCN7A
3.70803973989128e-08	2.38531335891529	0.044	0.005	0.00124360236796474	c34	LINC01303
3.72607087826687e-08	1.27696292476507	0.122	0.027	0.00124964965115314	c34	AFDN
3.72686164552191e-08	0.71865698993707	0.322	0.121	0.00124991485867514	c34	NUDT14
3.74138554158364e-08	1.99552038927957	0.133	0.032	0.00125478588293632	c34	HSD3B7
3.76112500037096e-08	0.668805431841668	0.678	0.355	0.00126140610262441	c34	HIF1A
4.03540275544223e-08	1.08685213539294	0.2	0.06	0.00135339337612022	c34	TNFAIP6
4.17575544361683e-08	2.09144260356235	0.111	0.023	0.00140046486068021	c34	FRY
4.18726007113825e-08	2.47926751221836	0.067	0.01	0.00140432328265835	c34	STARD13
4.20365616337844e-08	0.991228939984971	0.5	0.244	0.00140982220407386	c34	PABPC4
4.29936076905648e-08	0.936134755432794	0.522	0.256	0.00144191961472616	c34	ATP6AP2
4.30191792832337e-08	1.85559051144399	0.122	0.027	0.00144277723480109	c34	WDFY3
4.31930182869268e-08	1.50962111646858	0.156	0.04	0.00144860744730695	c34	FAH
4.49702510277092e-08	2.44154328167579	0.044	0.005	0.00150821227896731	c34	GDF15
4.51697318796318e-08	1.46294609625593	0.233	0.077	0.00151490246777909	c34	GLB1
4.59752566634996e-08	5.49857699893413	0.011	0	0.00154191815798045	c34	AP001528.1
4.61459151353626e-08	5.24543436835185	0.011	0	0.00154764170180979	c34	LINC01264
4.61744178547924e-08	5.27596798681165	0.011	0	0.00154859762601403	c34	CLIC6
4.72477689047308e-08	0.650424282825903	0.856	0.589	0.00158459567352686	c34	NME2
4.76567075968524e-08	3.40541199754218	0.022	0.001	0.00159831065938323	c34	SLC2A14
4.81586255558149e-08	2.73291223720701	0.022	0.001	0.00161514398389092	c34	AC132872.2
4.83747208898991e-08	1.15929480436143	0.278	0.101	0.00162239138920544	c34	OAZ2
4.90909609024093e-08	1.51981448231362	0.144	0.036	0.001646412646745	c34	DAGLB
5.00015026115803e-08	0.763744468096424	0.733	0.411	0.00167695039458718	c34	COX17
5.00531215162225e-08	0.513501402590231	0.856	0.512	0.00167868158941107	c34	LITAF
5.02257721131333e-08	2.0342635889467	0.056	0.007	0.00168447194513026	c34	TMEM44
5.05209022985779e-08	2.52623396431388	0.033	0.003	0.0016943700212897	c34	LINC01140
5.05595958579943e-08	1.09635888705568	0.433	0.192	0.00169566772588541	c34	SLC16A3
5.20929138664862e-08	1.6211775052148	0.156	0.041	0.00174709214525421	c34	AL445524.1
5.32995073780292e-08	0.641121647036788	0.767	0.457	0.00178755887844434	c34	ATP6V1F
5.42073699259848e-08	1.8058706773902	0.189	0.056	0.00181800677257768	c34	PSTPIP2
5.48908769187345e-08	0.513673697679644	0.411	0.169	0.00184093023010052	c34	ZBTB20
5.51542960703772e-08	0.825366914807529	0.589	0.306	0.00184976478160831	c34	NFE2L2
5.59703542417395e-08	1.31297336187135	0.211	0.067	0.00187713374055946	c34	IDH1
5.81449507891597e-08	1.05523987481811	0.111	0.023	0.00195006535956684	c34	IL9R
5.84431878385334e-08	1.76740220484345	0.156	0.041	0.00196006763372873	c34	SLC19A2
5.87694438080767e-08	1.87272620386908	0.056	0.007	0.00197100960643528	c34	LIF
5.92145625518811e-08	1.59021081308109	0.2	0.062	0.00198593799886499	c34	MMP14
6.08603165859551e-08	0.319290515258369	0.667	0.376	0.00204113329765976	c34	HSPA1B
6.12034748249948e-08	0.76600977920139	0.589	0.308	0.00205264213868067	c34	H2AFY
6.16107155769979e-08	2.04873831874884	0.089	0.016	0.00206630017902136	c34	TPST1
6.36727555759945e-08	0.19635687915137	0.711	0.423	0.0021354568765077	c34	HSPA1A
6.36990985276409e-08	2.042816091455	0.067	0.01	0.00213634036642002	c34	ARC
6.51376538985493e-08	1.93589640201814	0.122	0.028	0.00218458663644955	c34	DST
6.60823168890525e-08	2.68128481378112	0.089	0.017	0.00221626874382504	c34	STARD8
6.61175363497584e-08	3.2438077888939	0.044	0.005	0.0022174499340982	c34	KCTD15
6.91906625297915e-08	3.03491999381142	0.022	0.001	0.00232051643992415	c34	LGALS4
7.21819854123538e-08	4.75682516979099	0.011	0	0.00242083942675952	c34	FBXO39
7.22687547109579e-08	4.62507758116468	0.011	0	0.0024237494954961	c34	MOBP
7.25296692065219e-08	4.90434829205784	0.011	0	0.00243250004584833	c34	CAPN11
7.29011060499753e-08	0.754920891903813	0.533	0.258	0.00244495729470407	c34	TMEM14C
7.47369183932905e-08	1.44750281443032	0.289	0.108	0.00250652676907418	c34	SERPINB6
7.89784051912956e-08	0.867311037058669	0.344	0.138	0.00264877775330567	c34	THEMIS2
8.47210015399811e-08	2.12056727873628	0.056	0.007	0.00284137294964789	c34	LCN10
8.74279113195121e-08	0.770205251766941	0.656	0.352	0.0029321572898338	c34	C8orf59
8.99522953640422e-08	1.0796242979708	0.233	0.078	0.00301682008191925	c34	TOR1AIP2
9.13560233750311e-08	0.78050767030091	0.889	0.628	0.00306389831195179	c34	HLA-DRB1
9.14158548788757e-08	0.87487224309933	0.256	0.088	0.00306590494092773	c34	PCNX4
9.2828145967854e-08	1.18551201837704	0.244	0.084	0.00311327035946989	c34	SH2B3
9.37756726663561e-08	0.722269000532319	0.389	0.161	0.00314504850988425	c34	RASGEF1B
9.39465884968865e-08	0.634121259046493	0.4	0.172	0.00315078068500858	c34	EIF4EBP1
9.53102222370509e-08	3.53853667136227	0.033	0.003	0.00319651423338621	c34	RASSF8-AS1
9.78868260534547e-08	2.13332059406781	0.144	0.038	0.00328292837218076	c34	LILRA2
1.00180393577185e-07	2.57786192953867	0.033	0.003	0.00335985003979162	c34	OLIG1
1.00340505240984e-07	0.586574418948585	0.633	0.337	0.00336521986477212	c34	NR4A1
1.01328083749997e-07	1.03785922872673	0.344	0.139	0.0033983412728074	c34	STX7
1.02458247517911e-07	2.33271316012874	0.044	0.005	0.00343624470525568	c34	NTSR1
1.06721040883912e-07	2.70628206777142	0.056	0.007	0.00357921026916463	c34	PDE6G
1.07401748045813e-07	0.619627508000326	0.578	0.283	0.00360203982596049	c34	RNH1
1.07880848589991e-07	0.717863273597401	0.378	0.157	0.00361810790001111	c34	ADPGK
1.09144765001647e-07	4.09782029292646	0.022	0.001	0.00366049712862523	c34	AL591468.1
1.09545876889226e-07	5.15044011052273	0.011	0	0.00367394961911086	c34	CASR
1.09955599703967e-07	2.1987375467053	0.067	0.01	0.00368769090287164	c34	IQCN
1.09995300708048e-07	4.84608143097095	0.011	0	0.00368902239514653	c34	PDE1C
1.10059649594789e-07	1.38076907932198	0.011	0	0.00369118052811005	c34	HBA2
1.10575753863106e-07	4.15074707172108	0.011	0	0.00370848963306085	c34	AC016588.1
1.12345920243651e-07	1.55494403817668	0.144	0.037	0.00376785747313158	c34	CD300LF
1.14634719057073e-07	2.60939952275813	0.067	0.01	0.00384461920773611	c34	AC009506.1
1.15942181346656e-07	2.74230517464425	0.033	0.003	0.00388846887800414	c34	PAN3-AS1
1.22037027059542e-07	0.478520773495698	0.867	0.577	0.00409287781352291	c34	RGS1
1.24653422960713e-07	1.93372514968972	0.089	0.017	0.00418062649925641	c34	MYL9
1.27846541368128e-07	1.86783365751002	0.111	0.025	0.00428771730440427	c34	ARRDC4
1.2793667673353e-07	1.75684008866868	0.133	0.033	0.00429074026428913	c34	ARL11
1.29686576046398e-07	0.715761612835553	0.333	0.132	0.00434942838744409	c34	YWHAG
1.29699146864051e-07	0.869653690308848	0.511	0.263	0.00434984998752655	c34	STXBP2
1.29838719613579e-07	0.984594208155089	0.133	0.032	0.00435453097840022	c34	HTRA1
1.30991564364185e-07	1.17429753655433	0.211	0.067	0.00439319508564603	c34	ARHGAP26
1.38187866564506e-07	0.728617212962013	0.489	0.235	0.00463454466884041	c34	CTSH
1.38830086864177e-07	2.00098326811846	0.067	0.01	0.00465608345325078	c34	WNT5A
1.45016174577805e-07	2.49196228334448	0.078	0.014	0.00486355246299041	c34	SLC2A9
1.47213362043798e-07	0.718369843068413	0.256	0.089	0.00493724173622488	c34	NAIP
1.5041784584345e-07	0.764679601929561	0.211	0.067	0.00504471371389763	c34	TESPA1
1.52243959003433e-07	0.397085192433201	0.433	0.185	0.00510595789705714	c34	MAFF
1.5364186675565e-07	3.64463475377317	0.022	0.001	0.00515284092725099	c34	MRO
1.56880884438718e-07	0.844556846246751	0.311	0.122	0.00526147110230574	c34	MNDA
1.60358343729018e-07	1.64734676455265	0.167	0.048	0.00537809813198381	c34	LRRK2
1.60975928596161e-07	2.07104720101002	0.078	0.014	0.00539881069325804	c34	VNN1
1.6334133558138e-07	5.05985532724265	0.011	0	0.00547814171272831	c34	AC012636.1
1.6343444960705e-07	4.58146471304032	0.011	0	0.00548126457092123	c34	STK4-AS1
1.63635306746361e-07	0.986006242844313	0.189	0.057	0.00548800091765945	c34	TUBB6
1.63900790148148e-07	4.70929114948326	0.011	0	0.00549690469998858	c34	FLG-AS1
1.64555829031173e-07	3.93087088416228	0.011	0	0.00551887339404749	c34	PCDHGA6
1.64649612360236e-07	4.52937966875488	0.011	0	0.00552201869933759	c34	AC093523.1
1.68184160089316e-07	1.01511020137113	0.444	0.213	0.00564056036107546	c34	CTNNB1
1.68953543169578e-07	0.659220179968565	0.244	0.084	0.00566636393082132	c34	LGALS2
1.68975659884178e-07	1.49331142364749	0.1	0.021	0.00566710568119556	c34	AL391069.3
1.79280371585022e-07	1.06205134834618	0.333	0.137	0.00601270510221846	c34	FUOM
1.83560443802983e-07	1.1706277659682	0.222	0.074	0.00615625016426443	c34	LPAR6
1.85226510750378e-07	1.99124041187578	0.111	0.025	0.00621212671754619	c34	STXBP5
1.88884919198486e-07	1.26791405465421	0.244	0.087	0.00633482242007881	c34	NUDT3
1.90719181217146e-07	0.641919933984697	0.433	0.196	0.00639633989966065	c34	TRAPPC5
1.94912548994574e-07	2.9319296095391	0.022	0.001	0.00653697706818001	c34	MSX2
1.96052938566241e-07	1.26575491756033	0.267	0.099	0.0065752234536346	c34	LILRB4
2.0259839550102e-07	2.15291845803987	0.122	0.03	0.0067947449883132	c34	PALLD
2.0477347129267e-07	1.66168552046623	0.122	0.029	0.00686769268021356	c34	TCEAL1
2.08593638352271e-07	0.999045887573277	0.311	0.124	0.00699581344305847	c34	ERGIC1
2.13792698266555e-07	3.46000820843503	0.022	0.001	0.00717017951446373	c34	AC018630.2
2.16266614863001e-07	1.54934965930864	0.167	0.049	0.00725314972927533	c34	ATP6V0A1
2.16505893034149e-07	2.03375372098861	0.133	0.034	0.00726117464057928	c34	BST1
2.25216278858676e-07	2.92674376256787	0.033	0.003	0.00755330356036229	c34	AC022098.3
2.36039154033849e-07	6.83361533523315	0.011	0	0.00791628114798722	c34	ASB16
2.36306584016877e-07	1.83380016265124	0.111	0.025	0.00792525021475801	c34	KIF16B
2.36905965154211e-07	1.9876166232103	0.1	0.021	0.00794535225934193	c34	KCNE3
2.37785093372913e-07	0.617022131594117	0.5	0.232	0.00797483646154075	c34	DSTN
2.38368854481132e-07	2.9886088107109	0.044	0.005	0.00799441464158819	c34	GATD3A
2.39474310919006e-07	4.31081560391041	0.011	0	0.00803148943960164	c34	PCDH17
2.40674618169432e-07	4.06667745990411	0.011	0	0.00807174534416642	c34	AC012170.3
2.40904460587533e-07	0.847818382718239	0.3	0.116	0.00807945379918469	c34	BLVRA
2.42181240611593e-07	2.19006048728689	0.044	0.005	0.00812227444763161	c34	MC1R
2.42825491957964e-07	2.99726720672499	0.033	0.003	0.0081438813492862	c34	UXT-AS1
2.44485869162316e-07	1.73270662365461	0.056	0.008	0.00819956707996577	c34	BCORL1
2.48097926984721e-07	3.80713477282549	0.033	0.003	0.00832070827521359	c34	TRPC6
2.5486289309875e-07	3.04414748358292	0.033	0.003	0.00854759170874589	c34	BSPRY
2.61942091002833e-07	2.75004658144876	0.044	0.005	0.00878501384805301	c34	HEY1
2.63726611714429e-07	0.848391848101199	0.6	0.365	0.00884486310367852	c34	HSPH1
2.67129967409959e-07	3.31336431619912	0.033	0.003	0.0089590048469952	c34	AC104653.1
2.71627473242626e-07	2.02404224867937	0.1	0.021	0.0091098421976112	c34	ZNF703
2.92525428881705e-07	3.42782713987681	0.022	0.001	0.00981071783383461	c34	AC012510.1
2.95435543479325e-07	0.544034869077771	0.878	0.622	0.00990831725720961	c34	ATP6V0C
2.97718731125858e-07	2.14694568849687	0.056	0.008	0.00998489080449902	c34	ANGPTL4
3.00411306959674e-07	1.57170901038606	0.211	0.071	0.0100751944128135	c34	PLBD1
3.05119605672124e-07	0.815939905501377	0.533	0.282	0.0102331013350317	c34	SKIL
3.14625533467809e-07	4.46438393824692	0.022	0.001	0.0105519111414434	c34	LINC02577
3.22239024820447e-07	0.745734877008073	0.611	0.341	0.0108072524144281	c34	CTSS
3.27590840383742e-07	0.678422246525894	0.456	0.21	0.0109867416047899	c34	CDC42EP3
3.28966601885258e-07	0.750971217268187	0.233	0.081	0.0110328818940278	c34	AHCYL1
3.30596890642837e-07	2.59474848739668	0.022	0.001	0.0110875585183795	c34	AL359636.1
3.37176698061353e-07	1.56955089094001	0.067	0.011	0.0113082320995816	c34	CTPS2
3.38096041033909e-07	0.511281572345054	0.356	0.145	0.0113390650241952	c34	EFCAB14
3.39323037823277e-07	6.34224401405829	0.011	0	0.0113802160425171	c34	PKP4-AS1
3.40059787813079e-07	5.78732050649811	0.011	0	0.011404925163675	c34	AC090971.1
3.41051527851785e-07	0.942455507960869	0.533	0.276	0.0114381861410932	c34	KDELR2
3.43643709022436e-07	0.958907051568218	0.322	0.135	0.0115251227131945	c34	SLC25A37
3.46009635316052e-07	3.21519825987472	0.011	0	0.0116044711492298	c34	MS4A3
3.50894259560212e-07	2.37120610357495	0.033	0.003	0.0117682916771304	c34	COL22A1
3.51140404444415e-07	0.618732187619246	0.389	0.168	0.0117765468842568	c34	MANBA
3.73554492171317e-07	1.70476113766769	0.133	0.035	0.0125282705584416	c34	INHBA
3.77236533009985e-07	1.46171209997428	0.156	0.044	0.0126517588440889	c34	RNF103
3.81011103883968e-07	1.83301959015466	0.133	0.035	0.0127783504020605	c34	SLC1A3
3.85711084989619e-07	2.22689846217324	0.044	0.005	0.0129359783683818	c34	AC107871.1
4.26065841621762e-07	0.720434918805055	0.4	0.179	0.0142893961963107	c34	HEXB
4.36665089419455e-07	0.9872399490056	0.311	0.127	0.0146448737689497	c34	LEPROT
4.4114606426302e-07	0.917291875709717	0.5	0.255	0.0147951567032532	c34	UPP1
4.44327807255799e-07	1.20626561496838	0.144	0.039	0.014901865999745	c34	SULT1A1
4.4766935081557e-07	1.24484607663258	0.144	0.04	0.0150139346876526	c34	SPRYD7
4.57177669817061e-07	1.8480592588881	0.089	0.018	0.0153328246903246	c34	RASAL2
4.64032407144541e-07	1.04174240814382	0.144	0.039	0.0155627188708136	c34	AGO4
4.72631597736706e-07	0.91066987413649	0.2	0.065	0.0158511185248936	c34	RHOQ
4.75797710227033e-07	2.68379551765219	0.033	0.003	0.0159573036055942	c34	BX323046.1
4.77002769226427e-07	1.43170676167456	0.144	0.039	0.0159977188743159	c34	FPR2
4.81439354233799e-07	3.13883432637046	0.022	0.002	0.0161465130622932	c34	MEG3
4.83295754982247e-07	0.897998552261485	0.567	0.304	0.0162087730305946	c34	RHEB
4.8467596730601e-07	4.52104122040987	0.011	0	0.016255062591509	c34	CCDC83
4.8518909772921e-07	4.27448163719808	0.011	0	0.0162722719596423	c34	AC068051.1
4.85445859380708e-07	4.13220005326979	0.011	0	0.0162808832319102	c34	SLC26A8
4.85445859380708e-07	4.60211743364567	0.011	0	0.0162808832319102	c34	TMEM72-AS1
4.86731634606464e-07	4.57392973173345	0.011	0	0.0163240055614316	c34	HCRTR1
4.97041124333603e-07	2.04020012103266	0.078	0.014	0.0166697652279004	c34	LINC01137
5.16938877302781e-07	1.60259795355744	0.133	0.035	0.0173370960669807	c34	CEP83
5.21161624509919e-07	0.75697808348058	0.356	0.15	0.0174787185628137	c34	MECP2
5.2553797009355e-07	3.50001636406769	0.022	0.002	0.0176254924409975	c34	ERG
5.37740472802082e-07	0.879909205991949	0.256	0.095	0.0180347399768362	c34	FAR1
5.40865522582768e-07	0.566306569976653	0.233	0.081	0.0181395478963809	c34	WDR13
5.43191363566619e-07	1.20525976605232	0.256	0.097	0.0182175519512973	c34	OGFRL1
5.59628218573502e-07	0.448893240204165	0.856	0.589	0.0187688111945181	c34	IER2
5.69462144320291e-07	1.28570684787797	0.278	0.109	0.0190986213962139	c34	ACSL3
5.75545520951897e-07	0.754153618945878	0.267	0.1	0.0193026456816847	c34	TREM1
5.8564866659124e-07	0.515019894227429	0.567	0.288	0.019641484980137	c34	NINJ1
5.89150792472856e-07	0.764904501216171	0.411	0.189	0.0197589392779546	c34	TMOD3
5.9566055866458e-07	1.63180841756473	0.122	0.031	0.0199772638164927	c34	NFE2L3
6.02493426286292e-07	0.987102241614939	0.256	0.095	0.0202064245307897	c34	RBM47
6.09887160806022e-07	0.688909408003118	0.278	0.107	0.0204543955991124	c34	DHRS4
6.10484979045253e-07	0.363844066562383	1	0.981	0.0204744452272197	c34	RPS24
6.19860083952966e-07	0.536943237687226	0.433	0.198	0.0207888674956146	c34	MAP3K2
6.20704577909221e-07	0.331011116503047	0.4	0.171	0.0208171901339194	c34	YBX3
6.23634291758521e-07	1.94662981198862	0.111	0.026	0.0209154468769973	c34	LILRA6
6.26879811515591e-07	1.26233044234877	0.089	0.018	0.0210242951186099	c34	SLC4A8
6.49863467362494e-07	3.47830260660461	0.033	0.003	0.0217951209684033	c34	MOCOS
6.50413762384053e-07	0.905715277594632	0.322	0.132	0.0218135767628364	c34	ATXN1
6.69684887574569e-07	1.13478056991169	0.2	0.067	0.0224598917594759	c34	CLEC4E
6.70373271235671e-07	2.0496258555617	0.067	0.011	0.0224829787707019	c34	DNAJC3-DT
6.71645037210342e-07	5.15337856124845	0.011	0	0.0225256312579604	c34	MOCS1
6.7373079406579e-07	4.68060009026257	0.011	0	0.0225955833713785	c34	RHD
6.77220933069542e-07	3.53522582252272	0.011	0	0.0227126356532863	c34	SPTB
6.78930572708733e-07	1.48628860117948	0.144	0.04	0.0227699735475055	c34	CYP1B1
6.82485673093838e-07	0.591798877596396	0.633	0.346	0.0228892045042211	c34	TMEM219
6.82512192035235e-07	3.12730789829643	0.044	0.006	0.0228900938964777	c34	VSTM1
7.00852061246065e-07	0.653229388615679	0.533	0.27	0.0235051764300705	c34	OSBPL8
7.05783570739476e-07	3.24236346710935	0.044	0.006	0.0236705693954606	c34	LSMEM1
7.09070761570422e-07	0.638640522507459	0.289	0.113	0.0237808152015488	c34	TET2
7.09285282892127e-07	0.697869771535063	0.278	0.106	0.0237880098176361	c34	ZNF330
7.11898309155915e-07	0.971204501620367	0.178	0.055	0.0238756454924711	c34	MARCH2
7.20727531628936e-07	1.17055483801126	0.156	0.045	0.0241717599557713	c34	METTL22
7.44068359008967e-07	0.861372508514792	0.311	0.129	0.0249545646244427	c34	TRMT1
7.46452317421919e-07	2.7792141964128	0.033	0.003	0.0250345178216963	c34	SH3RF2
7.47319136598093e-07	1.71128005857854	0.111	0.027	0.0250635892032268	c34	TBC1D2
7.5233820208466e-07	2.67442952938697	0.067	0.011	0.0252319186215153	c34	LINC02207
7.68421652704921e-07	3.14339852604512	0.033	0.003	0.0257713253884177	c34	FRMD3
7.68539972068096e-07	0.562376372196046	0.544	0.283	0.0257752935832198	c34	SOCS3
7.78887765476122e-07	1.54398163143418	0.211	0.074	0.0261223378785382	c34	MGST2
7.93006346765694e-07	1.18596061634913	0.167	0.05	0.0265958468578278	c34	BAIAP2
7.93324098818259e-07	1.91947305676614	0.044	0.006	0.0266065036261668	c34	VASN
8.24171835318931e-07	0.976728443883922	0.278	0.108	0.0276410750129263	c34	ARMCX3
8.33638001383208e-07	2.07500655450926	0.022	0.002	0.02795855129039	c34	VWF
8.40483512169669e-07	0.764984252113783	0.4	0.185	0.0281881360311464	c34	NENF
8.60979169255547e-07	1.60567776877552	0.178	0.057	0.0288755193784925	c34	LRRC25
8.68977393295736e-07	0.637241981623015	0.622	0.324	0.0291437638163524	c34	ATP1B3
8.72908784812765e-07	1.10164867041916	0.122	0.031	0.0292756148250505	c34	SLC25A43
8.75905071376929e-07	1.68860176929064	0.133	0.036	0.0293761042838394	c34	MMP12
8.86607253271776e-07	0.551394361173336	0.689	0.388	0.0297350340602288	c34	C4orf48
8.97382525880069e-07	0.850902795893841	0.267	0.103	0.0300964151529658	c34	ANXA4
9.18657220818451e-07	3.68886180938263	0.011	0	0.0308099258718092	c34	CLC
9.19121299595309e-07	4.65178570734363	0.011	0	0.0308254901458275	c34	COLEC11
9.2191051601013e-07	4.4342323371843	0.011	0	0.0309190348859477	c34	ERVFRD-1
9.23308178514888e-07	4.39908625393004	0.011	0	0.0309659096910323	c34	CNTD1
9.23774519208259e-07	4.13189282291357	0.011	0	0.0309815498252066	c34	AL136985.3
9.24254453862392e-07	2.84515707320902	0.022	0.002	0.0309976458736369	c34	UPK3BL1
9.27045259598039e-07	3.63031771840325	0.011	0	0.031091243916399	c34	AP003071.5
9.49546561301686e-07	0.795009886656739	0.2	0.066	0.0318458925729359	c34	SFXN3
9.54496600819263e-07	0.688399363850358	0.244	0.09	0.0320119069982764	c34	AKIP1
9.73297677744333e-07	0.797436028227401	0.4	0.184	0.0326424575161894	c34	RUNX1
9.77710047646888e-07	1.15220207312211	0.356	0.164	0.0327904395779813	c34	PEA15
9.90226007168841e-07	2.46283434468888	0.033	0.003	0.0332101998284286	c34	SOX13
9.99584972683016e-07	1.29802855437984	0.211	0.074	0.033524080813843	c34	FNIP2
1.0132947957026e-06	0.934460103716581	0.4	0.185	0.0339838808582737	c34	KLF10
1.04645721304506e-06	0.769604451966506	0.356	0.158	0.0350960820111052	c34	BLVRB
1.06600672527024e-06	0.880905778830715	0.144	0.04	0.0357517335521134	c34	STAP1
1.07476423068937e-06	2.09685592670929	0.211	0.073	0.03604544276886	c34	OSM
1.09491640343142e-06	1.31722506098677	0.244	0.092	0.036721306338283	c34	CAMK1
1.11500780837688e-06	2.89263761762174	0.033	0.003	0.0373951318773438	c34	FSIP1
1.13929553012474e-06	4.65193099980801	0.022	0.002	0.0382096934893235	c34	AL109615.3
1.14900917980195e-06	4.34636622250262	0.022	0.002	0.0385354698721976	c34	KIAA1211
1.14985504814848e-06	1.85536389782061	0.067	0.012	0.0385638386048036	c34	ECM1
1.16066752295823e-06	0.958069129083752	0.167	0.051	0.038926467384973	c34	MSR1
1.16089016269761e-06	4.04776915470986	0.022	0.002	0.0389339342765525	c34	SPTLC3
1.16414522261547e-06	1.3530500609078	0.233	0.086	0.0390431024760777	c34	NFIC
1.18202459699247e-06	1.5071169573834	0.089	0.019	0.0396427409339335	c34	HIST2H2BF
1.2096072355543e-06	1.1878051987657	0.211	0.075	0.0405678074660202	c34	CCRL2
1.22416032590499e-06	1.4559910876161	0.133	0.037	0.0410558890102015	c34	TNFRSF21
1.22701887337027e-06	1.47085538728063	0.078	0.015	0.041151758975092	c34	CIPC
1.24188887156017e-06	4.60176614933943	0.011	0	0.041650468974385	c34	ZDHHC11B
1.24926851181683e-06	4.53932339014661	0.011	0	0.0418979673493129	c34	LINC01340
1.2661787783544e-06	3.89873777794392	0.022	0.002	0.0424651038684498	c34	AC046143.1
1.28013676206855e-06	0.750599568211046	0.511	0.272	0.0429332267262551	c34	LIMS1
1.28206238145768e-06	2.4422869414208	0.033	0.003	0.0429978081493276	c34	AL031775.1
1.30546453798666e-06	1.68447047897196	0.089	0.019	0.0437826696749965	c34	RTN1
1.31603488171842e-06	1.03168003699247	0.122	0.031	0.0441371778630724	c34	HEG1
1.32673293045397e-06	3.36718476026828	0.033	0.003	0.0444959690215651	c34	PARAL1
1.33855159835987e-06	0.737548386264618	0.256	0.098	0.0448923435057932	c34	ATP2C1
1.34327136375857e-06	0.930411530817466	0.467	0.238	0.0450506349977348	c34	TAOK3
1.37093738369469e-06	2.87689601948368	0.033	0.003	0.0459784979743525	c34	AP000845.1
1.37700891689105e-06	0.472178355891042	0.378	0.165	0.0461821250546921	c34	CD81
1.44002516156057e-06	1.41596693327208	0.144	0.042	0.0482955638684184	c34	EVI5
1.46449942350022e-06	0.561014905076445	0.422	0.196	0.0491163816653504	c34	TGIF1
1.4874783456701e-06	1.01165116523315	0.333	0.147	0.0498870487570837	c34	WARS
