p_val	avg_log2FC	pct.1	pct.2	p_val_adj	cluster	gene
0	2.76613474413564	0.803	0.13	0	c15	CD79A
0	2.83865026169652	0.735	0.094	0	c15	MS4A1
0	2.15606994180982	0.856	0.37	0	c15	CD83
0	0.941954168237042	0.983	0.517	0	c15	HLA-DRA
0	1.24914913009825	0.837	0.377	0	c15	HLA-DQB1
0	2.87825215157463	0.573	0.116	0	c15	LY9
0	0.710504664768349	0.815	0.407	0	c15	HLA-DQA1
0	1.84288902755823	0.754	0.351	0	c15	CD55
0	2.86482744553899	0.458	0.07	0	c15	BANK1
0	0.73390740847621	0.931	0.548	0	c15	HLA-DPB1
0	0.587251696274109	0.915	0.567	0	c15	HLA-DPA1
0	0.91539588854407	0.966	0.618	0	c15	HLA-DRB1
0	3.24845315774828	0.372	0.047	0	c15	BLK
0	2.80638323347569	0.414	0.089	0	c15	ADAM28
0	1.3932956048824	0.577	0.263	0	c15	NCF1
0	1.94931245759721	0.474	0.16	0	c15	IRF8
0	2.77680257147985	0.374	0.061	0	c15	CD19
0	1.40069234840083	0.828	0.516	0	c15	EZR
0	3.30196836317807	0.353	0.042	0	c15	LINC00926
0	2.6591258467522	0.37	0.07	0	c15	BACH2
0	1.53151485607593	0.932	0.641	0	c15	CD37
0	2.4983940157544	0.342	0.054	0	c15	VPREB3
0	0.961467928554376	0.344	0.056	0	c15	IGHM
0	1.60337403874542	0.446	0.161	0	c15	FCMR
0	2.00361531927623	0.43	0.145	0	c15	MEF2C
0	3.05504983925055	0.341	0.06	0	c15	GNG7
0	1.84190359836854	0.506	0.229	0	c15	ALG13
0	2.01403839374007	0.398	0.129	0	c15	SMIM14
0	1.47536974843156	0.497	0.231	0	c15	LYN
0	1.35372467065413	0.817	0.552	0	c15	YPEL5
0	3.06878816424808	0.305	0.045	0	c15	TNFRSF13C
0	2.67331317785511	0.325	0.066	0	c15	RUBCNL
0	1.65244901759177	0.454	0.202	0	c15	SNX2
0	2.72436519100575	0.295	0.055	0	c15	RALGPS2
0	3.00262876658883	0.289	0.049	0	c15	STAG3
0	2.56829264474305	0.326	0.088	0	c15	CD72
0	2.76522163089865	0.285	0.05	0	c15	PKIG
0	2.38005488867245	0.269	0.037	0	c15	TCL1A
0	2.89959764875734	0.272	0.046	0	c15	AFF3
0	1.86511169304577	0.314	0.089	0	c15	CCR7
0	1.03193689487945	0.889	0.682	0	c15	EEF1G
0	3.43139097906611	0.231	0.026	0	c15	FCRL1
0	2.43184590617376	0.238	0.049	0	c15	CXCR5
0	3.25806003940415	0.211	0.028	0	c15	LINC02397
0	2.73274087539421	0.219	0.039	0	c15	ARHGAP24
0	0.978613038109652	0.919	0.74	0	c15	LAPTM5
0	2.98701404959379	0.209	0.031	0	c15	FAM129C
0	2.85934845076496	0.204	0.03	0	c15	FCER2
0	2.16312336763626	0.234	0.062	0	c15	PDLIM1
0	1.27876335385813	0.96	0.792	0	c15	EEF1B2
0	2.45744363586672	0.209	0.042	0	c15	CD22
0	0.887073771367059	0.897	0.735	0	c15	EEF2
0	2.18822246796729	0.199	0.039	0	c15	CD24
0	2.52208975154508	0.194	0.038	0	c15	FCRLA
0	2.44777548990483	0.193	0.042	0	c15	PLEKHG1
0	1.31179521486002	0.997	0.849	0	c15	CD74
0	3.57204207128402	0.162	0.015	0	c15	FAM177B
0	2.9347773621908	0.17	0.027	0	c15	PAX5
0	2.58272104083433	0.185	0.043	0	c15	TLE1
0	0.752140207361817	0.909	0.774	0	c15	RPL4
0	2.56320667427977	0.153	0.03	0	c15	AC119396.1
0	2.63106497502253	0.149	0.028	0	c15	IGHV5-78
0	2.88061766266309	0.131	0.022	0	c15	EBF1
0	2.36121676669809	0.126	0.02	0	c15	IGHD
0	1.06602164776455	0.958	0.853	0	c15	RPL21
0	0.949442348348597	0.96	0.873	0	c15	RPL10A
0	0.973180230479963	0.974	0.894	0	c15	RPL5
0	0.846838742603866	0.962	0.882	0	c15	RPSA
0	0.734529865690423	0.97	0.893	0	c15	RPL22
0	0.971050173075436	0.962	0.889	0	c15	BTG1
0	3.56866898127665	0.077	0.008	0	c15	COL19A1
0	0.680060491252176	0.959	0.891	0	c15	RACK1
0	0.800866730272172	0.97	0.903	0	c15	RPL9
0	1.09004833298602	0.978	0.911	0	c15	RPS5
0	0.662530104502209	0.972	0.908	0	c15	RPL17
0	0.890078161849429	0.975	0.914	0	c15	RPL3
0	0.74323963412156	0.976	0.923	0	c15	RPL23A
0	0.909646336773619	0.981	0.933	0	c15	RPS6
0	0.769931610196689	0.982	0.934	0	c15	RPLP0
0	0.632612809493684	0.988	0.943	0	c15	MT-ND3
0	0.575909609004862	0.98	0.938	0	c15	RPL6
0	0.645571782968106	0.973	0.932	0	c15	RPS9
0	0.613727945779135	0.981	0.942	0	c15	RPL15
0	0.591975702178276	0.98	0.941	0	c15	RPL14
0	0.720522867975278	0.988	0.951	0	c15	MT-ND4L
0	0.884603154171963	0.988	0.954	0	c15	RPS3A
0	0.626097598333208	0.984	0.952	0	c15	RPS4X
0	0.7892659962891	0.991	0.959	0	c15	RPS21
0	0.706235673663482	0.987	0.957	0	c15	RPL7A
0	0.756145930249078	0.987	0.96	0	c15	RPS25
0	0.738677777833454	0.989	0.963	0	c15	RPLP2
0	0.777165865451309	0.984	0.959	0	c15	RPL29
0	0.872900514683647	0.993	0.968	0	c15	RPL18
0	0.644074982319461	0.987	0.963	0	c15	RPL36
0	0.945703841527645	0.988	0.965	0	c15	RPS18
0	0.738995912945292	0.989	0.967	0	c15	RPL35A
0	1.0806631942326	0.995	0.974	0	c15	RPS8
0	0.607069734631005	0.989	0.968	0	c15	RPS7
0	0.881728343369193	0.988	0.967	0	c15	RPL8
0	0.821334831360808	0.992	0.971	0	c15	RPS13
0	0.843058173465615	0.991	0.972	0	c15	RPL37
0	1.08969789344463	0.992	0.973	0	c15	RPS23
0	0.596357655207786	0.991	0.973	0	c15	RPL26
0	0.725984594700143	0.992	0.976	0	c15	RPL12
0	0.521833109447378	0.99	0.975	0	c15	RPS3
0	0.959792058398389	0.993	0.979	0	c15	RPL18A
0	0.760593817313342	0.995	0.982	0	c15	RPS27A
0	0.832028967237242	0.995	0.982	0	c15	RPL34
0	0.652619879262048	0.99	0.977	0	c15	RPS14
0	0.812609835318608	0.994	0.981	0	c15	RPL19
0	0.866230419511788	0.994	0.982	0	c15	RPL11
0	0.607518093334898	0.995	0.983	0	c15	FAU
0	0.927156842905668	0.995	0.987	0	c15	RPL32
0	0.839831684440325	0.998	0.99	0	c15	EEF1A1
0	0.835544993345914	0.995	0.987	0	c15	RPL13
0	0.565533099275129	0.992	0.985	0	c15	RPS15
0	0.673920771161056	0.995	0.988	0	c15	RPS28
0	0.770786831859477	0.997	0.991	0	c15	RPS27
0	0.76699677090574	0.997	0.991	0	c15	RPS12
0	0.812600619762475	0.995	0.989	0	c15	RPL30
0	0.514666845011931	0.993	0.987	0	c15	RPS19
0	0.774743961855901	0.998	0.993	0	c15	RPL39
0	0.71093102498839	0.997	0.992	0	c15	RPL10
0	0.537466022232491	0.995	0.99	0	c15	RPS15A
0	0.480790427967105	0.998	0.997	0	c15	RPLP1
0	0.497570801210423	0.997	0.996	0	c15	RPL28
3.07390286078177e-299	1.25647338029156	0.58	0.297	1.03092554144899e-294	c15	KLF2
7.64993359017224e-292	1.04840829746954	0.733	0.484	2.56563472747196e-287	c15	NOP53
2.21003587243964e-291	0.512656753983114	0.976	0.938	7.41201830898808e-287	c15	RPL24
5.39376834895415e-290	2.23043878797631	0.16	0.034	1.80896202887224e-285	c15	TNFRSF13B
1.0577762444447e-288	2.55552684609034	0.116	0.019	3.54756996861863e-284	c15	LINC01781
3.66153869076069e-285	0.75198155827945	0.92	0.776	1.22800684610732e-280	c15	TSC22D3
8.05092533229953e-279	0.550168716731881	0.962	0.904	2.70011933794662e-274	c15	NACA
2.16002487135785e-277	0.968372282966588	0.805	0.59	7.24429141355996e-273	c15	ZFAS1
9.59041247219571e-276	1.19290167319868	0.666	0.408	3.216432534925e-271	c15	ZNF331
1.52047602202661e-273	1.61616750630207	0.498	0.251	5.09937248267285e-269	c15	VPS37B
5.5197075211356e-271	0.637609805606211	0.625	0.308	1.85119950843846e-266	c15	LTB
3.5489397521147e-263	0.657164241466315	0.921	0.796	1.19024341406423e-258	c15	RPS11
8.25509991164387e-262	1.8765088835784	0.353	0.145	2.76859540836712e-257	c15	NFKBID
2.39805601525702e-259	1.05289904830042	0.791	0.558	8.04260026396899e-255	c15	CD69
1.4714395544174e-258	0.849215393942935	0.924	0.809	4.93491397760509e-254	c15	JUNB
9.98082299215413e-258	2.01791111380216	0.285	0.102	3.34736841510865e-253	c15	SWAP70
1.00209384378399e-254	2.31079363081298	0.155	0.035	3.36082233328276e-250	c15	FAM30A
1.42033988616844e-253	1.98059930046867	0.219	0.064	4.76353591023172e-249	c15	SIDT1
2.5189076521353e-249	0.529484417830209	0.982	0.972	8.44791248373135e-245	c15	EIF1
8.50687420465851e-248	2.11406447103236	0.24	0.078	2.85303547075837e-243	c15	HVCN1
2.92052227091671e-244	1.42265780570001	0.428	0.202	9.79484759220046e-240	c15	WDR74
3.06366387676697e-244	2.60659584707041	0.138	0.03	1.02749159099011e-239	c15	C16orf74
2.35411212991568e-242	1.29843319317569	0.5	0.261	7.89522126131121e-238	c15	TMEM243
4.28979500697304e-242	0.535715269058993	0.952	0.896	1.43871144943862e-237	c15	RPL37A
2.43959275558403e-241	0.487189317938953	0.992	0.964	8.18190618367772e-237	c15	MT-ATP6
3.4796021170877e-240	1.91562190563855	0.265	0.093	1.16698895802887e-235	c15	IFT57
5.24221830365675e-238	2.34828250197926	0.154	0.037	1.7581351746804e-233	c15	STAP1
6.40434241613406e-238	3.31004019654665	0.068	0.008	2.14788835952304e-233	c15	PRCD
3.01121351903495e-237	2.27143406642555	0.154	0.037	1.00990079001394e-232	c15	SPIB
5.3797204352164e-236	1.04253505722674	0.669	0.419	1.80425063956288e-231	c15	TXNIP
1.20319255139689e-232	0.778317798569941	0.881	0.742	4.03526717887488e-228	c15	ZFP36L2
3.21998880867313e-232	0.964721646191251	0.708	0.462	1.07991984665279e-227	c15	REL
3.58913790003863e-232	0.542798927548952	0.926	0.81	1.20372506891495e-227	c15	PABPC1
2.35919492095071e-230	1.83279478079717	0.275	0.102	7.91226792588448e-226	c15	TCF4
7.65451390147985e-229	1.08267294561002	0.748	0.543	2.56717087227831e-224	c15	NR4A2
2.12829853282977e-226	0.38436908899951	0.998	0.984	7.13788761940448e-222	c15	MT-CO2
7.86054617445353e-226	1.39712432925175	0.485	0.259	2.63626997598823e-221	c15	SNX9
3.6191695511011e-223	3.7517861024968	0.051	0.005	1.21379708404829e-218	c15	DIRAS1
1.729930090767e-222	1.92489436612243	0.214	0.067	5.80183953841436e-218	c15	POU2AF1
1.01030968784949e-221	1.59288586348626	0.335	0.141	3.38837663110962e-217	c15	POU2F2
5.51816856369667e-221	1.72316933973129	0.304	0.122	1.85068337289259e-216	c15	LY86
3.21332000263961e-219	0.671532642205788	0.819	0.577	1.07768326248527e-214	c15	CXCR4
6.32355174591692e-218	0.44635027266294	0.969	0.932	2.12079278454562e-213	c15	RPS16
3.10453875735357e-214	2.24654210735567	0.181	0.053	1.04120020844124e-209	c15	BCL11A
2.13085004752382e-211	1.78039732308109	0.247	0.088	7.1464448893854e-207	c15	ZNF10
1.87405619229954e-210	1.47615454789557	0.294	0.114	6.28520965773419e-206	c15	CD79B
3.90288666167377e-207	2.36028534933209	0.173	0.05	1.30895012859215e-202	c15	BLNK
4.26185570909543e-207	1.48479509073365	0.308	0.125	1.42934116771643e-202	c15	RASGRP2
3.66752357897238e-205	0.517120137848525	0.936	0.864	1.23001405791576e-200	c15	RPL27
4.58520754546213e-204	1.25963975148544	0.469	0.25	1.53778690659709e-199	c15	RCSD1
1.34593096023763e-202	0.822906674101442	0.618	0.355	4.51398325444498e-198	c15	HLA-DMA
4.54080903199728e-201	3.27727690742203	0.057	0.007	1.52289653315125e-196	c15	AL161781.2
2.96064267700731e-200	0.981698962613817	0.642	0.422	9.92940341014713e-196	c15	SNHG8
2.64280929084961e-198	1.95812948264839	0.207	0.068	8.86345379965142e-194	c15	KDM4B
3.99283927672203e-198	2.07344387363368	0.139	0.035	1.33911843662703e-193	c15	LINC01857
5.85572754276555e-195	2.46521473797804	0.104	0.022	1.96389390329271e-190	c15	LINC01215
5.292076310996e-194	1.52220797586622	0.309	0.132	1.77485655318184e-189	c15	TPD52
1.28578839954571e-190	1.85369408279637	0.204	0.069	4.3122771343964e-186	c15	TSPAN13
3.52522571764866e-189	0.419236353112445	0.986	0.938	1.18229020118501e-184	c15	MT-CO3
1.38645200703857e-188	2.27007711576391	0.15	0.042	4.64988274120596e-184	c15	FADS3
5.93442345788552e-187	2.28663066097619	0.151	0.042	1.99028693930565e-182	c15	ZNF318
3.83118170410664e-184	0.85546141531629	0.724	0.525	1.28490171992328e-179	c15	HERPUD1
5.3822632700403e-184	2.83134507269328	0.095	0.019	1.80510345550612e-179	c15	AC120193.1
1.10445150264517e-181	2.79471670700245	0.091	0.018	3.70410944957139e-177	c15	FCRL2
8.91894221387267e-177	2.45141671857483	0.134	0.036	2.99123483968861e-172	c15	COBLL1
2.08392073045641e-172	2.6069619940911	0.085	0.016	6.9890533458047e-168	c15	CR2
6.80415814460242e-171	0.915924518576344	0.627	0.428	2.28197855853676e-166	c15	SMDT1
8.25743953460076e-170	1.58819578150577	0.333	0.163	2.7693800711144e-165	c15	MANBA
3.13065727741482e-167	1.3887364735496	0.333	0.158	1.04995983769938e-162	c15	IL16
4.43592975465062e-167	0.931388753081484	0.613	0.405	1.48772212111472e-162	c15	RHOH
3.81516699782441e-166	1.68685877539774	0.218	0.082	1.27953070773035e-161	c15	RAB30
4.46092665257897e-166	0.586152646835092	0.856	0.712	1.49610558074193e-161	c15	RPL13A
6.43770378165959e-166	0.65501182619441	0.779	0.592	2.15907709429299e-161	c15	RPS4Y1
7.78791217875196e-166	0.388310719310216	0.981	0.923	2.61190998650983e-161	c15	MT-CYB
6.97643964352338e-165	0.92823576171109	0.66	0.468	2.33975832764487e-160	c15	LSM7
3.72595769155365e-163	1.19078486474654	0.416	0.227	1.24961169059326e-158	c15	ELL2
1.57321640406356e-162	2.51782562759965	0.127	0.035	5.27625317594835e-158	c15	RASL11A
6.45224836815279e-161	1.73789120290072	0.229	0.091	2.16395505771108e-156	c15	ORAI2
8.89142749451199e-161	1.7798927167252	0.202	0.074	2.98200695310943e-156	c15	SC5D
9.15142580990059e-161	3.33661604321414	0.048	0.006	3.06920518812446e-156	c15	JADE3
1.38888730575564e-160	1.9383349396548	0.152	0.046	4.65805024604328e-156	c15	PRDM4
3.55676400971295e-160	2.33395939633527	0.124	0.033	1.19286751357753e-155	c15	HLA-DOB
1.47948731001308e-156	1.76539490232834	0.185	0.065	4.96190454032187e-152	c15	MGAT5
3.67784266905967e-156	3.15442664360159	0.055	0.008	1.23347487434923e-151	c15	KHDRBS2
1.06334068639973e-155	2.5983318112337	0.072	0.013	3.56623199404742e-151	c15	C12orf42
6.56477028262043e-154	0.563695269999503	0.91	0.794	2.20169265738524e-149	c15	DUSP1
9.53735433860733e-154	1.65224971535423	0.256	0.111	3.19863789808213e-149	c15	CD40
2.11199994535391e-152	0.377712592276592	0.965	0.927	7.08322541672794e-148	c15	RPL35
7.13458444062967e-151	0.303018215757559	0.989	0.977	2.39279692969838e-146	c15	TPT1
7.29542300487288e-148	0.948139022057845	0.475	0.276	2.44673896737427e-143	c15	KDM6B
1.32877040601435e-147	1.38739023778734	0.224	0.088	4.45643018769094e-143	c15	PARP15
1.35783143645598e-147	2.79672630981935	0.072	0.014	4.55389507158606e-143	c15	AC022182.1
2.75671074979788e-147	2.85156427133509	0.062	0.01	9.24545651267212e-143	c15	CLEC17A
9.75134732086078e-147	2.15481423989523	0.114	0.031	3.27040686447029e-142	c15	MICAL3
7.28559752944064e-146	0.465985123454368	0.924	0.825	2.4434436994238e-141	c15	MT-ND5
1.37745262164245e-143	0.500085179309576	0.866	0.747	4.61970060246445e-139	c15	RPL31
1.82794452777176e-143	1.26736572017878	0.227	0.091	6.13056035724093e-139	c15	BCAS4
2.62211257985854e-143	1.70366901430253	0.208	0.082	8.79404117032958e-139	c15	TP53INP1
2.72274158836065e-142	0.3655174065933	0.95	0.896	9.13153073904396e-138	c15	RPS29
8.0131381653953e-142	1.51718725518933	0.263	0.118	2.68744627791027e-137	c15	ARRDC2
8.25141581821418e-141	2.95251186888027	0.058	0.01	2.76735983711267e-136	c15	BEND5
4.5451780319032e-140	0.454674247728065	0.897	0.809	1.5243618083397e-135	c15	RPL38
2.27752087250936e-139	1.87663193494998	0.134	0.041	7.63834950222189e-135	c15	AC073111.5
3.5538805443265e-139	1.70113869127846	0.24	0.106	1.19190045695622e-134	c15	EIF2AK3
3.745824798021e-139	1.39675029534073	0.292	0.141	1.25627472076028e-134	c15	NGLY1
1.90943161005776e-138	2.02706952047361	0.127	0.038	6.40385173381171e-134	c15	AL121944.1
2.26136522850453e-138	1.66051542183507	0.206	0.082	7.58416670335849e-134	c15	PLCG2
3.35658653571581e-138	0.283313042377855	0.992	0.965	1.12573199234837e-133	c15	RPL41
2.87232310286589e-137	0.735116320503071	0.658	0.478	9.63319722239162e-133	c15	SF1
5.66163836711773e-136	0.897096318948804	0.523	0.331	1.89880027556394e-131	c15	NR4A1
1.16230546968668e-135	1.67041753781568	0.152	0.051	3.89814008423518e-131	c15	SHISAL2A
1.55549148376236e-135	1.27396427053094	0.317	0.16	5.21680733824221e-131	c15	EIF1AY
2.40218238284774e-135	1.14984578593976	0.36	0.195	8.05643927559475e-131	c15	SYPL1
2.60405424787524e-132	1.64893349414749	0.225	0.097	8.73347713652398e-128	c15	ST6GAL1
2.52267632678279e-131	0.673006730430655	0.652	0.459	8.46055186476411e-127	c15	SYNGR2
1.0745869988054e-130	1.56327210634807	0.216	0.091	3.60394987659357e-126	c15	CAMK1D
2.44625022005181e-130	1.68338902936207	0.228	0.1	8.20423398800977e-126	c15	MARCH1
3.18698519877168e-129	0.517301848994288	0.843	0.73	1.06885109596405e-124	c15	TOMM7
5.19470339041736e-126	0.943306817254127	0.495	0.323	1.74219962307818e-121	c15	TAF1D
5.30860479011083e-126	1.43369510798322	0.243	0.11	1.78039987450737e-121	c15	TRAF4
6.02180735351644e-125	1.24772335970633	0.309	0.158	2.01959375022234e-120	c15	PRDM2
6.23985601925119e-125	0.501805869713912	0.806	0.655	2.09272291173647e-120	c15	RPL36A
2.07997946751589e-124	1.49577242953927	0.213	0.09	6.97583513815478e-120	c15	TMEM156
2.12574700366134e-121	1.0437383906536	0.314	0.16	7.12933030087939e-117	c15	SLC44A2
1.20783465930869e-120	0.976763514559208	0.412	0.242	4.05083588038949e-116	c15	MARCKSL1
7.69243875306571e-120	2.42938800848272	0.079	0.019	2.57989010900318e-115	c15	NT5E
9.59447739997613e-120	1.03095920028378	0.4	0.237	3.217795830404e-115	c15	PHF20
5.80490436060076e-119	1.00319682448946	0.436	0.269	1.94684882445828e-114	c15	ARL4A
8.00709806868522e-118	1.78304971381341	0.177	0.071	2.68542055027565e-113	c15	CMSS1
1.52863586291167e-114	1.52833362002466	0.211	0.094	5.12673895703317e-110	c15	PIKFYVE
2.08274676741117e-114	0.71795900284912	0.552	0.378	6.98511610854359e-110	c15	TUBA1A
5.4653482274753e-114	1.01373194143408	0.604	0.473	1.83296848853067e-109	c15	CDC37
3.66472717685522e-113	1.51734019396793	0.148	0.053	1.2290762005737e-108	c15	RIC3
6.4110339299128e-112	0.967837287810267	0.423	0.26	2.15013255941416e-107	c15	IDI1
9.61916918024064e-112	3.46737670372332	0.027	0.003	3.2260769596691e-107	c15	CLEC20A
2.73947259750915e-111	1.04157288301499	0.392	0.238	9.18764319752618e-107	c15	NR1H2
5.66710069591703e-111	0.373605024670525	0.93	0.87	1.90063223139665e-106	c15	PFDN5
7.01192253851416e-111	2.79774254445191	0.041	0.006	2.35165858096688e-106	c15	LARGE2
8.31733475868179e-110	0.316342722077157	0.963	0.905	2.7894677313667e-105	c15	UBA52
2.28656080654174e-109	1.85443578837773	0.158	0.062	7.6686676329797e-105	c15	HLA-DOA
3.64536184733112e-109	0.392372758050186	0.899	0.811	1.22258145635791e-104	c15	BTF3
7.71131211656711e-109	3.18433628965002	0.053	0.01	2.58621985765428e-104	c15	KLK1
1.60596078428735e-108	1.22265991037813	0.27	0.137	5.38607127834292e-104	c15	PHACTR1
1.2328004688366e-107	1.3759905474012	0.204	0.09	4.13456621238418e-103	c15	TMEM131L
1.38714712792902e-107	0.936188344635891	0.449	0.289	4.65221403764835e-103	c15	SMAP2
1.49395348768292e-107	0.334235849559772	0.95	0.893	5.01042120699096e-103	c15	EEF1D
4.66743246682637e-107	2.84170586095886	0.056	0.011	1.56536350072423e-102	c15	TEX9
4.88235720538325e-107	0.460333959630209	0.839	0.717	1.63744495954143e-102	c15	RPL7
2.20211826525496e-106	1.80519728322541	0.125	0.043	7.38546423801207e-102	c15	ZNF669
2.99408308312625e-106	0.94998549161258	0.42	0.261	1.00415558441888e-101	c15	BCAS2
3.10892574984782e-106	3.1945837594468	0.038	0.006	1.04267151798396e-101	c15	KLHL14
3.74843304189164e-106	1.45778205877288	0.211	0.097	1.25714947358962e-101	c15	CXorf40A
2.01196421345304e-105	0.71938979197145	0.555	0.393	6.7477255790788e-101	c15	EIF3L
4.08842639178326e-105	1.86012575383466	0.116	0.039	1.37117644327627e-100	c15	HIP1R
2.48750360100132e-104	0.629637155448165	0.618	0.442	8.34258957703824e-100	c15	RNASET2
2.42079965637462e-103	0.921093443739302	0.432	0.277	8.11887788754919e-99	c15	SKIL
2.7686230900971e-103	2.94333715643185	0.039	0.006	9.28540811956764e-99	c15	CNR2
5.03212411353326e-103	0.607315426431061	0.716	0.579	1.68767378519678e-98	c15	RBM39
5.48411054390679e-103	0.50370737482013	0.837	0.711	1.83926099421546e-98	c15	FOS
7.16963133660844e-103	3.12150088728698	0.045	0.008	2.40455095767174e-98	c15	AMN
1.17100187941322e-102	0.622408725355074	0.644	0.491	3.92730610317604e-98	c15	EIF3E
2.69842416992884e-102	2.25228059935048	0.059	0.013	9.04997498110733e-98	c15	MATN1-AS1
1.06405086486189e-100	0.700136454609164	0.555	0.396	3.56861379057381e-96	c15	EIF4B
1.67841653399834e-99	1.44177804710883	0.295	0.168	5.62907337172363e-95	c15	YBX3
4.73385548632601e-99	2.20709461112093	0.114	0.039	1.58764045300402e-94	c15	USP6NL
1.04621589915344e-98	2.23118451354741	0.102	0.033	3.5087988825808e-94	c15	PNOC
2.98730516959107e-98	2.13422501961316	0.071	0.018	1.00188240777745e-93	c15	CD200
1.12753824326342e-97	1.49782699310042	0.145	0.056	3.78153776025686e-93	c15	CERS4
6.38003610939541e-97	2.36558268608735	0.06	0.014	2.13973651036903e-92	c15	ST6GALNAC3
2.45963228566113e-95	0.941437300723791	0.312	0.173	8.24911475965031e-91	c15	PHF1
2.5939531289086e-95	0.492174000378244	0.792	0.663	8.69960000373368e-91	c15	SLC25A6
4.36349960521989e-95	3.18530851217514	0.035	0.005	1.46343049759865e-90	c15	LINC02413
5.50530892467994e-95	0.690018100736673	0.651	0.51	1.84637050715916e-90	c15	RPL22L1
3.21453926720683e-94	3.07773901998702	0.043	0.008	1.07809217943583e-89	c15	ABCB4
5.25260284367393e-94	0.565337212766142	0.668	0.517	1.76161794171136e-89	c15	ELF1
6.61484014095344e-94	1.25254564155764	0.434	0.288	2.21848508647296e-89	c15	CHMP1B
2.14692414325903e-93	0.656163774368133	0.701	0.585	7.20035419166215e-89	c15	CYCS
1.84437360268587e-92	1.50299265263807	0.105	0.035	6.18566018868786e-88	c15	CHI3L2
1.88146446988649e-92	2.05681107991544	0.113	0.04	6.31005553910532e-88	c15	CDCA7L
2.44740837157519e-92	0.635904427701805	0.553	0.388	8.20811819658888e-88	c15	SMCHD1
2.50659820876051e-92	3.51041719324269	0.023	0.003	8.40662907254098e-88	c15	SCN3A
5.12205887566091e-92	0.817180533519132	0.31	0.169	1.71783610571916e-87	c15	PIK3IP1
5.13418896112053e-91	1.73307910175092	0.118	0.043	1.7219042937806e-86	c15	TAF4B
5.57823837991816e-91	1.04520496657461	0.306	0.176	1.87082958785695e-86	c15	CNPPD1
1.07584535012463e-90	0.727263633533617	0.508	0.352	3.60817013524798e-86	c15	PDE4B
1.87788286442977e-90	0.719848509271982	0.463	0.308	6.29804355072456e-86	c15	ODC1
2.96824188108401e-90	0.440916651724889	0.819	0.708	9.95488962077955e-86	c15	HNRNPDL
1.13601874772363e-89	1.34805478591468	0.171	0.075	3.8099796761155e-85	c15	GNB5
5.06240618428115e-89	1.46628014023385	0.22	0.113	1.69782978608421e-84	c15	TSPAN3
9.7038401314934e-89	1.74809026181291	0.085	0.026	3.25447390330026e-84	c15	NEIL1
4.26861352571819e-88	0.629100270660647	0.551	0.392	1.43160760425537e-83	c15	MAP3K8
4.71530476710359e-88	2.05906867466106	0.062	0.015	1.5814189127912e-83	c15	RGPD2
2.46282101419613e-87	2.74680642658611	0.066	0.017	8.25980911741097e-83	c15	SSPN
2.68327960748542e-86	0.568934420170187	0.649	0.517	8.99918314758459e-82	c15	HNRNPA0
4.57306025657828e-86	0.304044997428233	0.947	0.875	1.53371294885122e-81	c15	MT-ND1
5.23977614960483e-86	3.09265002744803	0.038	0.007	1.75731612505447e-81	c15	THRB
2.09412629037687e-85	0.169693973564829	0.996	0.986	7.02328075266595e-81	c15	MALAT1
2.71257077713681e-85	3.08149748607453	0.027	0.004	9.09741987236144e-81	c15	MATN1
2.9892288310489e-85	0.591827091114077	0.601	0.457	1.00252756535718e-80	c15	IDS
3.76733925360558e-85	0.902175768427567	0.34	0.205	1.26349023887424e-80	c15	RNF138
7.14016232485369e-85	3.08499611902445	0.032	0.005	2.39466764050943e-80	c15	LY86-AS1
2.59118186785047e-84	2.37552777392356	0.063	0.016	8.69030574839692e-80	c15	GRAMD1C
6.42337606502746e-84	1.69186238916215	0.115	0.043	2.15427186468891e-79	c15	CHD7
7.29614821007434e-84	0.968623202436404	0.357	0.221	2.44698218669473e-79	c15	DDIT3
1.67784896542913e-83	1.71610455500743	0.094	0.031	5.62716986025621e-79	c15	ZBTB16
4.53815444678933e-83	1.49035445563175	0.195	0.096	1.52200623836421e-78	c15	GRASP
1.1523413070522e-82	0.364338288073239	0.878	0.817	3.86472227559168e-78	c15	SARAF
3.69183397389821e-82	1.58850107998356	0.128	0.051	1.23816727816598e-77	c15	SSBP2
3.81546138483941e-82	0.481155478866596	0.799	0.67	1.27962943924744e-77	c15	JUN
2.57662316097781e-81	0.967985256896792	0.336	0.208	8.64147875728736e-77	c15	RCN2
3.11578923297092e-81	2.90189452128666	0.031	0.005	1.04497339295379e-76	c15	COL4A3
6.59060545748714e-81	0.785911204849394	0.386	0.248	2.21035725833204e-76	c15	PER1
1.11759259179896e-80	2.30568090219602	0.079	0.024	3.74818203437536e-76	c15	BCL7A
1.54612132712529e-80	2.31467361822973	0.066	0.018	5.1853817069128e-76	c15	TLR10
5.95807386266463e-80	0.900509595895562	0.371	0.24	1.99821881206046e-75	c15	NUP58
2.2064037450692e-79	1.61840608510519	0.133	0.055	7.3998368802131e-75	c15	SLC5A6
8.72738847138058e-79	1.09484251112737	0.305	0.187	2.92699154553162e-74	c15	DRAM2
1.05794251422217e-78	0.906405220790503	0.312	0.186	3.54812760419832e-74	c15	HLA-DMB
2.93009368467277e-78	0.274394839388438	0.854	0.679	9.82694819965553e-74	c15	CD52
3.9246108768369e-78	0.839286377547596	0.457	0.325	1.31623599587356e-73	c15	TMEM123
4.83111457357283e-78	0.365657839122928	0.85	0.752	1.62025920568486e-73	c15	NPM1
5.17690089044158e-78	1.8361344381069	0.091	0.031	1.7362290206363e-73	c15	ZNF395
6.74006756922443e-78	0.596167490332602	0.492	0.341	2.26048386136649e-73	c15	AC016831.7
1.64012940724894e-77	0.998876029882943	0.315	0.193	5.5006660060315e-73	c15	OSER1
1.68439773243394e-77	1.08803116811223	0.267	0.153	5.64913311503696e-73	c15	UVRAG
3.67698614213568e-77	0.867849571397626	0.369	0.238	1.23318761234946e-72	c15	SSH2
5.68530089372809e-77	1.80099671146386	0.108	0.041	1.90673621373853e-72	c15	GAPT
3.41934654093824e-76	0.456265380035574	0.614	0.459	1.14678044289987e-71	c15	SLC2A3
3.51196682863127e-76	1.2216011126617	0.18	0.086	1.17784343498635e-71	c15	SESN3
4.32302842975279e-76	2.67958345921802	0.03	0.005	1.44985727477049e-71	c15	BAIAP3
4.65664910253496e-76	1.34444922697421	0.12	0.047	1.56174697600817e-71	c15	BEX2
1.53963104028968e-75	2.20882172439246	0.068	0.02	5.16361458292354e-71	c15	OSBPL10
2.67630786079883e-75	1.68473050353255	0.153	0.071	8.97580130354713e-71	c15	LHPP
2.73534438160406e-75	0.892254871541829	0.279	0.161	9.17379798702369e-71	c15	ANKRD37
6.88402877901391e-75	2.88272518796905	0.028	0.004	2.30876557190568e-70	c15	AL928742.1
7.17456509495008e-75	1.9056011531155	0.109	0.042	2.40620564154436e-70	c15	WDFY4
4.3132239911899e-74	0.778507114059073	0.383	0.25	1.44656906216527e-69	c15	ANKRD44
5.90847464439999e-74	0.587217548553916	0.545	0.395	1.98158422623887e-69	c15	CDKN1A
7.21600633648492e-74	0.420648629642025	0.805	0.716	2.42010420513031e-69	c15	RPL27A
1.31799509754726e-73	1.72040354636865	0.124	0.052	4.42029195815402e-69	c15	RIPOR1
3.82191173828418e-73	0.74150082740205	0.498	0.368	1.28179275878575e-68	c15	EIF1B
4.39472474175518e-73	1.48592223973217	0.153	0.07	1.47390278388985e-68	c15	SESN1
6.80464076025414e-72	2.84665356642688	0.031	0.005	2.28214041817403e-67	c15	AL139020.1
7.76924006828231e-72	3.00612320331888	0.026	0.004	2.60564773410052e-67	c15	LINC00494
1.72056416563405e-71	1.61625874455912	0.153	0.072	5.77042809870349e-67	c15	BTK
1.9606349461188e-71	2.5008466264561	0.06	0.017	6.57557748229325e-67	c15	CARMIL1
2.05823733915311e-71	0.445350742810445	0.755	0.632	6.90291638805169e-67	c15	TAGLN2
4.07188370000086e-71	2.8697768915077	0.023	0.003	1.36562835530629e-66	c15	IGHE
4.64664642548446e-71	2.38705266936985	0.051	0.013	1.55839227817898e-66	c15	SNX22
1.93064093383503e-70	0.31832706528063	0.894	0.819	6.47498356389591e-66	c15	HNRNPA1
1.9636278572212e-70	1.39608275463667	0.178	0.089	6.58561510754847e-66	c15	FCHSD2
3.11091492084838e-70	1.2124368862355	0.201	0.105	1.04333864615413e-65	c15	AC007384.1
3.7783454233998e-70	3.55493125098994	0.018	0.002	1.26718148809983e-65	c15	VAV3-AS1
5.50039537978759e-70	1.40856510971536	0.121	0.05	1.84472260247316e-65	c15	RRAS2
2.40675301243337e-69	0.443646194245165	0.696	0.577	8.07176825309903e-65	c15	RBM8A
5.58605128451995e-69	0.195231625879124	0.944	0.878	1.8734498798023e-64	c15	MT-ATP8
4.72730936571148e-68	0.666416476746964	0.526	0.405	1.58544501507232e-63	c15	RSL24D1
1.01327215447113e-67	2.2012435610768	0.079	0.027	3.39831215166526e-63	c15	SLC9A7
1.31630917764405e-67	1.13786812682391	0.232	0.132	4.4146377199826e-63	c15	STX5
2.13477106360423e-67	1.34564178259275	0.122	0.051	7.15959519311587e-63	c15	GPR18
4.02225979499821e-67	1.49689412604424	0.144	0.067	1.3489854900465e-62	c15	SNX29
1.11238675027997e-65	2.87605138756339	0.025	0.004	3.73072268308895e-61	c15	CNR1
1.13891244942264e-65	0.961775084368478	0.268	0.16	3.81968457287365e-61	c15	NCOA3
5.57784011839247e-65	1.41629979595619	0.163	0.081	1.87069601890647e-60	c15	ZBTB10
1.24207396358732e-64	0.94234083214348	0.269	0.161	4.16566765907915e-60	c15	DENND4A
5.70777230624965e-64	2.71358686603541	0.038	0.009	1.91427267607001e-59	c15	MEF2C-AS1
5.82921857345211e-64	3.53849687121879	0.021	0.003	1.95500332516437e-59	c15	C12orf74
2.76872609039455e-63	0.868474081738308	0.277	0.166	9.28575356196526e-59	c15	ZBTB20
3.53735372004025e-63	0.342277762240753	0.843	0.766	1.1863576906271e-58	c15	YWHAZ
4.94409465086698e-63	2.43053677136961	0.043	0.01	1.65815046400777e-58	c15	UGT8
1.32978171448264e-62	1.20116090554234	0.202	0.111	4.45982191403187e-58	c15	MTMR6
2.25821933053252e-62	0.947891638929938	0.228	0.13	7.57361599073996e-58	c15	EBLN3P
8.58773756188272e-62	0.898579696460254	0.254	0.151	2.88015542350423e-57	c15	GGA2
1.22792903956544e-61	0.380732513625042	0.768	0.632	4.11822841289456e-57	c15	SERP1
4.57952664214536e-61	3.89028773215112	0.01	0.001	1.53588164524271e-56	c15	SYN3
5.93784465045911e-61	1.01025525301588	0.259	0.158	1.99143433887098e-56	c15	RASGEF1B
6.31428902462955e-61	0.87211637106053	0.275	0.168	2.11768625308026e-56	c15	INPP5D
4.93931123274897e-60	0.186043574817517	0.992	0.981	1.65654620123935e-55	c15	RPS24
5.42163038466218e-60	2.04624176965536	0.052	0.015	1.818306398408e-55	c15	ZNF891
1.76962504114538e-59	0.78503300992899	0.264	0.158	5.93496846299336e-55	c15	EPB41L4A-AS1
2.70619453121356e-59	1.47999122381719	0.151	0.076	9.07603521878405e-55	c15	NRROS
2.78227816377196e-59	1.74797822559011	0.108	0.047	9.3312045056584e-55	c15	HDAC9
5.36879065280087e-59	1.15238032042026	0.223	0.131	1.80058500913636e-54	c15	WASHC4
6.78746664625858e-59	1.55073318994553	0.098	0.04	2.2763805638222e-54	c15	SEMA7A
7.23302165285269e-59	1.16758343839502	0.192	0.106	2.42581080193373e-54	c15	PIP4P1
7.32919676103091e-59	2.49509454976831	0.032	0.007	2.45806600971455e-54	c15	LCN10
1.33683640229447e-58	0.379182724718814	0.655	0.505	4.48348192601519e-54	c15	LIMD2
1.375377827205e-58	2.52780260350023	0.055	0.016	4.61274215688014e-54	c15	DENND5B
2.66929253084576e-58	2.22490334933797	0.046	0.013	8.95227328995051e-54	c15	AC022167.3
3.60056134159441e-58	0.528606634056862	0.399	0.272	1.20755626274393e-53	c15	TSPYL2
6.27898860186326e-58	1.11498232788411	0.221	0.128	2.1058471972929e-53	c15	KLF3
6.56927473267314e-58	0.693621016855307	0.389	0.274	2.20320335984392e-53	c15	DDX39A
9.05000440442355e-58	1.70719181202342	0.078	0.029	3.03519047715557e-53	c15	P2RX5
1.84743357465622e-57	0.711830887139659	0.378	0.263	6.19592272268202e-53	c15	TRA2A
3.73918950542735e-57	2.81522844026767	0.028	0.005	1.25404937633023e-52	c15	AL158850.1
8.82078842187471e-56	0.668936876034746	0.373	0.258	2.95831602092834e-51	c15	FOXP1
1.01815400431947e-55	0.76252230870864	0.362	0.255	3.41468489968665e-51	c15	EIF2S3
1.91868568752145e-55	0.969566519691031	0.192	0.106	6.43488805880944e-51	c15	AC025164.1
4.03244696700306e-55	1.14779503775534	0.12	0.054	1.35240206379349e-50	c15	S1PR1
2.40730768883419e-54	1.16914517015336	0.175	0.095	8.07362852681211e-50	c15	DMXL1
3.17671175450647e-54	0.391294462229362	0.796	0.686	1.06540558822638e-49	c15	PPP1R15A
3.21381956985056e-54	2.638267819018	0.033	0.007	1.07785080733648e-49	c15	PEG10
3.68813284944467e-54	0.779646511712201	0.286	0.181	1.23692599504675e-49	c15	ATP2A3
5.11697492638008e-54	0.460772290350232	0.42	0.295	1.71613105080935e-49	c15	BIRC3
5.01975251808855e-53	2.91418348569034	0.024	0.004	1.68352459951654e-48	c15	MARC2
5.61258552101868e-53	2.21509379807517	0.043	0.012	1.88234893203924e-48	c15	ZNF595
5.64702365757279e-53	1.10524653835549	0.179	0.099	1.89389879427676e-48	c15	KLHL24
7.3646670626684e-53	1.57763838843969	0.117	0.055	2.46996203947773e-48	c15	TFEB
7.38950177435668e-53	0.600566155887806	0.294	0.184	2.47829110508374e-48	c15	SELL
8.84676126269504e-53	0.885368074085157	0.264	0.167	2.96702679228266e-48	c15	RARA
9.1349057015605e-53	0.763919180238892	0.317	0.214	3.06366467418936e-48	c15	SNHG7
2.14741046654525e-52	1.91090314573303	0.083	0.033	7.20198522269945e-48	c15	CPNE5
3.34203608353568e-52	1.04204544227803	0.197	0.113	1.1208520616962e-47	c15	ZCCHC7
4.5165763487434e-52	0.589130143004044	0.45	0.338	1.51476937584156e-47	c15	IFRD1
5.190658043536e-52	1.56005276939147	0.074	0.028	1.7408428946411e-47	c15	TCP11L2
8.86750119822852e-52	0.527791113806164	0.565	0.469	2.97398255186188e-47	c15	SNU13
1.17385661145491e-51	2.45178404586622	0.025	0.005	3.93688030349746e-47	c15	PCDH9
4.8623505292497e-51	0.996704097365992	0.215	0.128	1.63073512049976e-46	c15	SEL1L3
5.61252454759763e-51	2.42035286086191	0.034	0.008	1.88232848277329e-46	c15	RGMB
8.89883528518431e-51	2.87570698867844	0.017	0.003	2.98449137794511e-46	c15	ESAM
2.04781593209204e-50	2.66746988654608	0.023	0.004	6.86796507305028e-46	c15	CYGB
2.12796214424533e-50	0.716982747385902	0.413	0.311	7.13675943936997e-46	c15	PTP4A1
3.42241126786916e-50	2.92713664777853	0.023	0.004	1.14780829101796e-45	c15	MACROD2
3.45215262954468e-50	0.831932665535034	0.231	0.139	1.15778294889669e-45	c15	OFD1
4.57150782841489e-50	1.15353185704453	0.155	0.082	1.53319229549379e-45	c15	VCPKMT
8.5883388470179e-50	0.794082488293056	0.228	0.135	2.88035708251286e-45	c15	RBM38
8.84307203965417e-50	1.03393610987473	0.206	0.123	2.96578950065922e-45	c15	CCDC50
9.65869169974448e-50	1.41814994547036	0.083	0.033	3.2393320222603e-45	c15	BTLA
1.89002501215158e-49	2.80866068806228	0.031	0.007	6.33876588575398e-45	c15	APBB2
2.43265908041482e-49	1.29850678777045	0.15	0.08	8.15865202389522e-45	c15	METTL21A
4.61125670954528e-49	0.499043167620425	0.521	0.41	1.5465232752473e-44	c15	MT-ND6
6.40783521285594e-49	1.14313340981099	0.173	0.096	2.14905977368762e-44	c15	KLHL18
9.97720626593576e-49	1.52129436823276	0.085	0.036	3.34615543746954e-44	c15	KAT2A
1.21034541638026e-48	3.20134557519818	0.017	0.003	4.05925645745612e-44	c15	PLEKHG7
1.44518804518507e-48	1.05995725484296	0.161	0.087	4.8468716659417e-44	c15	NFATC1
1.94843973884706e-48	1.42641262392669	0.136	0.071	6.53467719614529e-44	c15	CHPT1
2.60676497682738e-48	0.294161672647657	0.786	0.695	8.74256837928365e-44	c15	CIRBP
3.37979571395774e-48	1.74436800413844	0.052	0.017	1.13351588654715e-43	c15	PTPRK
3.97846047569709e-48	3.67199921131595	0.01	0.001	1.33429607433929e-43	c15	ESPNL
5.30557338596871e-48	0.667239348315345	0.331	0.227	1.77938320218619e-43	c15	ISCA1
7.87956587877034e-48	1.04425236145109	0.169	0.094	2.642648804422e-43	c15	MTSS1
1.19384400163854e-47	1.40115469847795	0.14	0.074	4.00391401269535e-43	c15	EAF2
3.06999723075991e-47	1.17753228820233	0.203	0.124	1.02961567125226e-42	c15	FAM49A
3.0769568887727e-47	0.696021479282194	0.338	0.238	1.03194980135659e-42	c15	FBL
4.85237815234336e-47	0.856210214533435	0.143	0.073	1.62739058473292e-42	c15	SYNGR1
9.35922996463495e-47	3.00973759632527	0.019	0.003	3.13889854553927e-42	c15	KCNH8
1.14831148314078e-46	1.49720147213361	0.089	0.038	3.85120705215754e-42	c15	ZNF141
1.20668981048013e-46	1.36312551095901	0.109	0.051	4.04699628638826e-42	c15	QRSL1
1.23414424020054e-46	1.20575056914288	0.067	0.025	4.13907295278456e-42	c15	FXYD7
1.39626180544535e-46	0.241952563054964	0.753	0.642	4.68278284310263e-42	c15	SRSF7
2.06221611264924e-46	2.81184145353258	0.02	0.004	6.91626039860304e-42	c15	AL662796.1
2.17729585879534e-46	0.239796619651787	0.741	0.635	7.3022148512278e-42	c15	HSPE1
2.68127137783516e-46	2.47427780724131	0.028	0.006	8.99244794698354e-42	c15	TTC21A
4.62651010535124e-46	1.96720944384977	0.029	0.007	1.5516389591327e-41	c15	ALPL
6.72512676289974e-46	1.31443304834706	0.151	0.083	2.25547301374131e-41	c15	CIITA
6.72551931962482e-46	2.8429588788262	0.02	0.003	2.25560466941577e-41	c15	SYT1
8.01466379339268e-46	0.477253941708205	0.53	0.42	2.68795794302804e-41	c15	CMTM6
1.63742596303332e-45	0.309778429548159	0.65	0.514	5.49159919482114e-41	c15	ISG20
1.83788828923459e-45	0.884672979289085	0.255	0.167	6.16390974443497e-41	c15	LAT2
1.97032993720181e-45	0.37702834215204	0.613	0.515	6.60809254338744e-41	c15	RPS10
7.04299056169175e-45	0.53263338486543	0.605	0.514	2.36207817458018e-40	c15	SQSTM1
7.10460230317027e-45	3.14934903202538	0.017	0.003	2.38274152043725e-40	c15	SHISA8
7.30854413219593e-45	0.412844178611537	0.569	0.458	2.45113953105587e-40	c15	KMT2E
1.28455611818059e-44	0.399375783590612	0.625	0.527	4.30814430915407e-40	c15	EIF4A2
1.29817603718629e-44	1.07075915603591	0.178	0.104	4.35382279351538e-40	c15	NAF1
1.34981184037757e-44	0.683274347349633	0.335	0.237	4.52699895025829e-40	c15	RNMT
1.78644194153708e-44	1.40243014366758	0.133	0.07	5.99136898352706e-40	c15	RRM2B
2.27182093586667e-44	1.36444348104014	0.106	0.051	7.61923305470962e-40	c15	STRBP
6.67752679852419e-44	1.15070656212385	0.11	0.053	2.23950893768904e-39	c15	SMAD3
1.10579392752986e-43	0.560242218506159	0.432	0.333	3.70861167414964e-39	c15	MAPK1IP1L
1.20179232656996e-43	1.46379845038148	0.098	0.046	4.03057110485034e-39	c15	SPPL2B
1.60750194448507e-43	0.450340167361694	0.474	0.369	5.39124002141403e-39	c15	TAGAP
1.90295336827584e-43	1.39926089654603	0.089	0.04	6.38212500652353e-39	c15	AC027097.1
3.77241774070918e-43	0.390468744665136	0.628	0.538	1.26519346187905e-38	c15	EIF3F
4.14345149371527e-43	2.69560079344045	0.025	0.006	1.38963076196223e-38	c15	LINC02202
4.89766935391531e-43	1.34070041081877	0.13	0.068	1.64258034791612e-38	c15	GOT1
5.07516350128346e-43	1.05721765057587	0.141	0.076	1.70210833506045e-38	c15	TGIF2
6.07896320113455e-43	0.461778656320633	0.533	0.439	2.03876267839651e-38	c15	UXT
6.68327052696888e-43	1.06945001591091	0.137	0.073	2.24143526933482e-38	c15	MAP4K2
2.52504571417317e-42	1.02326077730551	0.137	0.073	8.46849831619397e-38	c15	PRR7
2.57145531760068e-42	0.604445785670606	0.395	0.301	8.62414684416918e-38	c15	RSL1D1
3.6334046452144e-42	0.872973886960465	0.226	0.146	1.21857124991201e-37	c15	ADK
4.81573974391223e-42	0.406269510768568	0.57	0.471	1.61510279531328e-37	c15	EIF3H
6.54360478528276e-42	2.57059187144668	0.022	0.004	2.19459417288813e-37	c15	BTNL9
1.25231572657894e-41	1.41292176274221	0.07	0.028	4.20001648380045e-37	c15	CR1
3.01915503300045e-41	2.20489455858969	0.04	0.012	1.01256421496769e-36	c15	PAWR
3.47475637027504e-41	0.40931937417431	0.517	0.408	1.16536379146284e-36	c15	SRSF10
3.99676957049519e-41	0.337599356321265	0.528	0.406	1.34043657855268e-36	c15	STK17A
6.13346670944657e-41	1.41802866972179	0.107	0.053	2.05704206501419e-36	c15	CEPT1
7.72923026622201e-41	0.821398201776141	0.114	0.056	2.59222924668554e-36	c15	NCR3
1.22876589967548e-40	0.740821907062689	0.269	0.183	4.12103507433163e-36	c15	RAB11FIP1
1.78739773803436e-40	0.850297893068609	0.21	0.132	5.99457453381963e-36	c15	ZCCHC10
1.9116133891568e-40	0.783706410301868	0.277	0.191	6.41116898455409e-36	c15	BACH1
3.60853887855647e-40	0.431769453963101	0.471	0.361	1.21023176909027e-35	c15	HSPH1
3.85024062219925e-40	0.715139688233799	0.22	0.139	1.29129369987319e-35	c15	NGDN
6.18001229017378e-40	2.83336398093546	0.028	0.007	2.07265252187848e-35	c15	CHMP4C
8.34144896550996e-40	0.170624748360078	0.816	0.631	2.79755515405273e-35	c15	PTPRCAP
9.72865209514754e-40	0.517734255171717	0.423	0.327	3.26279533967058e-35	c15	RBMX
1.44385681100057e-39	1.7430103243651	0.039	0.012	4.8424069727337e-35	c15	AC027290.1
1.49722158164495e-39	1.60194583457065	0.067	0.028	5.02138174052083e-35	c15	PTK2
1.94964613779434e-39	0.841722120025223	0.235	0.154	6.53872321693466e-35	c15	USP36
2.79824042202645e-39	1.08822169770878	0.153	0.088	9.38473872739232e-35	c15	RRP12
3.06551617508431e-39	1.46128987725917	0.11	0.057	1.02811281479978e-34	c15	SESTD1
4.01531584552427e-39	0.817343040297339	0.175	0.103	1.34665662827193e-34	c15	HCG18
5.27216499572998e-39	1.25648102714354	0.144	0.082	1.76817869626792e-34	c15	GSAP
6.6678015680785e-39	0.789433755130517	0.166	0.096	2.23624728990217e-34	c15	FAM102A
1.0120273014709e-38	0.767956309381603	0.242	0.16	3.39413716367309e-34	c15	ZMYM2
1.07021678903567e-38	0.145586637775411	0.994	0.977	3.58929306706783e-34	c15	MT-CO1
1.47185459394103e-38	2.00756259541413	0.045	0.015	4.93630593715943e-34	c15	DNMBP
1.55992150620955e-38	1.05749331517356	0.212	0.136	5.23166474752559e-34	c15	ID3
1.88269785427828e-38	1.07250827477234	0.133	0.072	6.31419206367849e-34	c15	MAPK8IP3
1.95138799402749e-38	2.70542468907139	0.017	0.003	6.5445650543694e-34	c15	PRICKLE1
2.18231873546296e-38	0.301555136280711	0.747	0.672	7.31906057499566e-34	c15	SRSF5
2.68014468704597e-38	0.281014725529794	0.674	0.55	8.98866925141479e-34	c15	FOSB
2.76751114264039e-38	0.992098829917869	0.228	0.153	9.28167887018733e-34	c15	TOR3A
5.03083251997747e-38	2.0482882735752	0.03	0.008	1.68724061055004e-33	c15	COCH
1.04146532913462e-37	0.478291599533183	0.465	0.372	3.4928664208517e-33	c15	CHCHD10
1.05714278768567e-37	0.570782195103466	0.347	0.255	3.5454454813402e-33	c15	GTF2B
1.1829548150576e-37	1.24549826721112	0.129	0.071	3.96739385874019e-33	c15	MYC
2.42220694806936e-37	0.896376676852687	0.177	0.108	8.12359766243503e-33	c15	ITPR1
2.74606633664566e-37	2.21860502739987	0.025	0.006	9.20975727984223e-33	c15	AC104024.1
4.70129699025448e-37	0.719016359230244	0.219	0.142	1.57672098459155e-32	c15	RLF
4.77288909438743e-37	1.03357365631627	0.165	0.098	1.60073154447566e-32	c15	SIK1B
5.1236160784588e-37	0.239261846548825	0.813	0.741	1.71835836039351e-32	c15	COMMD6
5.42964451324585e-37	2.80844446213711	0.019	0.004	1.82099417685239e-32	c15	AC246787.2
8.12234657340517e-37	1.02194985517401	0.129	0.07	2.72407259378863e-32	c15	PIGB
1.01650929756933e-36	0.405793617261992	0.448	0.346	3.40916888218803e-32	c15	SEPT9
1.94983031896964e-36	0.39211399079931	0.561	0.466	6.53934092376036e-32	c15	BTG2
2.05074941556838e-36	0.978709532576629	0.137	0.077	6.87780338993322e-32	c15	DGKD
2.20220291503205e-36	1.32985020653459	0.134	0.076	7.38574813643448e-32	c15	FAM210A
5.28836693807208e-36	1.9682201012036	0.025	0.006	1.77361250369061e-31	c15	JAM3
5.4092652515606e-36	1.94675749785106	0.057	0.023	1.8141593800684e-31	c15	PPFIBP2
5.93405795751154e-36	1.5839353446359	0.083	0.039	1.99016435779022e-31	c15	SIPA1L3
6.45823071527601e-36	0.765078600389134	0.269	0.189	2.16596141728927e-31	c15	LMBRD1
6.76324256855475e-36	1.1362539033226	0.119	0.064	2.26825629264189e-31	c15	RABEP2
6.84776838746808e-36	0.330871681510724	0.544	0.443	2.29660456178904e-31	c15	STK4
1.3675778109155e-35	1.78071415086486	0.055	0.021	4.5865824622484e-31	c15	NUAK2
1.59569219922273e-35	0.122651773347645	0.953	0.86	5.35163249775319e-31	c15	MT-ND4
1.82432809759454e-35	0.758841105163881	0.244	0.167	6.11843157371258e-31	c15	RBM23
6.2893862526494e-35	1.7954508125346	0.031	0.009	2.10933436141356e-30	c15	CERNA1
9.23671078098908e-35	1.24749431790192	0.099	0.051	3.09780806172812e-30	c15	WEE1
1.1649824281148e-34	0.858205261638668	0.205	0.135	3.90711806741143e-30	c15	PWP1
2.90961698004417e-34	2.01238930593741	0.028	0.008	9.75827342767215e-30	c15	CNKSR2
3.30709674957474e-34	0.950419473098307	0.149	0.088	1.10913410787238e-29	c15	SREBF2
4.09218255609507e-34	1.01554640240525	0.204	0.137	1.37243618566316e-29	c15	STX7
6.84118481852774e-34	1.75470741630281	0.034	0.01	2.29439656443783e-29	c15	CHRNA1
1.15242479205562e-33	0.295962981509795	0.606	0.506	3.86500226759614e-29	c15	CYTIP
1.18358732365694e-33	2.46190112593298	0.032	0.01	3.96951516608066e-29	c15	ACSM3
1.22915924140629e-33	0.455892688265413	0.484	0.401	4.12235426382843e-29	c15	POLD4
1.29768462385723e-33	0.629636470625374	0.392	0.312	4.35217469149238e-29	c15	DDX21
1.47686520468875e-33	2.93153284585148	0.016	0.003	4.95311052348514e-29	c15	SDK2
2.86899628540192e-33	3.23795421070791	0.011	0.002	9.62203974198096e-29	c15	AC019197.1
4.72035565921865e-33	1.79547659499656	0.034	0.011	1.58311288098875e-28	c15	EPB41L5
5.94346805123641e-33	2.09278803558462	0.025	0.006	1.99332031502367e-28	c15	ZNF154
6.56975314662258e-33	1.7814647093558	0.053	0.021	2.20336381031428e-28	c15	PIP5K1B
7.03111238194514e-33	1.01369063100431	0.115	0.062	2.35809447065676e-28	c15	ZHX2
9.28466849952099e-33	0.450694357994295	0.484	0.397	3.11389212136935e-28	c15	WSB1
2.24342481764433e-32	2.45866132254392	0.022	0.005	7.52399815341556e-28	c15	ZNF670-ZNF695
2.25798772163107e-32	0.688772272632251	0.225	0.151	7.5728392208063e-28	c15	TUT4
3.26766945867677e-32	1.01146104185768	0.139	0.082	1.09591098305102e-27	c15	CLECL1
4.31715298511601e-32	1.44674125507261	0.089	0.045	1.44788676814821e-27	c15	HHEX
1.42748920206937e-31	0.269813957398727	0.729	0.648	4.78751328590024e-27	c15	RPL23
1.91816951075574e-31	0.654693424764945	0.281	0.205	6.43315690517259e-27	c15	MED30
2.13277940107271e-31	1.22440121931608	0.061	0.026	7.15291555531765e-27	c15	FXYD1
3.80416537584364e-31	0.775505414917138	0.168	0.105	1.27584098375044e-26	c15	TSPYL1
6.09993496224118e-31	1.23723641269953	0.092	0.048	2.04579618763645e-26	c15	SMPD2
6.70094824402482e-31	1.8400969954797	0.047	0.019	2.24736402208104e-26	c15	CBFA2T3
1.32148266897642e-30	0.628813586235468	0.319	0.243	4.43198857521312e-26	c15	CSNK1D
2.25118749054639e-30	3.21374068349214	0.013	0.002	7.55003260579449e-26	c15	CNTNAP2
2.26001557836793e-30	0.889596812795849	0.209	0.143	7.57964024673036e-26	c15	USP12
3.14208950316909e-30	2.04681871122335	0.025	0.007	1.05379397757285e-25	c15	ZNF165
3.17747272292472e-30	0.849883473281208	0.195	0.13	1.06566080181449e-25	c15	STAT6
3.91088830233263e-30	2.69599967266797	0.017	0.004	1.31163371883632e-25	c15	AP001059.3
6.76698026995891e-30	0.949577673888947	0.135	0.08	2.26950984293882e-25	c15	MARCH3
1.21594647556923e-29	2.56699690925068	0.012	0.002	4.07804128976407e-25	c15	ZDHHC19
1.48889594444383e-29	0.776200315086654	0.232	0.163	4.99345921847573e-25	c15	MKNK2
1.62338204180261e-29	0.980212257502551	0.137	0.082	5.44449869179759e-25	c15	PRKD3
2.89109164075535e-29	0.363749206639596	0.509	0.434	9.6961431447653e-25	c15	TOMM20
2.98515223049472e-29	0.397143004116538	0.459	0.374	1.00116035506332e-24	c15	CCND3
3.2134079109974e-29	0.951416445299844	0.172	0.112	1.07771274519031e-24	c15	RIC1
3.35788494504982e-29	2.61917335159263	0.01	0.001	1.12616745287081e-24	c15	ZNF667
3.78348717882264e-29	0.414793305925071	0.34	0.258	1.26890593003354e-24	c15	ATP2B1
8.412663509854e-29	0.572503090043731	0.268	0.192	2.82143908793483e-24	c15	ATF7IP
8.83686712361192e-29	0.377730237041312	0.201	0.129	2.96370849591696e-24	c15	PLAC8
1.09302154669241e-28	0.574364269259398	0.185	0.119	3.665775663297e-24	c15	TRAF5
1.615025248034e-28	0.702373269281526	0.164	0.103	5.41647167685642e-24	c15	TMEM154
1.72926240596002e-28	0.224400637680796	0.802	0.729	5.79960025710872e-24	c15	CCNI
2.22341542560396e-28	0.811888601976051	0.171	0.111	7.45689065439056e-24	c15	BRAF
5.01404495481605e-28	1.13555046015786	0.107	0.06	1.68161039694621e-23	c15	HAGHL
5.23821545778624e-28	0.381489315570801	0.366	0.282	1.75679270023235e-23	c15	MED10
6.0191995425828e-28	1.15448548190124	0.126	0.075	2.01871914259142e-23	c15	RNGTT
6.2401126233047e-28	0.569707621183359	0.292	0.22	2.09280897160393e-23	c15	C7orf50
6.59327169431121e-28	0.288543120134543	0.64	0.567	2.21125146083809e-23	c15	SELENOK
7.7937878800075e-28	0.803266311860453	0.21	0.148	2.61388057919691e-23	c15	IMPDH2
8.32217039168541e-28	0.45980241079695	0.387	0.307	2.79108950596345e-23	c15	CCNH
1.38536313455679e-27	0.464346617520468	0.376	0.299	4.64623088067656e-23	c15	ELOVL5
1.67941536084245e-27	0.379758333172909	0.497	0.42	5.63242323719341e-23	c15	ERP29
1.79703297796478e-27	2.59200539339931	0.02	0.005	6.02688920149828e-23	c15	COL4A4
2.27332872438903e-27	1.44432863079829	0.077	0.039	7.62428987585591e-23	c15	MIR29B2CHG
2.50360993841416e-27	1.28449522353158	0.076	0.038	8.39660701145341e-23	c15	FARP2
2.52470815615648e-27	0.590362434599503	0.253	0.183	8.46736621411759e-23	c15	BBX
2.89904718385182e-27	1.25992194317035	0.063	0.029	9.72282444520224e-23	c15	SETBP1
3.31355757317726e-27	1.95929156321126	0.032	0.011	1.11130093889219e-22	c15	GPR146
3.74343251519548e-27	1.4560125732293	0.094	0.052	1.25547239694626e-22	c15	FGD2
4.11322660679692e-27	0.443998968236162	0.551	0.479	1.37949393938755e-22	c15	UCP2
5.27549821517434e-27	0.713964067728524	0.266	0.201	1.76929659140517e-22	c15	SMARCB1
5.93467909851315e-27	0.508737782447662	0.252	0.177	1.99037267605934e-22	c15	RIPOR2
6.89390409009707e-27	0.334993342926948	0.37	0.283	2.31207755373675e-22	c15	TRIM22
7.05348366919262e-27	0.434261669134361	0.408	0.332	2.36559735297382e-22	c15	RSRC2
8.21283221106534e-27	2.72037390460511	0.011	0.002	2.75441966694709e-22	c15	AC087071.1
1.06044645281432e-26	2.06368477663911	0.024	0.007	3.55652531344865e-22	c15	TRPV3
1.31112356105512e-26	0.839871454227094	0.224	0.161	4.39724619906665e-22	c15	IL4R
1.4310334607461e-26	1.65072099687888	0.044	0.018	4.79940002065027e-22	c15	P2RY14
1.69821448914036e-26	0.681127250022795	0.219	0.154	5.69547175367893e-22	c15	TINF2
1.74133539715259e-26	0.62793425811971	0.243	0.174	5.84009065497036e-22	c15	PPM1K
2.20233389666442e-26	0.581627115167178	0.281	0.212	7.38618742263314e-22	c15	WBP11
4.14739818013901e-26	0.708131971436481	0.227	0.162	1.39095440165502e-21	c15	PRKCB
6.33551444846505e-26	0.350611601155408	0.5	0.428	2.12480483572621e-21	c15	RPS20
7.38111183759204e-26	0.64843612422333	0.243	0.176	2.47547728809162e-21	c15	DCK
8.16751554796339e-26	0.726798143018959	0.194	0.133	2.73922136447596e-21	c15	FAM53C
8.35242697649061e-26	1.05539273146728	0.083	0.044	2.80123695937542e-21	c15	TRIM39
9.21152673505601e-26	1.02490912510966	0.131	0.082	3.08936183640308e-21	c15	C9orf72
1.09051896910904e-25	1.16123426536089	0.062	0.03	3.6573825185979e-21	c15	ZDBF2
1.66427368496789e-25	1.53248447118496	0.043	0.018	5.58164108464531e-21	c15	ANKRD33B
1.68132241365603e-25	0.744817789072483	0.161	0.105	5.6388191109196e-21	c15	KDM4C
1.75667945997672e-25	0.288990932176295	0.596	0.521	5.89155157286991e-21	c15	FUS
1.79297138514378e-25	0.577502551530659	0.304	0.234	6.01326743149522e-21	c15	ITSN2
2.13777872558242e-25	1.03408395004665	0.288	0.225	7.16968228985831e-21	c15	ZNRD1
2.83619669014096e-25	0.238836729428138	0.356	0.269	9.51203645939476e-21	c15	PIM2
3.68308073948045e-25	1.4471861737863	0.065	0.032	1.23523161840695e-20	c15	PRKCE
4.07877260979609e-25	2.20577954282544	0.014	0.003	1.36793875787341e-20	c15	GUCY2C
4.08620439894672e-25	0.177227991707026	0.814	0.728	1.37043123131875e-20	c15	HSP90AB1
4.57617896109361e-25	0.606365741335843	0.282	0.216	1.53475889997157e-20	c15	TTC3
4.75958609621124e-25	1.373985171337	0.083	0.045	1.59626998494732e-20	c15	CASP9
5.53739566115648e-25	2.27236960493226	0.028	0.01	1.85713175683866e-20	c15	NIPSNAP3B
8.93662616507047e-25	2.73689460590415	0.013	0.003	2.99716568324133e-20	c15	AC133065.1
1.11582440091252e-24	2.62228213092758	0.019	0.005	3.7422518757804e-20	c15	AC025569.1
1.19949198003321e-24	2.3940668471675	0.012	0.002	4.02285620263539e-20	c15	SLC38A11
1.24411522664548e-24	0.980801718496951	0.132	0.083	4.17251364712361e-20	c15	PXK
1.53042931427294e-24	0.146513098627448	0.645	0.57	5.13275383420859e-20	c15	DNAJA1
1.87719992121585e-24	1.27054457038449	0.105	0.062	6.29575309577371e-20	c15	KLHL5
1.90591554335637e-24	1.73107500932727	0.057	0.027	6.39205954930859e-20	c15	ICOSLG
2.34469243421311e-24	1.10062334206823	0.093	0.053	7.86362948586392e-20	c15	CYSLTR1
2.38043480982194e-24	0.504376279777835	0.198	0.137	7.98350226518082e-20	c15	CALHM6
2.60354783681986e-24	2.07485168687248	0.023	0.007	8.73177873512643e-20	c15	FAM167A
3.16191764335517e-24	1.32168705470356	0.062	0.03	1.06044393922846e-19	c15	P2RX1
5.45615813494306e-24	1.83709949948365	0.017	0.005	1.8298863152972e-19	c15	MICU3
6.49057847291114e-24	1.79631595843962	0.026	0.009	2.17681020824494e-19	c15	HMGA1P4
7.59115843839041e-24	0.319358604699694	0.698	0.62	2.54592271706738e-19	c15	ATP6V0C
8.61723289826391e-24	2.09844965291632	0.04	0.017	2.89004756941975e-19	c15	GAB1
9.29357607903495e-24	0.304550614908231	0.524	0.451	3.11687954538674e-19	c15	UBXN1
1.03888089212442e-23	0.404728533186399	0.373	0.3	3.48419873600687e-19	c15	NSD3
1.17791912368215e-23	0.352283230621321	0.392	0.316	3.95050515700521e-19	c15	ARID5A
1.23569446227868e-23	1.11105431913308	0.143	0.095	4.14427208759022e-19	c15	SNX8
1.44300116441263e-23	1.90936514194516	0.021	0.006	4.83953730520708e-19	c15	HTR3A
1.79400728705796e-23	0.919771603420307	0.097	0.056	6.01674163933497e-19	c15	POLR1C
2.54347853289892e-23	2.74313539309547	0.011	0.002	8.53031830363641e-19	c15	LINC01725
2.63371114082815e-23	1.17120766729307	0.053	0.024	8.83294042410946e-19	c15	ZMAT1
2.89305203276398e-23	0.562889843618821	0.167	0.11	9.70271790748385e-19	c15	P2RY10
5.0059581613319e-23	0.455346802754561	0.233	0.167	1.67889824814749e-18	c15	SYTL1
5.27440499937937e-23	0.405448969205759	0.333	0.261	1.76892994869185e-18	c15	DDX3Y
5.82964909091427e-23	1.89127902693648	0.025	0.008	1.95514771211083e-18	c15	CNN3
8.51222944343728e-23	0.716854097500414	0.185	0.129	2.85483151074e-18	c15	PAF1
8.70597835028075e-23	2.04731534371474	0.024	0.008	2.91981101911716e-18	c15	EFCAB13
9.5913137395618e-23	0.981279443550231	0.145	0.096	3.21673480197423e-18	c15	DENND3
9.68032826495529e-23	1.43214440285896	0.045	0.02	3.24658849350071e-18	c15	ZDHHC14
1.25645658104469e-22	2.11467332872822	0.018	0.005	4.21390408150766e-18	c15	IGSF22
1.54857347220247e-22	0.317733366421841	0.589	0.531	5.19360571107266e-18	c15	EIF5
2.80821402047788e-22	0.671311367207614	0.179	0.124	9.41818818187873e-18	c15	USP11
3.93964043506548e-22	2.08767921693126	0.033	0.013	1.32127660911226e-17	c15	AC104699.1
4.33818954433551e-22	0.92934034341586	0.112	0.069	1.45494200937924e-17	c15	AGPAT5
4.54687507364056e-22	0.698842304895569	0.219	0.162	1.52493096219757e-17	c15	USP8
5.34661070052092e-22	0.610096889193353	0.165	0.111	1.79314629674071e-17	c15	PDE7A
6.04505015581846e-22	1.55766604830119	0.039	0.017	2.02738892125839e-17	c15	CYP2U1
6.21359328045406e-22	0.310704087483024	0.459	0.391	2.08391491439868e-17	c15	EMD
6.28855439098486e-22	0.787404299148495	0.168	0.116	2.1090553716485e-17	c15	SINHCAF
6.59819546835569e-22	0.829843138424713	0.116	0.072	2.21290279617713e-17	c15	CYP51A1
6.71746337354076e-22	0.72469791540604	0.196	0.141	2.2529028662181e-17	c15	SH3BP5
8.32618735818697e-22	1.34963864701426	0.052	0.025	2.79243671618875e-17	c15	EFHC1
8.73687967526745e-22	1.77086992849262	0.044	0.02	2.9301747054912e-17	c15	TCTN1
1.09085943553573e-21	0.605636297306298	0.204	0.147	3.65852437489973e-17	c15	ELMO1
1.2763509923351e-21	0.994098279423955	0.131	0.085	4.28062595809345e-17	c15	DAPP1
1.37997273394747e-21	2.51668654146227	0.013	0.003	4.62815255511304e-17	c15	AP001636.3
1.51107280888969e-21	1.18234782956595	0.076	0.042	5.06783598645424e-17	c15	NUP88
1.54600470666704e-21	0.646680018566361	0.143	0.094	5.18499058521992e-17	c15	NEK1
1.84875948966539e-21	2.06731914300553	0.029	0.011	6.20036957643977e-17	c15	CCSER1
2.49620586338097e-21	0.830316067753844	0.177	0.126	8.3717752246071e-17	c15	AP1B1
2.9418094232466e-21	0.423491142768842	0.315	0.246	9.86624044368445e-17	c15	LDLRAD4
3.13794426421723e-21	1.37973203587269	0.047	0.022	1.05240374733317e-16	c15	FAM117B
3.20105501360547e-21	1.59864622883947	0.033	0.013	1.073569830463e-16	c15	RIMKLB
3.29101493441557e-21	0.868737745096929	0.155	0.105	1.10374058870429e-16	c15	CCDC6
3.85136446149366e-21	0.981483222181869	0.114	0.071	1.29167061309574e-16	c15	ZNF791
4.43771783306514e-21	0.450452923469574	0.273	0.208	1.48832180685339e-16	c15	TNRC6B
4.90759131968104e-21	1.01796426371119	0.097	0.058	1.64590797679463e-16	c15	GRWD1
5.48811537730125e-21	0.343598643817121	0.442	0.376	1.84060413523929e-16	c15	PAPOLA
6.79031509080564e-21	1.03886842153641	0.08	0.045	2.2773358751544e-16	c15	SLC37A1
6.89571629153616e-21	1.28603523337216	0.07	0.038	2.3126853298554e-16	c15	STRADB
7.60787043284447e-21	0.819441345230703	0.158	0.109	2.55152758576738e-16	c15	SLC25A33
7.71242064873647e-21	1.26934203929232	0.042	0.018	2.58659163717324e-16	c15	ZSCAN18
8.14250919224516e-21	0.818328577322555	0.176	0.127	2.73083473289518e-16	c15	SCPEP1
8.78459709601765e-21	0.308496388864235	0.618	0.545	2.9461781740624e-16	c15	JUND
8.79521832676875e-21	0.519370630224772	0.255	0.194	2.9497403224317e-16	c15	PIAS1
9.61367875603649e-21	0.390130665197775	0.409	0.348	3.22423558119952e-16	c15	PHB2
1.30370134241531e-20	0.655410884982499	0.201	0.146	4.37235356219247e-16	c15	NGRN
1.46370265376336e-20	0.509604845154352	0.263	0.202	4.90896596019155e-16	c15	NXT1
1.94425684692431e-20	0.808468725698756	0.12	0.076	6.52064861321475e-16	c15	MEPCE
2.47773536579839e-20	1.55511182633738	0.035	0.014	8.30982886981464e-16	c15	AC010226.1
2.74066447804988e-20	2.18794651454562	0.014	0.003	9.19164052648368e-16	c15	OXT
2.84102339430368e-20	0.155104175374895	0.944	0.867	9.52822425981568e-16	c15	RPS2
3.338601255231e-20	1.37612500051687	0.041	0.018	1.11970008897937e-15	c15	PIK3C2B
7.56602259911707e-20	1.62081966557893	0.025	0.009	2.53749265929188e-15	c15	SNED1
8.40224605422108e-20	0.276709908659358	0.669	0.604	2.81794528166467e-15	c15	SLC25A3
9.34696742709607e-20	1.10984395346082	0.053	0.026	3.13478593569948e-15	c15	DDX47
1.40033117473921e-19	1.57252173722957	0.026	0.009	4.69643069384035e-15	c15	CDK5R1
1.49246732829778e-19	0.828279252440531	0.108	0.067	5.00543692564511e-15	c15	ZNF431
1.73424886266899e-19	0.363361371076993	0.407	0.345	5.81632383561927e-15	c15	NSA2
1.80529725365535e-19	0.541492716639201	0.292	0.235	6.0546059293093e-15	c15	AFF4
2.42077508037099e-19	1.65875546856926	0.024	0.008	8.11879546454824e-15	c15	PNPLA7
3.01251402537077e-19	0.669835581803545	0.187	0.136	1.01033695382885e-14	c15	DDX27
4.0629359024321e-19	0.248381668632638	0.652	0.59	1.36262744295768e-14	c15	RBM3
9.80574629493822e-19	0.600219973527264	0.272	0.213	3.28865119239638e-14	c15	CHORDC1
1.00572847959378e-18	1.02181049311441	0.06	0.032	3.37301217486162e-14	c15	SLC2A11
1.07745292550101e-18	1.57795343166176	0.036	0.016	3.61356162154529e-14	c15	TPST1
1.42274921157278e-18	0.448605601105801	0.315	0.253	4.77161630577278e-14	c15	MYCBP2
2.01662860736188e-18	2.21752189822128	0.015	0.004	6.76336902337027e-14	c15	TIGD3
2.76233126043688e-18	0.498236447929982	0.189	0.136	9.2643065812532e-14	c15	LPIN1
2.86135652874015e-18	0.422346554614283	0.239	0.182	9.59641752608872e-14	c15	HBP1
2.94076884841905e-18	1.92277725207541	0.024	0.009	9.86275056382781e-14	c15	ZNF667-AS1
3.74241393388588e-18	1.11847360150913	0.079	0.047	1.25513078514665e-13	c15	SAV1
4.11379943333085e-18	1.00183337511918	0.113	0.074	1.3796860539505e-13	c15	SYVN1
4.30277838576678e-18	0.793447503513198	0.184	0.138	1.44306581501846e-13	c15	PARVB
4.43850211612776e-18	0.764318416545956	0.13	0.087	1.48858483970693e-13	c15	UBA7
4.71403612222017e-18	1.92608066681195	0.018	0.006	1.5809934346702e-13	c15	BEND4
4.74674894646388e-18	0.257007353192049	0.462	0.395	1.59196466166505e-13	c15	GPBP1
5.39514607168284e-18	0.954380947553398	0.126	0.085	1.80942408952099e-13	c15	RNF41
5.90523518691789e-18	0.487436525294838	0.355	0.3	1.98049777698852e-13	c15	CCDC107
7.66553219966946e-18	0.609643651977112	0.17	0.122	2.57086618912514e-13	c15	FBXW11
8.93964056145552e-18	1.41709957081093	0.034	0.015	2.99817665150095e-13	c15	GKAP1
1.44684549168758e-17	0.938155207471564	0.075	0.044	4.85243041002181e-13	c15	AEN
1.57661656771855e-17	0.527994669114764	0.217	0.164	5.28765664481446e-13	c15	CREBRF
1.6098824722617e-17	0.753033279071742	0.148	0.103	5.3992238354713e-13	c15	ARHGAP17
1.72266871584237e-17	0.431288671185199	0.308	0.249	5.77748633919215e-13	c15	SLBP
1.75802054944898e-17	1.59410989221933	0.037	0.017	5.896049318742e-13	c15	UBR5-AS1
2.00017080558437e-17	2.2857482278868	0.015	0.004	6.70817284776888e-13	c15	PPIL6
2.27733938689827e-17	0.689606061878316	0.185	0.137	7.63774083577943e-13	c15	MBNL2
2.64045812517274e-17	0.476197067084334	0.33	0.275	8.85556846020433e-13	c15	IRF2BP2
2.76926114315209e-17	0.687593817910044	0.143	0.099	9.28754802190346e-13	c15	GPR132
2.81558845279706e-17	0.180406938529918	0.589	0.523	9.44292055299078e-13	c15	ANAPC16
3.02219837456564e-17	1.29121885142659	0.053	0.028	1.01358489086182e-12	c15	TAPT1
3.16552904042074e-17	0.566499731223718	0.162	0.115	1.06165512957631e-12	c15	CCNT1
3.55131589517373e-17	1.66395075838546	0.016	0.005	1.19104032492336e-12	c15	MIR4422HG
3.57111004217591e-17	0.339537253947871	0.35	0.288	1.19767888594496e-12	c15	CHD1
3.66010100930804e-17	1.38489724983496	0.055	0.03	1.22752467650173e-12	c15	CDK14
3.73481549384598e-17	1.06701841376215	0.051	0.027	1.25258242032607e-12	c15	ZNF134
3.74808808045172e-17	0.904996996724877	0.067	0.037	1.2570337804219e-12	c15	PGAP1
4.04828751877455e-17	1.11286864731147	0.052	0.027	1.35771466804661e-12	c15	RUNDC1
4.78572816865784e-17	0.687917807613787	0.155	0.111	1.60503751320447e-12	c15	SP140L
5.064230262493e-17	0.87299582257011	0.078	0.046	1.6984415454349e-12	c15	RAB3IP
5.30320621577452e-17	0.721684177878186	0.113	0.074	1.77858930064646e-12	c15	ZNF107
5.3276673124658e-17	1.35472392565108	0.055	0.029	1.78679306325478e-12	c15	CLCN6
5.64062066052888e-17	0.269096442644623	0.335	0.268	1.89175135712818e-12	c15	SLC38A1
5.90490555748192e-17	0.652086653460834	0.125	0.084	1.98038722586829e-12	c15	ERO1B
8.59421997884132e-17	1.20975381446631	0.038	0.018	2.8823294965038e-12	c15	CTH
8.98944486475177e-17	0.704576013471648	0.141	0.098	3.01488001874045e-12	c15	LRMP
9.89178712464357e-17	0.428671284922632	0.275	0.218	3.31750756586296e-12	c15	SP110
1.38942197524454e-16	1.24048086811214	0.048	0.025	4.65984342057515e-12	c15	TIAM2
1.5232222252539e-16	0.357281246698697	0.369	0.311	5.10858269905653e-12	c15	HNRNPH3
1.55653695801393e-16	0.345960595428862	0.404	0.345	5.2203136497871e-12	c15	JMJD1C
1.82219818386092e-16	1.70996418502314	0.023	0.009	6.11128826903276e-12	c15	AC136475.5
1.90744177321341e-16	1.99160911660768	0.02	0.007	6.39717821900314e-12	c15	AC099524.1
2.35039723811992e-16	0.214827428957576	0.651	0.584	7.88276225720659e-12	c15	ZFP36L1
2.35465933239012e-16	1.27586147522263	0.069	0.04	7.89705646896997e-12	c15	SLC19A2
2.62153784999267e-16	1.83019707296256	0.022	0.008	8.79211364130542e-12	c15	EHD3
2.77620000822221e-16	0.269124362307475	0.838	0.798	9.31081958757565e-12	c15	KLF6
2.80591535864593e-16	1.2717105561101	0.053	0.028	9.41047892982672e-12	c15	SMAGP
3.07906371430035e-16	0.240533778351038	0.42	0.355	1.03265638850205e-11	c15	SP100
3.37170430315932e-16	0.994695132759073	0.097	0.062	1.13080218919357e-11	c15	SDE2
3.982166033459e-16	0.773951298985419	0.139	0.098	1.33553884430148e-11	c15	ANKRD13A
4.17101331627226e-16	1.12278832706634	0.091	0.058	1.39887444601139e-11	c15	CXXC5
4.35385600669671e-16	0.655463208451121	0.155	0.111	1.46019622752594e-11	c15	PLEKHF2
4.49658911458653e-16	1.36921510305432	0.042	0.021	1.50806605725003e-11	c15	AP1S3
4.50134655568509e-16	0.711476158288702	0.146	0.104	1.50966160784567e-11	c15	HMGCS1
5.74735642031846e-16	0.910660499507746	0.213	0.168	1.9275483962464e-11	c15	GLA
5.96474388604324e-16	0.296424999993526	0.37	0.313	2.00045580450118e-11	c15	AMD1
6.54880924466197e-16	0.932444430996914	0.106	0.071	2.19633964447473e-11	c15	GUCD1
6.5620635784423e-16	0.792060221803364	0.151	0.11	2.20078488293798e-11	c15	RABEP1
8.10841101070556e-16	1.52033386195904	0.029	0.012	2.71939888477043e-11	c15	NEK8
8.95554651806153e-16	1.46882610881823	0.02	0.007	3.00351119122747e-11	c15	AL109914.1
9.40675463713215e-16	0.282359021687974	0.492	0.425	3.15483737020138e-11	c15	HSPD1
1.10437288111368e-15	0.687262311740605	0.121	0.082	3.70384576867906e-11	c15	SMC6
1.12787505473949e-15	0.742006345985546	0.074	0.044	3.7826673585853e-11	c15	ZNF493
1.15351444430928e-15	1.09098122745985	0.122	0.085	3.86865674332445e-11	c15	UBE2E2
1.15577832084605e-15	1.98921001376826	0.025	0.01	3.8762493324535e-11	c15	AC087500.1
1.25434675098917e-15	2.38324551753058	0.011	0.003	4.20682813346748e-11	c15	ZNF860
1.31294146621267e-15	0.644671472093725	0.15	0.108	4.40334308938405e-11	c15	FCGR2B
1.49168453144263e-15	1.10697379732899	0.064	0.037	5.00281158155228e-11	c15	AIM2
1.58732936155103e-15	0.429598156722846	0.31	0.258	5.32358521276983e-11	c15	PNRC2
1.66574765921852e-15	0.59109978658694	0.309	0.259	5.58658449948707e-11	c15	PELI1
1.74262393181906e-15	1.04329438942951	0.058	0.033	5.84441214253477e-11	c15	IMMP2L
1.75484123800219e-15	0.404645645834622	0.373	0.32	5.88538654401175e-11	c15	RHOB
1.93060323853035e-15	0.599647095710601	0.176	0.131	6.47485714138307e-11	c15	SYS1
2.13025507744328e-15	0.311098169949309	0.338	0.28	7.14444947872928e-11	c15	TAF7
2.13025766499658e-15	0.444624724753911	0.262	0.211	7.14445815686554e-11	c15	CNOT1
4.13323284009772e-15	0.821417075879969	0.136	0.097	1.38620362991197e-10	c15	RASSF2
5.11658856184919e-15	2.16513564555589	0.013	0.004	1.71600147187298e-10	c15	DNAH8
6.55856156588454e-15	0.753501057667833	0.082	0.051	2.19961037796636e-10	c15	KPNA5
7.58885823498835e-15	1.90715672859309	0.014	0.004	2.54515127485039e-10	c15	KIAA0895
8.05518133083009e-15	1.40000183243078	0.028	0.012	2.7015467147338e-10	c15	CNFN
1.01428322427178e-14	1.53109738198663	0.045	0.024	3.4017030775627e-10	c15	SEMA4B
1.01958506115929e-14	2.10767349578947	0.013	0.004	3.41948437811601e-10	c15	AL031728.1
1.09942005058892e-14	1.55119967666753	0.039	0.019	3.68723496566511e-10	c15	RASSF6
1.24841419083943e-14	2.33255775104815	0.016	0.005	4.18693151323728e-10	c15	NSUN7
1.27556212370296e-14	0.586014878808985	0.109	0.073	4.27798025047498e-10	c15	CSKMT
1.30342982629123e-14	0.211545148810209	0.684	0.625	4.37144295141553e-10	c15	UQCRH
1.48944589453356e-14	0.76687957370445	0.082	0.052	4.99530364108665e-10	c15	AL392172.1
1.70203521562207e-14	0.980846165890993	0.072	0.044	5.70828570615331e-10	c15	ZNF296
1.99020975717497e-14	1.42191033543141	0.024	0.01	6.6747654836134e-10	c15	FBXO10
2.07701285304935e-14	1.59486619385151	0.023	0.009	6.9658857065569e-10	c15	LINC01679
2.08864236666938e-14	0.349838605539207	0.343	0.292	7.00488876933577e-10	c15	EIF3D
2.2944722861632e-14	0.396177754121121	0.302	0.247	7.69520115333414e-10	c15	CEMIP2
2.34725952512043e-14	2.24479308006032	0.012	0.003	7.87223899534889e-10	c15	TREML2
2.3941040149661e-14	2.34259321949001	0.011	0.003	8.02934604539329e-10	c15	STK33
2.50120983027889e-14	0.985217082833577	0.011	0.003	8.38855752878932e-10	c15	IGKV1-8
2.54767585895683e-14	1.42067702775822	0.03	0.014	8.5443952957694e-10	c15	IFNG-AS1
2.72080527610531e-14	0.964027801235153	0.041	0.021	9.12503673500198e-10	c15	MAP9
3.10234188270962e-14	1.48770221288793	0.025	0.011	1.04046342062315e-09	c15	ZNF439
3.10442336098344e-14	2.26991174246992	0.016	0.006	1.04116150680663e-09	c15	AC026250.1
3.30037728578527e-14	0.369551770875843	0.239	0.188	1.10688053410666e-09	c15	ABHD14B
3.89814772961205e-14	0.635799756878624	0.145	0.105	1.30736078555729e-09	c15	MAP4K4
3.94273078876231e-14	0.1147153388665	0.778	0.721	1.3223130519351e-09	c15	FXYD5
5.17589601660034e-14	1.69186271424396	0.015	0.005	1.73589200604742e-09	c15	MDS2
7.19043994368141e-14	0.241351454335196	0.422	0.367	2.41152974831187e-09	c15	RNPS1
8.14604116369932e-14	0.77941738203542	0.137	0.1	2.73201928548148e-09	c15	CYB561A3
8.656588995973e-14	0.365703066642803	0.319	0.271	2.90324681746942e-09	c15	ILF2
1.01352955577042e-13	0.516515531805027	0.218	0.172	3.39917542414283e-09	c15	ARIH1
1.03537420263258e-13	0.709031949375759	0.085	0.054	3.47243800078915e-09	c15	ZBTB24
1.12549972873462e-13	0.300819247269597	0.375	0.323	3.77470099023016e-09	c15	PNISR
1.2022435902998e-13	0.513618934756269	0.213	0.169	4.03208455314747e-09	c15	HPCAL1
1.21349255181303e-13	0.534668416795219	0.133	0.094	4.06981132027054e-09	c15	FAM53B
1.21466887679079e-13	0.209152818351422	0.483	0.432	4.07375647898094e-09	c15	CLK1
1.3622817192599e-13	1.55940477733794	0.035	0.017	4.56882043005384e-09	c15	VAV2
1.68708983762033e-13	0.568050326751805	0.158	0.117	5.65816189741108e-09	c15	BORCS5
1.81767767971058e-13	0.264055466285277	0.409	0.355	6.09612740221333e-09	c15	UBE2N
2.15831261419126e-13	0.500969209742057	0.194	0.151	7.23854884547463e-09	c15	RCC1
2.5639834567331e-13	0.621387072398418	0.147	0.108	8.59908771719147e-09	c15	ATF7IP2
2.68044643441211e-13	0.764865632524682	0.108	0.075	8.98968125173133e-09	c15	MIOS
2.74843938175566e-13	0.36668430597031	0.134	0.095	9.21771599853212e-09	c15	TUBB2A
2.98022098238575e-13	0.353957714389217	0.282	0.234	9.99506513072534e-09	c15	RPP21
3.78827196088302e-13	1.73284565526151	0.021	0.009	1.27051065024095e-08	c15	TTC9
4.24547065425442e-13	0.841955838198333	0.156	0.12	1.42384594802385e-08	c15	SYK
4.45217814171052e-13	1.34434569668274	0.029	0.014	1.49317150516687e-08	c15	METAP1D
4.45315583482219e-13	0.577748043544579	0.152	0.112	1.49349940388267e-08	c15	TSC22D2
5.95591709828202e-13	1.05242892738028	0.046	0.025	1.99749547642182e-08	c15	ARL4D
6.68371933686002e-13	1.16444482611789	0.086	0.057	2.24158579119611e-08	c15	RASGRP3
7.07391651052238e-13	1.545515668493	0.035	0.017	2.372450119299e-08	c15	E2F5
7.68754946098404e-13	1.38180365848326	0.05	0.028	2.57825033822483e-08	c15	STARD5
7.7638337528385e-13	0.278666797776652	0.405	0.36	2.60383456402698e-08	c15	SEC62
7.77196636268171e-13	1.3986505167484	0.012	0.004	2.60656207871619e-08	c15	VSIG1
7.83941748048667e-13	0.324192664916498	0.312	0.262	2.62918383460562e-08	c15	INSIG1
1.04502446364312e-12	0.878475249213531	0.075	0.048	3.50480304616628e-08	c15	AKAP2
1.04522521041443e-12	1.68892180614226	0.011	0.003	3.50547631068793e-08	c15	HSF5
1.06340837128824e-12	1.20320707034356	0.019	0.008	3.56645899562649e-08	c15	CCDC173
1.17392671540446e-12	0.415608695146792	0.285	0.239	3.93711541812348e-08	c15	RGS19
1.33847334383085e-12	0.56703785152315	0.147	0.109	4.48897190053991e-08	c15	JMY
1.36387679508882e-12	0.59969553925453	0.17	0.131	4.57416999536887e-08	c15	SIPA1L1
1.38819088133979e-12	1.31603882775946	0.019	0.008	4.65571457783739e-08	c15	C8orf88
1.45145656785761e-12	0.386344792505799	0.279	0.231	4.86789503728085e-08	c15	MOB4
1.85862465718367e-12	0.467865513954974	0.177	0.136	6.2334553752626e-08	c15	KRR1
1.89829703370535e-12	1.02247117410141	0.03	0.014	6.36650859164099e-08	c15	ZNF571
1.98966665315248e-12	1.13170173579608	0.089	0.06	6.67294402134279e-08	c15	SCIMP
2.01500978693726e-12	1.36119050157226	0.036	0.018	6.75793982343018e-08	c15	GCSAM
2.02311979107913e-12	1.01482136098126	0.069	0.044	6.7851391553212e-08	c15	KIF9
2.65328828423924e-12	0.405683679862802	0.225	0.181	8.89859824768157e-08	c15	CEBPZ
2.67994124569436e-12	1.27027133485848	0.019	0.007	8.98798694980973e-08	c15	ZNF256
2.70750656112834e-12	0.153696555435404	0.622	0.575	9.08043550471223e-08	c15	SAP18
3.22993216737771e-12	1.19917663786552	0.032	0.016	1.08325465029514e-07	c15	ZNF814
3.53752414637631e-12	0.102725358290138	0.816	0.747	1.18641484821169e-07	c15	HINT1
3.5680782453721e-12	1.3890155822879	0.034	0.017	1.19666208193289e-07	c15	IFNLR1
3.57638982422976e-12	1.14055390111051	0.071	0.046	1.19944961925018e-07	c15	KBTBD8
3.65673959369245e-12	0.406720489258229	0.173	0.132	1.22639732493257e-07	c15	TWISTNB
4.02854809015094e-12	0.753081943597318	0.06	0.036	1.35109445847482e-07	c15	SLC35D1
4.20750253271195e-12	0.707369231973371	0.093	0.063	1.41111219942093e-07	c15	SGSM3
4.97069741338327e-12	0.594289368747653	0.147	0.11	1.66707249850048e-07	c15	REV3L
5.19683141427302e-12	1.52566510946823	0.032	0.016	1.74291331971888e-07	c15	ZNF844
5.50237882761942e-12	0.427590089106048	0.186	0.145	1.845387811207e-07	c15	SMC5
5.60141367969745e-12	1.23010049975756	0.071	0.046	1.87860211989693e-07	c15	GRK3
5.67201158958737e-12	1.63447637642485	0.017	0.007	1.90227924691581e-07	c15	PLAG1
5.86650856184287e-12	0.688086901851126	0.068	0.043	1.96750964147086e-07	c15	GRK5
6.12142092208701e-12	0.917188664449758	0.068	0.043	2.05300214884954e-07	c15	ATL2
6.88560547456816e-12	0.492696943339087	0.145	0.108	2.30929436406067e-07	c15	CDKN2AIP
7.14984407204688e-12	1.06481858904378	0.04	0.022	2.39791470488308e-07	c15	WDR27
7.27199343967998e-12	0.508667495999531	0.194	0.154	2.43888115979987e-07	c15	CHRAC1
7.37630641112443e-12	0.46138448206404	0.297	0.256	2.47386564416291e-07	c15	PTPN1
7.7926164891018e-12	1.50531909592742	0.022	0.01	2.61348771811496e-07	c15	AC022182.2
9.22737860151518e-12	0.220220396995539	0.329	0.279	3.09467823537616e-07	c15	RILPL2
9.77642017959207e-12	0.272157699964742	0.43	0.386	3.27881579983159e-07	c15	ST13
1.0758763216329e-11	0.292765102295681	0.27	0.222	3.60827400749242e-07	c15	MATR3.1
1.21567330105481e-11	0.564602132436479	0.112	0.08	4.07712511707761e-07	c15	CA5B
1.29369192212246e-11	0.332791759495483	0.374	0.331	4.33878396841432e-07	c15	MYADM
1.34713143433832e-11	1.30071186154034	0.033	0.017	4.51800940448384e-07	c15	MZF1-AS1
1.37445684740422e-11	0.327286084661276	0.278	0.233	4.60965337482429e-07	c15	FNBP4
1.52484253744131e-11	0.486213877941844	0.165	0.127	5.11401690207066e-07	c15	LUC7L
1.54326859016935e-11	0.322969438741368	0.297	0.251	5.17581419770998e-07	c15	SNHG12
1.70337719746257e-11	0.762741825171594	0.064	0.04	5.71278644484998e-07	c15	LSR
1.70667419363272e-11	1.5198347087658	0.055	0.034	5.72384391060542e-07	c15	SLC17A9
1.92766900611164e-11	1.4807173349263	0.02	0.008	6.46501631269723e-07	c15	DZANK1
1.92997804705339e-11	0.86053146025437	0.053	0.032	6.47276037420766e-07	c15	TNFRSF10A
2.41352237136283e-11	0.676299356450617	0.109	0.078	8.09447132907665e-07	c15	ZNF506
2.65968090035659e-11	0.562401422507499	0.154	0.118	8.92003780361595e-07	c15	SLC25A32
2.68461386240735e-11	1.84093563100148	0.01	0.003	9.00365797174175e-07	c15	ZDHHC23
3.07097413125152e-11	0.901507904822698	0.04	0.022	1.02994330413914e-06	c15	AC005037.1
3.103758617941e-11	0.635766330709046	0.115	0.083	1.04093856528505e-06	c15	CHMP7
3.52041738532436e-11	0.61731061889878	0.122	0.089	1.18067758269008e-06	c15	ELMSAN1
4.12039125048266e-11	0.283394100774493	0.115	0.082	1.38189681758687e-06	c15	CCR6
4.48413623508499e-11	0.304722543002713	0.354	0.309	1.5038896105228e-06	c15	RELB
4.54143970170478e-11	0.717359251690189	0.125	0.093	1.52310804715775e-06	c15	RHBDF2
5.11590599382066e-11	1.99435242562427	0.012	0.004	1.71577255220757e-06	c15	SGCE
5.90089663168268e-11	0.464816239030141	0.239	0.202	1.97904271233374e-06	c15	DNAJC4
5.92056001223707e-11	0.58604260415492	0.116	0.084	1.98563741690407e-06	c15	DUS3L
6.01138725130545e-11	0.272941480184875	0.315	0.269	2.01609905634282e-06	c15	SBDS
6.18070574192675e-11	1.99346947135696	0.017	0.007	2.07288509172739e-06	c15	KLF8
6.5875328407208e-11	0.447920724462144	0.252	0.214	2.20932676412094e-06	c15	PQBP1
7.87697663767097e-11	1.07813157378372	0.061	0.039	2.64178042474209e-06	c15	KLF7
7.9964336485387e-11	1.18269234798667	0.038	0.021	2.68184391704691e-06	c15	TESK2
9.38903361809613e-11	0.644877970344991	0.145	0.112	3.14889409483708e-06	c15	DNAJC10
1.09942624231532e-10	1.50584536172154	0.016	0.006	3.68725573147713e-06	c15	HHAT
1.13155026889703e-10	1.89198955304564	0.025	0.012	3.79499329182684e-06	c15	LINC02576
1.14046425095497e-10	1.67940481225512	0.017	0.007	3.8248890048528e-06	c15	AC083949.1
1.21719530243798e-10	0.226768676645552	0.298	0.249	4.08222960531651e-06	c15	MAPRE2
1.33376264887481e-10	1.60487314732409	0.03	0.016	4.47317317179633e-06	c15	ZBTB18
1.52233807410991e-10	0.639372197226201	0.131	0.099	5.10561743294981e-06	c15	KDM2B
1.59157057486129e-10	0.662514784705213	0.145	0.113	5.33780939396981e-06	c15	RNASE6
1.64380675143594e-10	0.22927171529702	0.425	0.379	5.51299908296584e-06	c15	TCEA1
1.70426863084527e-10	0.503709352781519	0.19	0.153	5.71577613412886e-06	c15	MOB3A
1.76739721760552e-10	0.644581831425804	0.078	0.052	5.92749678840538e-06	c15	ZNF75A
1.76787811834867e-10	0.796784735089339	0.041	0.023	5.92910963331776e-06	c15	ZNF737
1.77391673646563e-10	0.864356809279004	0.108	0.079	5.94936195075842e-06	c15	KLHL6
2.01546260098318e-10	1.1660260190856	0.025	0.012	6.75945847117739e-06	c15	ELL3
2.08810274957849e-10	0.655945419505987	0.101	0.072	7.00307900153632e-06	c15	LRCH1
2.17671500747642e-10	0.611174429659706	0.097	0.068	7.30026679207442e-06	c15	RBM48
2.30002072754258e-10	0.148312204807233	0.548	0.498	7.7138095160323e-06	c15	DNAJB6
2.37768966402189e-10	0.269452886897525	0.334	0.291	7.9742955951966e-06	c15	CHD2
2.41585236527102e-10	0.490174722786809	0.109	0.078	8.10228566264594e-06	c15	RPS6KA5
2.59833990036189e-10	0.353841557549057	0.26	0.218	8.7143123578337e-06	c15	PNN
2.61720181417178e-10	0.179910733400648	0.577	0.537	8.77757144436931e-06	c15	SON
2.66119034169646e-10	1.25774184685991	0.025	0.012	8.92510016798159e-06	c15	ZFP30
2.80073201536679e-10	0.778991656229176	0.086	0.06	9.39309503313715e-06	c15	ZNF821
2.9894336062778e-10	0.775979392371796	0.083	0.058	1.00259624287345e-05	c15	SIK2
3.13580845423362e-10	1.1577361756866	0.057	0.036	1.05168743938087e-05	c15	EGR3
3.25097851522667e-10	1.32327032733097	0.026	0.013	1.09031317443672e-05	c15	N4BP3
3.50404123991786e-10	1.54636572008227	0.031	0.016	1.17518535104365e-05	c15	COL9A3
3.66902536962191e-10	1.54768588831017	0.018	0.008	1.2305177284638e-05	c15	UST
3.97615037790828e-10	0.316093700021701	0.349	0.31	1.33352131374288e-05	c15	ZC3H15
4.06545880850589e-10	0.277007036723386	0.221	0.179	1.36347357519671e-05	c15	RBKS
4.41616688241586e-10	0.832640940866685	0.094	0.067	1.48109404902463e-05	c15	TNFRSF10B
4.50129070484422e-10	0.379075140788369	0.162	0.126	1.50964287659065e-05	c15	JAZF1
4.55766621155499e-10	0.499362433487336	0.208	0.172	1.52855009403131e-05	c15	MIS18BP1
5.50314203210779e-10	1.24617295069789	0.029	0.015	1.84564377472831e-05	c15	ZCWPW1
5.57427120444276e-10	0.372914138920964	0.195	0.158	1.86949907654601e-05	c15	SECISBP2
6.14103475153462e-10	0.863106313776697	0.075	0.051	2.05958023496968e-05	c15	DAAM1
7.00999767648402e-10	0.722995700671974	0.071	0.048	2.35101302073921e-05	c15	ZNF274
7.35001218724703e-10	0.291747124552626	0.322	0.283	2.46504708735891e-05	c15	HSPA9
7.45759815484175e-10	0.492639599979099	0.113	0.082	2.50112926917083e-05	c15	NR1D2
7.50688160658394e-10	0.104459928946106	0.526	0.475	2.51765795321612e-05	c15	ZFAND5
7.50915920560482e-10	0.577042734988839	0.106	0.078	2.51842181437575e-05	c15	FBXO21
7.85354443624191e-10	0.665753179088385	0.135	0.103	2.63392173302681e-05	c15	CAMK2D
9.73978354965181e-10	1.89611517608276	0.01	0.003	3.26652860688222e-05	c15	CBLN3
1.02429556393832e-09	0.934890051027111	0.053	0.033	3.43528246233635e-05	c15	CRY2
1.0433408036999e-09	1.37485348503582	0.023	0.011	3.49915638744871e-05	c15	CAMKK1
1.1371536084649e-09	0.638467414765826	0.066	0.044	3.81378577206957e-05	c15	PARD6A
1.18696659833021e-09	1.42527048378912	0.019	0.009	3.98084857747984e-05	c15	RORA-AS1
1.20000625974584e-09	0.462443228230937	0.119	0.089	4.0245809939356e-05	c15	CLK4
1.29574422711295e-09	0.435597703807646	0.05	0.031	4.34566698889142e-05	c15	FCRL3
1.53104286979614e-09	0.412745381377245	0.209	0.172	5.13481157672229e-05	c15	DEDD2
1.68592145237868e-09	0.356395584466479	0.186	0.149	5.65424336698761e-05	c15	AC004687.1
1.6871972528674e-09	1.10522473114618	0.028	0.015	5.65852214666668e-05	c15	LINC00665
1.82103020725013e-09	0.665380000473761	0.063	0.041	6.1073711090755e-05	c15	TOE1
1.9668015055013e-09	0.731565465526454	0.076	0.053	6.59625888915026e-05	c15	HPS4
2.01950127680519e-09	0.801209547823574	0.044	0.027	6.77300338214924e-05	c15	BTBD9
2.36532485600019e-09	1.11259012247996	0.032	0.018	7.93282650205345e-05	c15	MPP6
2.61499455692082e-09	1.46291895012726	0.028	0.015	8.77016874500104e-05	c15	AC008014.1
2.81234261337755e-09	0.780299647476825	0.077	0.054	9.43203465674563e-05	c15	COQ7
2.86000215784364e-09	0.236864804623485	0.2	0.16	9.59187523697599e-05	c15	SP140
3.36566030351846e-09	0.775682818043175	0.079	0.056	0.000112877515259402	c15	NARFL
3.74747723023522e-09	0.38980717736005	0.181	0.146	0.000125682891347629	c15	TTC17
4.07611448118592e-09	0.90798569798798	0.046	0.028	0.000136704727470014	c15	AP005019.1
4.35099362628412e-09	1.70358793612618	0.018	0.008	0.000145923624238317	c15	ZNF608
4.58003068046782e-09	0.963313836840421	0.035	0.02	0.00015360506896153	c15	SNX25
4.59655261144937e-09	0.278454021075456	0.307	0.268	0.000154159181482789	c15	PRNP
4.88713775765322e-09	0.329804051567275	0.173	0.137	0.000163904826116174	c15	HSH2D
4.98626786434866e-09	1.4835894865338	0.013	0.005	0.000167229451634525	c15	HSPA12A
5.28366667830754e-09	1.52044368291353	0.017	0.008	0.000177203613057078	c15	FMO5
5.9650217433692e-09	0.78062397451382	0.057	0.037	0.000200054899229116	c15	SLC9B2
6.48911697545993e-09	0.319203240599308	0.312	0.275	0.000217632005122975	c15	RANBP2
6.6805921606331e-09	0.431027571592889	0.14	0.109	0.000224053699883313	c15	IRF4
7.65986156558091e-09	0.502883845662391	0.105	0.078	0.000256896437186453	c15	CCDC97
7.71473294852399e-09	0.580654851449996	0.106	0.08	0.000258736713627598	c15	TMEM175
7.76959046624896e-09	0.10583743276895	0.354	0.306	0.000260576525057058	c15	ARID5B
7.82472175899227e-09	0.156239728949729	0.519	0.477	0.000262425518353083	c15	GPSM3
8.11503278406232e-09	0.889369167764452	0.058	0.038	0.000272161969511882	c15	DPEP2
9.6318966239643e-09	0.175776131525509	0.529	0.488	0.000323034548974515	c15	RPS17
1.01997903248353e-08	0.711374704640638	0.132	0.104	0.000342080567914327	c15	GNL3
1.0618875260991e-08	0.959897212738767	0.034	0.019	0.000356135838503115	c15	AL021453.1
1.18614560907612e-08	0.575797236638365	0.181	0.151	0.000397809514371948	c15	APPL1
1.25381124042798e-08	0.366937721328519	0.236	0.202	0.000420503213814735	c15	FXR1
1.30638700294336e-08	0.371222241208298	0.18	0.146	0.000438136073047143	c15	SAFB2
1.35713680596146e-08	1.96953076276352	0.013	0.005	0.000455156541983355	c15	SYBU
1.39996401314095e-08	0.196143892814355	0.389	0.349	0.000469519930727211	c15	BCLAF1
1.6906176666884e-08	0.755648508261237	0.036	0.021	0.000566999353053957	c15	CRIP2
1.78327270787373e-08	0.709142832095603	0.062	0.041	0.000598074000766692	c15	SFMBT1
1.83690025168031e-08	0.827444648624933	0.044	0.027	0.000616059606408542	c15	IZUMO4
2.00292721337747e-08	0.29788016739571	0.265	0.228	0.000671741728822537	c15	ARHGAP45
2.00620091412263e-08	1.26375209526388	0.015	0.006	0.000672839662578447	c15	CEP126
2.0129029473764e-08	1.20317570784861	0.013	0.006	0.000675087390491097	c15	TNK1
2.20417545535593e-08	0.543402293199399	0.148	0.119	0.000739236364217271	c15	TMEM18
2.21679501331467e-08	0.275647719320686	0.34	0.304	0.000743468711565476	c15	SNHG15
2.39812161122466e-08	0.697022414533507	0.068	0.047	0.000804282025972527	c15	TASP1
2.4999067169939e-08	0.361242975384389	0.207	0.174	0.000838418714745414	c15	VPS51
2.6101038235675e-08	0.38684577631939	0.238	0.206	0.000875376620348067	c15	EIF2A
2.62075352423881e-08	0.879562256262206	0.036	0.022	0.000878948316959212	c15	ENTPD1-AS1
2.75008661135222e-08	0.499695132509386	0.093	0.068	0.000922324047715307	c15	ZFYVE27
2.83414226513065e-08	1.38169334642816	0.017	0.008	0.000950514632879518	c15	INKA1
2.92812073408875e-08	1.36904518752143	0.017	0.008	0.000982033131798686	c15	TMEM163
2.93026011393361e-08	1.31039843736571	0.018	0.008	0.000982750637011055	c15	WDR19
3.08454035912939e-08	0.296112527986614	0.339	0.306	0.00103449314564482	c15	CNPY3
3.38562688242755e-08	0.562923657274496	0.119	0.092	0.00113547154382855	c15	GABPB1-AS1
3.39607795708898e-08	0.848155886665551	0.029	0.016	0.0011389766252485	c15	RND1
3.40859686055508e-08	0.609848916822006	0.083	0.06	0.00114317521509296	c15	FBXL12
4.12925976643507e-08	0.237554738924232	0.36	0.326	0.00138487114046699	c15	MRPL54
4.28763878468835e-08	0.725174873723235	0.073	0.051	0.00143798829560878	c15	PIK3CA
4.53524469182538e-08	0.531178714336122	0.106	0.08	0.0015210303647444	c15	FBXO34
4.55506807856074e-08	0.819086868794506	0.033	0.019	0.0015276787321877	c15	GRAP
4.71513905637524e-08	0.1872529696798	0.409	0.372	0.00158136333672713	c15	CD47
4.86628843352367e-08	0.464413320358907	0.147	0.118	0.00163205581483517	c15	SDR39U1
5.03110210080898e-08	0.634754568955532	0.093	0.069	0.00168733102256931	c15	RUBCN
5.26256268281596e-08	0.898992338915335	0.016	0.007	0.00176495827256282	c15	AC004832.6
5.41934821696443e-08	0.341459673050225	0.214	0.182	0.00181754100500553	c15	FAM133B
5.52356394286662e-08	1.05121865305617	0.042	0.026	0.00185249287515861	c15	LINC00662
6.61537720706447e-08	0.586378018515831	0.099	0.074	0.00221866520770528	c15	WDR6
6.81525338925166e-08	0.354166496762157	0.241	0.209	0.00228569968168722	c15	PPP4R3A
7.14322216638568e-08	0.640987028616578	0.074	0.053	0.00239569385016243	c15	TMEM62
7.78776958003885e-08	1.12679170684567	0.037	0.023	0.00261186216175343	c15	FCRL5
8.12923268978224e-08	0.553585300947057	0.113	0.087	0.00272638205949917	c15	PCNX4
8.13159343823336e-08	1.6146977155922	0.014	0.006	0.0027271738073147	c15	AC104971.3
9.00807774747434e-08	0.46644343328239	0.18	0.151	0.00302112911494794	c15	MBD4
9.0116368790852e-08	0.279921736093154	0.233	0.196	0.0030223227765076	c15	TMC8
9.57524817606144e-08	0.664513705147424	0.073	0.052	0.00321134673328748	c15	POLM
9.92136943647386e-08	0.901535685118606	0.082	0.061	0.0033274288816046	c15	TMEM38B
1.07217873070557e-07	0.777777616530658	0.039	0.024	0.00359587302704035	c15	AC097376.2
1.13609837628517e-07	1.08962266657763	0.033	0.019	0.00381024673438522	c15	QSOX2
1.14138658227914e-07	0.699387274550197	0.038	0.023	0.00382798231964777	c15	MPP7
1.16465607248627e-07	0.502889712561987	0.102	0.077	0.00390602353590446	c15	RPS6KB1
1.20403299968763e-07	0.233784186661776	0.274	0.239	0.00403808587435236	c15	PNPLA2
1.2608880215083e-07	0.103746669804133	0.035	0.021	0.00422876624653453	c15	RHEX
1.40727081200642e-07	0.289272110221918	0.224	0.191	0.00471970484930714	c15	SNHG9
1.45122616672686e-07	0.520551455924327	0.102	0.078	0.00486712231796854	c15	HOOK2
1.4689119153112e-07	1.2118807458924	0.01	0.004	0.00492643678157071	c15	TNNC2
1.52269571630111e-07	1.52510356690494	0.01	0.004	0.00510681689333066	c15	MAK
1.54632304513607e-07	0.242736756479997	0.282	0.25	0.00518605822877735	c15	MAF1
1.54821515051963e-07	0.483746070164017	0.144	0.116	0.00519240397181275	c15	MCM5
1.64040657086157e-07	0.551235329679002	0.155	0.128	0.00550159555735554	c15	TRMT1
1.66202616809234e-07	0.353265999483413	0.223	0.193	0.0055741033625481	c15	IFNGR2
1.80155650388625e-07	0.353469373013985	0.182	0.152	0.00604206020273369	c15	CCNG1
1.8488316729659e-07	0.344374810515938	0.237	0.206	0.00620061166479303	c15	NFKB2
1.85813434284032e-07	0.945638684130615	0.041	0.026	0.00623181095901787	c15	AL138724.1
1.9232541283568e-07	0.686433875692144	0.073	0.053	0.00645020969568302	c15	HELQ
2.20486016461406e-07	0.846014074940338	0.021	0.011	0.00739466002008262	c15	AC124312.1
2.34115852778884e-07	0.242689041277652	0.223	0.188	0.00785177747049821	c15	PPP3CC
2.39144219105932e-07	0.180007974156213	0.329	0.294	0.00802041882037474	c15	SS18L2
2.41934076862956e-07	1.44092555398285	0.016	0.008	0.00811398506982982	c15	HOOK1
2.45969955545887e-07	0.658135441915479	0.124	0.099	0.00824934036909796	c15	TBC1D22A
2.59668788808459e-07	0.176225228350098	0.496	0.467	0.00870877183905808	c15	BRD2
2.96059676667047e-07	0.368250294045538	0.154	0.125	0.00992924943605943	c15	ISG20L2
3.04757439610566e-07	0.828641076465992	0.087	0.066	0.0102209550096592	c15	TMEM19
3.15739518066574e-07	0.420808107951861	0.194	0.165	0.0105892719569168	c15	FYTTD1
3.34521319059033e-07	1.53328779391132	0.016	0.008	0.0112191759986019	c15	FAM229B
3.39037383702585e-07	0.226028552018573	0.222	0.188	0.0113706357746173	c15	GCC2
3.41781284359167e-07	0.620900309105669	0.081	0.06	0.0114626607148377	c15	HDAC5
3.45596758776257e-07	0.200900856578544	0.335	0.304	0.0115906240958381	c15	SYF2
3.5582256402182e-07	0.406570872774565	0.138	0.111	0.0119335771521638	c15	ARHGEF7
3.58296964420881e-07	0.544388899667171	0.07	0.05	0.0120165635927475	c15	SPATA2L
3.67263568094194e-07	0.818349488851438	0.068	0.049	0.0123172855467431	c15	ZDHHC21
3.86997594210349e-07	0.236191302123993	0.297	0.264	0.0129791253146267	c15	EVI2B
3.91687926378796e-07	0.510171760366933	0.069	0.049	0.0131364296748921	c15	COQ10A
3.937904785329e-07	0.276608120496908	0.214	0.184	0.0132069450690364	c15	NCF4
4.1625893407148e-07	0.744274647731076	0.082	0.061	0.0139604921308893	c15	PRPF4
4.20339164900376e-07	0.594979698738857	0.17	0.144	0.0140973349124288	c15	MEF2A
4.24065242498147e-07	0.701951251835792	0.04	0.025	0.0142223001029029	c15	LETM2
4.3196626414228e-07	0.963478036413078	0.089	0.068	0.0144872845668038	c15	NEK6
4.43854840365962e-07	0.528842814507612	0.063	0.044	0.0148860036361936	c15	MHENCR
4.49748530255508e-07	0.837604973001831	0.051	0.034	0.0150836662077092	c15	SIK1
4.50820914309455e-07	0.585267714949727	0.089	0.067	0.0151196318241105	c15	CCDC93
4.63668362805955e-07	1.04293616250675	0.022	0.012	0.0155505095517861	c15	ZNF550
4.76513530833891e-07	0.288507160947938	0.214	0.182	0.015981310797107	c15	ATM
5.02473185749716e-07	0.432827327157179	0.15	0.123	0.016851945703674	c15	GABPB1
5.17647218538092e-07	0.395322779468636	0.197	0.168	0.0173608524153305	c15	CDK5RAP3
5.29525443000576e-07	0.679288513411705	0.151	0.126	0.0177592243073533	c15	PLPP5
5.45525244585091e-07	1.26092253898007	0.022	0.012	0.0182958256528948	c15	CACFD1
5.73188720230622e-07	0.360932312542763	0.126	0.1	0.0192236032990946	c15	AP1G2
6.00044045296509e-07	0.382554963958383	0.107	0.083	0.0201242771911543	c15	XPO4
6.11257829591745e-07	0.246475922163773	0.273	0.242	0.0205003650888479	c15	BCL7B
6.48801760112119e-07	0.188765756240244	0.342	0.311	0.0217595134306402	c15	APH1A
6.52698046080937e-07	1.38231464724204	0.016	0.008	0.0218901870694625	c15	DTX1
6.84816644568136e-07	0.383787597760881	0.127	0.101	0.0229673806255261	c15	UTY
7.22061502836818e-07	1.33128647462284	0.014	0.007	0.0242164986821412	c15	AC025259.3
7.44476858876669e-07	0.223616752770135	0.356	0.326	0.0249682648930057	c15	STRAP
7.4690702598233e-07	0.77098620061253	0.035	0.022	0.0250497678373954	c15	ZNF827
7.50405816229811e-07	0.928988944667315	0.035	0.022	0.0251671102647154	c15	SOCS5
7.52898098289711e-07	0.554825112308415	0.154	0.129	0.0252506964204403	c15	AAED1
7.59818961313096e-07	0.589467589923019	0.068	0.049	0.0254828083245186	c15	NRF1
7.61862953747572e-07	1.42987599336049	0.057	0.04	0.0255513597427861	c15	TBC1D9
7.62583288710003e-07	0.420109780667524	0.167	0.14	0.0255755183367561	c15	NXF1
7.79456671472155e-07	0.460500436666212	0.106	0.082	0.0261414178478331	c15	AL139246.5
8.13408058489784e-07	0.870843418010632	0.047	0.031	0.0272800794656304	c15	ZNF736
8.39832845226122e-07	0.312594780618996	0.215	0.186	0.0281663139631937	c15	PRMT1
8.51691982589439e-07	0.310437373748537	0.187	0.158	0.0285640457120846	c15	C6orf48
8.54132721643109e-07	0.168543848215381	0.151	0.121	0.0286459032184666	c15	P2RY8
8.57545317967802e-07	1.11105956018142	0.024	0.014	0.0287603548740041	c15	RHOBTB2
9.13215551596379e-07	0.180366344879809	0.345	0.313	0.0306274231694394	c15	PPP2CA
9.18474368891127e-07	0.395650810631649	0.194	0.166	0.0308037933838706	c15	FLOT2
9.23964185350233e-07	0.7019267558104	0.05	0.034	0.0309879108482761	c15	HSPA2
9.34601815895593e-07	0.325358093017698	0.186	0.157	0.0313446757015064	c15	NIN
1.12960212895189e-06	0.590936885748927	0.07	0.051	0.0378845962007886	c15	ZBTB21
1.1446646574952e-06	0.725228189878542	0.059	0.042	0.0383897632830741	c15	OPA3
1.17664208899626e-06	0.591929942211367	0.105	0.083	0.0394622223807564	c15	RIOK1
1.18044191213173e-06	0.793350424524236	0.022	0.012	0.0395896608490739	c15	FAM169A
1.18130752112606e-06	0.777475864485267	0.126	0.103	0.0396186916435258	c15	CXorf40B
1.19917957408688e-06	0.560555817119124	0.114	0.091	0.0402180845557257	c15	ZNF581
1.22323439268075e-06	0.460926844733894	0.108	0.085	0.0410248350617271	c15	BSDC1
1.31196287388057e-06	0.75422950279161	0.039	0.025	0.0440006108642065	c15	ZNF548
1.37406923940037e-06	0.237142985982454	0.225	0.193	0.0460835341510096	c15	NT5C3A
1.39398286653582e-06	0.111171181528234	0.609	0.574	0.0467513973778785	c15	HNRNPK
1.399889700805e-06	0.3376819829795	0.233	0.203	0.0469495007855982	c15	PARP1
1.45111524356526e-06	0.510670148562794	0.151	0.126	0.0486675030386916	c15	FNIP1
