p_val	avg_log2FC	pct.1	pct.2	p_val_adj	cluster	gene
0	2.61172517805815	0.886	0.241	0	c4	GNLY
0	3.25590790580907	0.758	0.118	0	c4	KLRD1
0	2.52924794627669	0.977	0.382	0	c4	NKG7
0	2.78078394981718	0.756	0.166	0	c4	CTSW
0	1.8379671390313	0.874	0.297	0	c4	GZMB
0	2.6035896627272	0.711	0.172	0	c4	HOPX
0	1.51354040082201	0.952	0.435	0	c4	CCL5
0	2.21938415831083	0.719	0.225	0	c4	PRF1
0	2.11300573690647	0.908	0.42	0	c4	CST7
0	4.27493110225928	0.512	0.035	0	c4	FGFBP2
0	0.563299398845069	0.79	0.318	0	c4	TYROBP
0	1.90008148736846	0.684	0.225	0	c4	GZMH
0	0.841352190670688	0.799	0.349	0	c4	GZMA
0	4.50362900908486	0.458	0.026	0	c4	TRDC
0	2.02324955056305	0.67	0.255	0	c4	CD247
0	1.97052931238043	0.57	0.175	0	c4	KLRB1
0	5.54509316329139	0.4	0.013	0	c4	KLRF1
0	1.62531280663139	0.638	0.257	0	c4	TRBC1
0	1.01032371871707	0.811	0.464	0	c4	CD7
0	1.38505479914033	0.791	0.448	0	c4	CCL4
0	3.71825507325699	0.415	0.072	0	c4	SPON2
0	2.29419820573654	0.443	0.119	0	c4	FCGR3A
0	2.70837793600618	0.41	0.092	0	c4	MATK
0	2.58006975817733	0.404	0.094	0	c4	CLIC3
0	3.6160455141619	0.345	0.038	0	c4	KLRC3
0	2.86370954609192	0.367	0.062	0	c4	XCL2
0	1.6922382362675	0.505	0.204	0	c4	GZMM
0	2.61126479428522	0.476	0.179	0	c4	CMC1
0	0.825366601195623	0.952	0.666	0	c4	IFITM1
0	1.47106601792497	0.507	0.235	0	c4	C12orf75
0	1.39222892381044	0.658	0.391	0	c4	GNG2
0	1.42628976209578	0.519	0.258	0	c4	SYTL3
0	1.21675551369083	0.876	0.615	0	c4	HCST
0	1.51394505920309	0.469	0.212	0	c4	IL2RB
0	1.8621135651063	0.383	0.135	0	c4	SLA2
0	5.66579680721059	0.249	0.009	0	c4	SH2D1B
0	4.44013991594339	0.255	0.015	0	c4	S1PR5
0	2.93407385894855	0.28	0.046	0	c4	ADGRG1
0	1.11950536346563	0.475	0.243	0	c4	SH2D2A
0	0.931545033492109	0.614	0.386	0	c4	RARRES3
0	1.82076187893759	0.336	0.118	0	c4	PLAC8
0	3.63597064816891	0.244	0.028	0	c4	TXK
0	1.07769922708566	0.713	0.499	0	c4	LITAF
0	0.987152271575608	0.506	0.296	0	c4	FYN
0	1.0884696135413	0.67	0.462	0	c4	DDIT4
0	1.63829454425038	0.394	0.192	0	c4	BIN2
0	1.42734503155122	0.449	0.251	0	c4	PIK3R1
0	1.19393664301208	0.413	0.215	0	c4	PRKCH
0	1.17299320684299	0.495	0.298	0	c4	ARHGAP9
0	1.75157416417742	0.365	0.169	0	c4	APMAP
0	1.24810460721286	0.508	0.313	0	c4	BHLHE40
0	1.03044884901954	0.547	0.354	0	c4	ARL4C
0	1.71039764401302	0.312	0.119	0	c4	RNF125
0	1.14675218105855	0.386	0.196	0	c4	ZAP70
0	3.10941148187031	0.222	0.033	0	c4	KLRC2
0	0.971593734467564	0.934	0.749	0	c4	IFITM2
0	3.09784961881985	0.225	0.041	0	c4	C1orf21
0	1.87778439973479	0.257	0.079	0	c4	SAMD3
0	4.36383166135214	0.19	0.013	0	c4	PRSS23
0	1.28858651810439	0.493	0.32	0	c4	TGFB1
0	2.51968295139667	0.238	0.065	0	c4	SYNGR1
0	1.72756545855266	0.298	0.128	0	c4	SYNE1
0	2.67133239447985	0.217	0.049	0	c4	XCL1
0	2.93175393964411	0.209	0.044	0	c4	TTC38
0	0.832988491237717	0.752	0.59	0	c4	DUSP2
0	3.30781348658011	0.192	0.032	0	c4	IGFBP7
0	2.53168294960527	0.202	0.049	0	c4	NCR3
0	1.99180691278512	0.244	0.092	0	c4	AOAH
0	4.59267329452198	0.162	0.012	0	c4	MYOM2
0	4.51440139813718	0.159	0.01	0	c4	KIR3DL2
0	0.730933154862639	0.811	0.663	0	c4	CD99
0	2.36546449620686	0.19	0.043	0	c4	TGFBR3
0	1.92595695384875	0.232	0.086	0	c4	PTGER2
0	2.15493296274946	0.222	0.08	0	c4	GTF3C1
0	2.11291305615496	0.2	0.058	0	c4	TBX21
0	4.23980832877672	0.151	0.009	0	c4	KIR2DL3
0	2.05202735623747	0.2	0.059	0	c4	AUTS2
0	3.65473563332198	0.154	0.014	0	c4	PTGDR
0	3.54113242812646	0.152	0.015	0	c4	FCRL6
0	1.88676235470152	0.202	0.066	0	c4	KIR2DL4
0	2.33545410207935	0.166	0.033	0	c4	KRT86
0	2.67309524223643	0.162	0.037	0	c4	YES1
0	2.36875531046756	0.172	0.054	0	c4	SLC15A4
0	2.62270685220053	0.14	0.025	0	c4	TRGC1
0	2.41957983763608	0.141	0.029	0	c4	TRGV9
0	3.75506627699741	0.122	0.012	0	c4	NCAM1
0	2.30325588343259	0.139	0.034	0	c4	TMIGD2
0	3.59321462679301	0.118	0.013	0	c4	NCR1
0	3.8292234316586	0.105	0.007	0	c4	PTGDS
0	3.32000698206903	0.116	0.019	0	c4	CX3CR1
0	2.35956730481188	0.128	0.032	0	c4	ENC1
0	5.42909415553754	0.099	0.003	0	c4	KIR2DL1
0	3.22681430941307	0.106	0.015	0	c4	AC068775.1
0	3.8386900042446	0.099	0.009	0	c4	KRT81
0	5.31211073697385	0.084	0.003	0	c4	KIR3DL1
0	2.89963251098034	0.095	0.015	0	c4	AKR1C3
0	3.92431985192338	0.085	0.007	0	c4	CD160
0	3.42514146188246	0.092	0.014	0	c4	OSBPL5
0	3.7393583374807	0.078	0.011	0	c4	B3GNT7
0	4.69401857859219	0.07	0.004	0	c4	KIR3DX1
0	4.07735482935447	0.072	0.006	0	c4	FEZ1
0	0.569461820322251	0.904	0.846	0	c4	HLA-E
0	3.49618978767132	0.066	0.008	0	c4	PDGFD
0	3.40154908923858	0.064	0.007	0	c4	MMP23B
0	3.56488979084785	0.052	0.005	0	c4	NMUR1
0	4.81271738855708	0.04	0.002	0	c4	MLC1
0	4.3155695555882	0.04	0.003	0	c4	GNAL
0	0.47226690858889	0.993	0.977	0	c4	HLA-B
0	0.379182015417603	0.99	0.975	0	c4	RPS3
0	0.381106319730249	0.998	0.99	0	c4	RPS27
0	0.347384920620651	1	0.997	0	c4	B2M
1.30477823137451e-307	0.684578794879851	0.909	0.834	4.37596523238384e-303	c4	ZFP36
1.01991641662902e-306	1.88427430113992	0.187	0.065	3.4205956780904e-302	c4	MCTP2
1.93651043546127e-306	2.3238821467041	0.125	0.033	6.49466869844999e-302	c4	MYBL1
2.22404974790097e-303	1.11576816571269	0.48	0.297	7.45901804451028e-299	c4	RUNX3
4.1137727994857e-303	1.24017968205136	0.415	0.237	1.37967712149151e-298	c4	AKNA
3.3458416706793e-301	1.6960606192932	0.26	0.113	1.12212837951243e-296	c4	P2RY8
1.18631144808147e-297	0.841377109750216	0.698	0.539	3.97865133457564e-293	c4	NR4A2
1.77306575971625e-295	0.40140197711658	0.973	0.951	5.94650794493637e-291	c4	MT-ND4L
4.29201851178718e-292	4.72161489202025	0.029	0.002	1.43945716848318e-287	c4	PRSS57
1.12268681060997e-290	1.82523622315155	0.213	0.081	3.7652670254237e-286	c4	KLRC1
8.88955705478234e-286	1.21913527036479	0.421	0.247	2.9813796450329e-281	c4	VPS37B
2.14342333438069e-282	0.595904736696263	0.855	0.759	7.18861317884596e-278	c4	MYL12A
8.14675265511555e-281	1.16531601674985	0.477	0.303	2.73225790547265e-276	c4	TUBA4A
5.26823844533375e-279	0.84891533197424	0.692	0.585	1.76686180979603e-274	c4	SRSF2
8.12381876141299e-278	0.628150427093835	0.737	0.58	2.72456633620269e-273	c4	IER2
1.09546838135879e-277	0.453826148563452	0.93	0.865	3.67398185740111e-273	c4	HLA-C
1.38468871771641e-277	1.29810376229076	0.378	0.214	4.64396902147729e-273	c4	SUN2
1.80645371471005e-276	1.28584290088104	0.334	0.17	6.05848446839457e-272	c4	STAT4
9.94933586782663e-276	2.00524396300281	0.198	0.077	3.33680826335169e-271	c4	TFDP2
8.37268514218788e-272	1.22394500433671	0.408	0.239	2.80803114298697e-267	c4	CEMIP2
9.22433389464306e-272	0.84432866585036	0.375	0.189	3.09365710158539e-267	c4	LINC01871
5.03681973237697e-271	3.5970945346096	0.043	0.005	1.68924860184459e-266	c4	SLCO4C1
1.82991835360009e-268	1.38087622845641	0.214	0.085	6.13718017430399e-264	c4	LINC00861
2.11696539494941e-268	2.02703154424452	0.143	0.045	7.09987854158133e-264	c4	TSPAN32
8.74452158554486e-268	2.05255624688412	0.133	0.04	2.93273764936004e-263	c4	CD244
8.47143356177461e-266	0.55118497156912	0.863	0.739	2.84114938794797e-261	c4	ZFP36L2
1.18714509172725e-264	1.70989028571589	0.214	0.088	3.98144720863485e-260	c4	RASA3
2.36214877803695e-264	3.26142295208776	0.053	0.007	7.92217457178033e-260	c4	TRDV2
3.5827403460864e-261	1.50125130182513	0.322	0.173	1.20157945727046e-256	c4	TPST2
2.80027339247296e-258	0.409992636644707	0.98	0.964	9.39155690367581e-254	c4	MT-ATP6
3.40683127449933e-258	0.98800253400231	0.543	0.387	1.14258307284159e-253	c4	ADGRE5
7.72419637653207e-256	1.42068151446388	0.374	0.223	2.59054098076133e-251	c4	DSTN
1.36393372363921e-253	0.287387135745154	0.995	0.982	4.57436092234118e-249	c4	RPS27A
1.3467853971184e-252	4.34326198862593	0.026	0.002	4.51684886485568e-248	c4	AC243829.2
1.81927002005107e-250	2.16744258082453	0.146	0.049	6.10146779324728e-246	c4	GK5
1.41334175116858e-246	0.974783689014217	0.546	0.394	4.74006556506918e-242	c4	ITGB2
2.75545244212873e-245	3.13892353384731	0.042	0.005	9.24123640041134e-241	c4	LGR6
1.09907575669276e-243	1.02890763562293	0.515	0.367	3.68608027279619e-239	c4	CCND3
7.45737389862084e-236	1.09388236343216	0.436	0.278	2.50105405811946e-231	c4	GPR65
6.31512035219206e-235	1.77570297468791	0.194	0.08	2.11796506371817e-230	c4	PXN
3.26772988752049e-234	1.04494455470556	0.483	0.333	1.09593124967662e-229	c4	AES
1.83401557376828e-233	1.24563066063706	0.392	0.247	6.15092143130404e-229	c4	PRMT2
2.42736119317881e-233	0.872769310272348	0.578	0.432	8.14088396968308e-229	c4	IRF1
2.58317965949152e-230	1.46138647898367	0.285	0.148	8.66346794200264e-226	c4	SPN
9.69552709539056e-230	1.06512290093989	0.387	0.224	3.25168587725209e-225	c4	SYNE2
6.26311598262082e-227	1.48415999352575	0.288	0.152	2.10052383825137e-222	c4	GNPTAB
4.01152845052966e-226	2.05924557556224	0.107	0.031	1.34538641173864e-221	c4	NCALD
7.99103201837449e-226	1.16719879666912	0.378	0.229	2.68003231832244e-221	c4	FOSL2
4.60992572325295e-225	0.341912565473313	0.956	0.913	1.54607688906458e-220	c4	RPL3
1.84147655554318e-224	2.29483264800738	0.086	0.021	6.17594407198073e-220	c4	TSPAN2
3.55572218805697e-222	1.96240975313406	0.168	0.065	1.19251810743055e-217	c4	ZNF683
5.93250991359452e-221	1.84340079378939	0.212	0.097	1.98964517482133e-216	c4	CD300A
2.03111833536243e-220	1.46810661008212	0.216	0.096	6.81196467313853e-216	c4	PTPN4
4.36473233328674e-219	2.04015758865143	0.123	0.04	1.46384392993771e-214	c4	C11orf21
1.67925970133436e-216	0.510059082133514	0.841	0.783	5.63190118633517e-212	c4	CALM1
5.57630168763343e-208	0.429692611479366	0.822	0.624	1.8701800599985e-203	c4	PTPRCAP
5.89271626374698e-208	1.12440902991586	0.396	0.255	1.97629918053546e-203	c4	MBP
6.07746881596246e-206	0.376283102491921	0.972	0.942	2.03826149149749e-201	c4	PFN1
3.29172380679525e-203	0.721785137119722	0.576	0.434	1.10397833032299e-198	c4	PAXX
2.39283262287603e-195	1.13319510827178	0.306	0.17	8.02508205060162e-191	c4	CHST12
5.27884426085199e-195	1.19351202556973	0.276	0.146	1.77041878820454e-190	c4	TSEN54
7.93875483824877e-194	0.33224706457621	0.758	0.55	2.66249959765187e-189	c4	IL32
1.20521329934311e-193	2.63259498058582	0.069	0.016	4.04204436333693e-189	c4	RAP1GAP2
4.2480424471495e-191	1.71515744740749	0.123	0.043	1.424708475925e-186	c4	PPP2R2B
5.96526974026544e-191	2.12775367432697	0.125	0.045	2.00063216549022e-186	c4	CEP78
7.02688909980294e-191	0.882550194476933	0.443	0.297	2.35667806629191e-186	c4	PPP2R5C
7.51006711809025e-190	1.50536571223378	0.213	0.102	2.51872631006511e-185	c4	DIP2A
3.04294483946676e-186	1.44597093802564	0.225	0.111	1.02054284026036e-181	c4	PITPNC1
8.1200083742423e-186	0.907827032826016	0.493	0.362	2.72328840855338e-181	c4	FLNA
1.04192724144432e-185	1.24711858120254	0.229	0.112	3.49441558235595e-181	c4	PYHIN1
1.24680606454812e-184	3.69749289082894	0.032	0.004	4.18153817928148e-180	c4	HOXA10
2.73366018720897e-184	1.58343703564901	0.194	0.09	9.16814953586143e-180	c4	PRKX
2.84675347133427e-183	0.4561912804122	0.842	0.768	9.54744179216088e-179	c4	ARPC2
2.4167933913891e-177	1.01079526995816	0.478	0.361	8.10544167604077e-173	c4	FAM177A1
2.43223679326116e-177	0.261419718125186	0.977	0.947	8.15723575723927e-173	c4	HLA-A
7.19656342890266e-176	1.07438004880755	0.364	0.234	2.41358344278537e-171	c4	RHOC
1.03251494710034e-175	0.886682884257203	0.437	0.302	3.46284862958513e-171	c4	SLC9A3R1
1.70833061679683e-172	0.464920369693556	0.791	0.698	5.7293992226132e-168	c4	PTPRC
1.91595013556986e-172	3.22690412226532	0.032	0.004	6.4257135646742e-168	c4	VIPR2
2.06010907769809e-172	1.22824151866588	0.302	0.18	6.90919382478386e-168	c4	RASSF1
3.87269843792906e-172	0.252826046438664	0.992	0.984	1.29882560211265e-167	c4	MT-CO2
7.10875075535309e-172	1.47378765430873	0.14	0.055	2.38413282833032e-167	c4	F2R
7.70253898997407e-172	1.49162037818841	0.198	0.093	2.5832775264575e-167	c4	LINC02446
1.56956046914334e-171	2.72718623713912	0.039	0.006	5.26399190141292e-167	c4	B3GAT1
3.66839796476555e-171	1.22352479569408	0.282	0.161	1.23030730942307e-166	c4	CDK17
1.16628468484791e-167	0.873776542111891	0.367	0.228	3.91148557604293e-163	c4	APOBEC3G
2.50795468392975e-167	0.613527418346943	0.588	0.447	8.4111784189636e-163	c4	EVL
1.50650344544257e-166	0.445350856301554	0.597	0.423	5.0525112553253e-162	c4	TRBC2
2.74651269424909e-162	2.25670743006546	0.092	0.03	9.2112542739726e-158	c4	LINC02384
5.64003986807094e-162	1.2942199432811	0.256	0.143	1.89155657095363e-157	c4	LYAR
6.11498611687838e-162	0.297829956551262	0.96	0.922	2.05084404387867e-157	c4	RPL23A
5.80945398044586e-160	0.862062799765669	0.348	0.215	1.94837467596193e-155	c4	PARP8
1.97215685898202e-159	1.39413752161	0.21	0.107	6.61421967365389e-155	c4	ABHD17A
2.83223365245991e-159	2.13242097375952	0.056	0.013	9.49874522362004e-155	c4	ADGRG3
1.52115413318385e-158	1.87008163771611	0.055	0.012	5.10164673187199e-154	c4	COL6A2
1.66690771643496e-158	2.75060270379817	0.046	0.009	5.59047509937957e-154	c4	PLEKHG3
8.06405901881341e-158	1.7513757733606	0.088	0.028	2.70452411372964e-153	c4	EOMES
6.39448042747821e-157	1.70584876415536	0.114	0.042	2.14458084576764e-152	c4	RAB37
8.5508287942277e-155	1.88826885320114	0.08	0.024	2.86777696100808e-150	c4	KLRK1
1.44260482708856e-154	3.23572476210504	0.023	0.002	4.8382080690896e-150	c4	PDZD4
1.98980980437851e-153	1.05945872495641	0.364	0.244	6.67342412192464e-149	c4	MAPRE2
3.87877767627921e-153	1.18881165228411	0.256	0.144	1.30086445707052e-148	c4	AC116366.3
1.32325975691056e-151	3.68927569595154	0.022	0.002	4.43794857272665e-147	c4	LDB2
2.58390755751706e-150	1.17237132539934	0.304	0.19	8.66590916640071e-146	c4	JMJD6
5.60156878942821e-150	1.57445998397487	0.197	0.101	1.87865414059843e-145	c4	MVD
2.89969706972152e-148	1.18094292634671	0.264	0.153	9.72500403243205e-144	c4	RALGAPA1
3.18695973290249e-148	1.14491914271044	0.302	0.189	1.06884255522084e-143	c4	RNF166
4.831199465894e-147	1.51465549081761	0.217	0.118	1.62028767687153e-142	c4	RAB29
4.83453447725864e-147	0.632668362948892	0.553	0.419	1.621406172983e-142	c4	ID2
1.46705169526903e-145	0.255207554982777	0.99	0.977	4.92019797559326e-141	c4	MT-CO1
2.49139458144615e-145	1.0224888361889	0.388	0.28	8.35563914725409e-141	c4	CDC42SE1
2.82378293165558e-141	1.16894755616418	0.19	0.094	9.47040319618649e-137	c4	SCML4
6.9331172538842e-141	1.23954671368473	0.207	0.109	2.32522886460768e-136	c4	PLA2G16
1.66518882962436e-140	0.644517659563546	0.546	0.441	5.58471029679417e-136	c4	WIPF1
2.00377749781975e-139	1.35431577872646	0.232	0.132	6.72026897218786e-135	c4	HSH2D
2.72529493486148e-139	1.1277387952083	0.271	0.162	9.14009415253844e-135	c4	SYTL1
7.45090087390101e-139	2.72155392181937	0.063	0.018	2.49888313508892e-134	c4	LINC00996
7.48333479990817e-137	0.857237843064438	0.288	0.172	2.5097608251932e-132	c4	FKBP11
1.51262912553166e-136	1.12632423917233	0.349	0.246	5.07305556120809e-132	c4	EFHD2
3.04821053201435e-134	0.310547166190847	0.943	0.923	1.02230884822697e-129	c4	MT-CYB
1.80730347247341e-133	0.346876975779764	0.855	0.822	6.06133438598132e-129	c4	TMA7
1.92892565406974e-133	0.950134847749826	0.387	0.282	6.4692308586191e-129	c4	DHRS7
6.76250867422546e-133	4.00184927075701	0.019	0.002	2.26801015916173e-128	c4	KLRF2
4.52115425948365e-132	0.22763467118204	0.982	0.972	1.51630471554563e-127	c4	EIF1
1.06425091555657e-131	4.7667172008261	0.013	0.001	3.56928472059363e-127	c4	SLC1A7
5.66112424350796e-131	0.27436919652554	0.924	0.896	1.8986278487877e-126	c4	RPS29
2.12711404278531e-130	0.212425732100026	1	0.993	7.13391507669336e-126	c4	TMSB4X
2.7003395822446e-129	1.79824965105826	0.085	0.03	9.05639889093194e-125	c4	ZBTB16
6.54320993236928e-129	2.41400513930318	0.048	0.011	2.19446174711801e-124	c4	YPEL1
1.07401148117728e-128	1.06950694621991	0.259	0.155	3.60201970557236e-124	c4	ITGAL
8.94998282699536e-128	2.48629274055593	0.041	0.009	3.0016452405177e-123	c4	LINC00299
1.33284646427842e-126	0.641282451086935	0.515	0.4	4.47010047189697e-122	c4	CLEC2B
1.12811723131692e-125	0.788696606604383	0.438	0.333	3.78347957039069e-121	c4	SERTAD1
2.13456743224232e-125	2.02027871355738	0.074	0.024	7.15891225425431e-121	c4	CAPN12
3.53067291274941e-125	2.87443640437766	0.026	0.004	1.1841170814779e-120	c4	SLC4A4
1.19099736635921e-124	1.28845053678202	0.164	0.081	3.99436696729551e-120	c4	PLEKHF1
3.69350452374798e-124	0.377824203141883	0.767	0.676	1.2387275471746e-119	c4	RAC2
6.25590631242804e-123	0.64649975995842	0.572	0.494	2.09810585906212e-118	c4	DNAJB6
1.44118878996096e-122	4.66967071523805	0.012	0.001	4.83345896377106e-118	c4	LIM2
3.1581972331594e-122	1.04815003233338	0.266	0.162	1.059196188057e-117	c4	ABLIM1
7.62622482984566e-122	1.38268292645527	0.231	0.138	2.55768328343364e-117	c4	MAPK1
8.64689735236976e-122	0.241315934303662	0.601	0.447	2.89999643403777e-117	c4	ANXA1
1.43854191923532e-121	1.53049045224843	0.102	0.04	4.8245818887314e-117	c4	IL18RAP
3.80073190634376e-121	1.65710741879117	0.078	0.026	1.27468946674957e-116	c4	APBA2
1.24530811993667e-120	0.473434393715122	0.718	0.671	4.17651437264362e-116	c4	SRSF5
1.31455010506327e-120	1.83881765542211	0.091	0.034	4.40873814236119e-116	c4	AC012615.1
1.91198064755779e-120	0.324564406917319	0.623	0.502	6.41240069577932e-116	c4	GSTP1
5.02303040346804e-120	0.255568385661296	0.889	0.854	1.68462393671511e-115	c4	RPL21
7.65271907916063e-119	0.33654485118542	0.835	0.807	2.56656892476889e-114	c4	RPL36AL
1.42131387454253e-118	1.71919755216955	0.121	0.054	4.76680247244075e-114	c4	BPGM
2.74804739945376e-118	0.80583194576179	0.353	0.241	9.21640136828801e-114	c4	PDE4D
2.85638197960459e-117	4.56379174253584	0.011	0.001	9.57973388319787e-113	c4	LGALS9B
9.53547282327807e-117	0.456378049666522	0.683	0.623	3.198006875471e-112	c4	GUK1
4.74097515573091e-116	0.628439320279238	0.541	0.456	1.59002824772903e-111	c4	KMT2E
6.56780134036098e-116	0.306794659142922	0.828	0.721	2.20270921353026e-111	c4	TNFAIP3
7.32620270659118e-116	1.3616508592368	0.133	0.061	2.45706186373655e-111	c4	KLRG1
8.41201005344663e-116	1.2114009893344	0.237	0.144	2.82121993172493e-111	c4	AC004687.1
9.1823547417514e-116	0.62422980166803	0.57	0.504	3.07957813328859e-111	c4	RAP1B
3.51254900109547e-115	0.702706034688786	0.338	0.221	1.1780386839874e-110	c4	SKAP1
2.1252758571534e-114	0.777172492905497	0.395	0.291	7.12775016972107e-110	c4	DOK2
5.37080109542578e-114	1.83614208392477	0.058	0.017	1.8012592713839e-109	c4	LINC02084
1.09532351422113e-113	2.48668928556798	0.07	0.024	3.67349600199483e-109	c4	GPR141
1.12518977357342e-113	1.19723932812527	0.275	0.179	3.77366146261055e-109	c4	MAFF
1.1439461199797e-110	1.82947818717784	0.061	0.019	3.83656649718791e-106	c4	TRGV7
2.96005672757912e-110	0.887808762686128	0.329	0.227	9.92743825295484e-106	c4	VAMP2
5.53673451589666e-110	0.785627180479016	0.369	0.264	1.85691002194142e-105	c4	SLC38A1
2.29635124382186e-108	0.224382703646954	0.966	0.938	7.70150280152977e-104	c4	RPL6
5.01001071659327e-108	1.27081715778035	0.241	0.153	1.68025739413105e-103	c4	MAZ
7.58407382334393e-108	1.22173159866855	0.3	0.211	2.54354667887309e-103	c4	STARD3NL
1.45233947761321e-107	0.657545422476068	0.492	0.391	4.87085614001919e-103	c4	MAP3K8
1.7398319509487e-107	1.01232946211082	0.209	0.119	5.83504839709177e-103	c4	ATP8A1
2.07216558550615e-107	0.779504730775267	0.413	0.311	6.94962894067053e-103	c4	ZEB2
4.86238964673986e-107	1.5908994875276	0.085	0.033	1.63074823972361e-102	c4	ABCB1
4.02340187813901e-106	1.68780649578749	0.112	0.05	1.34936852189026e-101	c4	GFOD1
1.62324233002485e-105	2.27418338198503	0.041	0.01	5.44403012643734e-101	c4	FAM169A
5.64503517203202e-105	1.57418606375699	0.125	0.059	1.8932318959961e-100	c4	ADRB2
8.60505285431616e-104	1.31423217838881	0.089	0.035	2.88596262628055e-99	c4	DTHD1
1.91306865701284e-103	1.63480709875725	0.109	0.049	6.41604966188966e-99	c4	RRAS2
1.35187062289447e-102	0.202910494913835	0.982	0.967	4.53390369506347e-98	c4	H3F3B
2.73258427245699e-102	0.829524323908204	0.379	0.286	9.16454113296625e-98	c4	RASSF5
1.38938033781171e-101	0.694353825218889	0.478	0.404	4.65970377695292e-97	c4	BZW1
3.50156382259202e-101	0.262659215114942	0.921	0.896	1.17435447482091e-96	c4	RPL37A
6.51174356585362e-101	0.894997965138513	0.331	0.236	2.18390855711599e-96	c4	GABARAPL1
1.41994328709025e-100	2.26395333859701	0.087	0.036	4.76220579624327e-96	c4	CTBP2
2.35630539151531e-100	3.19513664312954	0.027	0.005	7.90257702206405e-96	c4	BNC2
8.9676649982666e-100	0.822198823696274	0.426	0.347	3.00757548711865e-95	c4	RAB5IF
1.03163524307684e-99	1.05436327296091	0.218	0.133	3.45989827823111e-95	c4	SORL1
1.92466074210402e-99	1.76329312038787	0.096	0.041	6.45492719686846e-95	c4	AGPAT4
2.1928888821032e-99	1.48663974772177	0.168	0.094	7.35451073279772e-95	c4	UAP1
5.75277789291145e-99	2.94775161181725	0.023	0.004	1.92936664972464e-94	c4	AL035701.1
1.1144137045738e-98	1.0075970830658	0.274	0.184	3.73752068239962e-94	c4	PPP3CC
1.24494819652187e-98	1.58063663827372	0.09	0.037	4.17530726149506e-94	c4	MMP25-AS1
5.88054700058214e-98	0.217841080588213	0.964	0.922	1.97221785305524e-93	c4	SH3BGRL3
2.14354687696138e-97	2.5996556685238	0.03	0.006	7.18902751595307e-93	c4	PDGFRB
8.35752932212167e-97	2.81209886043984	0.025	0.004	2.80294818405316e-92	c4	LINC00092
1.71470187028085e-96	0.230764184457019	0.996	0.987	5.7507671325479e-92	c4	RPS19
2.96888939856269e-96	2.00905212666944	0.045	0.013	9.95706126489955e-92	c4	KLRC4
3.4335656506136e-95	1.28378891124003	0.201	0.122	1.15154924790279e-90	c4	UBE2F
4.02646224241994e-95	0.212983594973196	0.937	0.888	1.3503949068628e-90	c4	BTG1
6.42691346282263e-95	0.134667564895097	0.998	0.992	2.15545823716145e-90	c4	RPL10
1.74026241188887e-94	1.29098869681256	0.152	0.081	5.83649207699291e-90	c4	MIB2
1.88351227962945e-94	3.99534747799787	0.012	0.001	6.31692348342126e-90	c4	CCNJL
2.61360842311397e-94	2.28417042912301	0.044	0.013	8.76551992943963e-90	c4	RAMP1
5.22527505470016e-94	2.31730238979879	0.032	0.007	1.75245274784534e-89	c4	TTC16
5.52680814456801e-94	0.221517699120249	0.683	0.557	1.85358091552522e-89	c4	CD69
7.00693678408497e-94	3.67780802008365	0.019	0.003	2.34998645864642e-89	c4	MIR181A2HG
2.1895488561913e-93	0.972622132151801	0.247	0.159	7.34330895389437e-89	c4	PRKACB
1.23048913297939e-92	1.42921438541535	0.053	0.017	4.12681445418627e-88	c4	RAB27B
1.09169304224188e-90	0.644564747159834	0.476	0.404	3.66132012507082e-86	c4	MSN
9.0527846368645e-89	2.87242133064132	0.028	0.006	3.03612291151162e-84	c4	AC008035.1
4.21543281179192e-88	3.4520226670691	0.016	0.002	1.41377185641877e-83	c4	NUAK1
1.01715093279525e-87	0.998208942377684	0.229	0.147	3.41132079840869e-83	c4	ITGB7
4.63399282648383e-87	0.577818866925274	0.335	0.229	1.55414851414615e-82	c4	CD96
6.59515197894787e-87	1.51650362632507	0.083	0.035	2.21188207069954e-82	c4	TSPOAP1
7.26544130385426e-87	0.806926542281832	0.335	0.249	2.43668370448664e-82	c4	SIGIRR
7.4679714375639e-87	0.154260489670426	0.99	0.977	2.50460826073018e-82	c4	RPS14
1.04296166468758e-86	0.134663146425775	0.967	0.897	3.49788483102921e-82	c4	SRGN
1.89333747267302e-86	0.178932446379093	0.976	0.951	6.34987521585078e-82	c4	RPS4X
8.14069912709148e-86	1.16984095202229	0.192	0.118	2.73022767324394e-81	c4	LPCAT1
7.45108378076775e-85	0.641822355541138	0.294	0.198	2.49894447839389e-80	c4	RORA
3.14771969426775e-84	1.02983337001892	0.24	0.16	1.05568223106352e-79	c4	IQGAP2
8.62944342267645e-84	1.20288033828333	0.114	0.056	2.89414273509723e-79	c4	PRR5
3.02546512041965e-83	0.837119261351324	0.362	0.284	1.01468049208634e-78	c4	ARPC5L
3.14233850914105e-83	1.00741248821859	0.212	0.133	1.05387748919572e-78	c4	RBM38
6.31274860575914e-83	1.8586112975881	0.069	0.027	2.1171696273995e-78	c4	SLFN13
7.48491738955211e-83	0.846257507009841	0.253	0.169	2.51029159410799e-78	c4	NFATC2
7.94770412396606e-83	0.30002108595331	0.848	0.827	2.66550100909574e-78	c4	MT-ND5
1.25622427691462e-82	0.853123384577498	0.289	0.205	4.21312497991625e-78	c4	SELPLG
1.47770745287854e-82	1.04937965241371	0.236	0.159	4.95593525546405e-78	c4	RIN3
4.09425914835623e-82	1.07151933643684	0.128	0.065	1.37313263317571e-77	c4	FASLG
5.72004577970471e-81	0.868960359702759	0.257	0.174	1.91838895359737e-76	c4	BTN3A2
1.32749781766144e-80	2.5663553536767	0.025	0.005	4.45216218087294e-76	c4	PTCH1
1.57126305953937e-80	2.89718988089329	0.019	0.003	5.26970204908315e-76	c4	COLQ
2.59157521396913e-80	1.6904451846925	0.072	0.029	8.69162495260966e-76	c4	MXRA7
2.05241877475673e-79	0.696417695860404	0.279	0.182	6.88340208677913e-75	c4	IFNG
2.4906992751206e-79	0.946998511682207	0.269	0.191	8.35330722889946e-75	c4	ZBTB1
4.82877572480092e-79	0.597738492008783	0.456	0.383	1.61947480258373e-74	c4	CCDC85B
5.62038173010298e-78	1.04919263751077	0.234	0.158	1.88496362464194e-73	c4	ADD3
4.69699159440773e-77	1.37251707511508	0.152	0.088	1.57527704093246e-72	c4	SERTAD3
7.98426307933832e-77	1.45463485166613	0.088	0.04	2.67776215154849e-72	c4	AC004865.2
9.75088884325442e-77	1.74485013119202	0.093	0.044	3.27025310025067e-72	c4	TLE1
9.98371380312074e-77	2.06410463120153	0.037	0.011	3.34833793529063e-72	c4	AL109955.1
1.04672793664293e-76	1.27127418490195	0.16	0.094	3.51051615391306e-72	c4	ITPRIP
1.23769890748984e-76	2.27115370704992	0.023	0.005	4.15099459593943e-72	c4	ST8SIA6
1.4392520393683e-76	0.522507984672509	0.507	0.439	4.82696348963339e-72	c4	SEPT7
3.27420546939566e-76	2.25956794753497	0.04	0.012	1.09810303032592e-71	c4	MYO6
1.60563776855768e-75	0.527676377019891	0.518	0.454	5.38498794818876e-71	c4	JAK1
5.45377869251415e-75	0.620152021478059	0.344	0.253	1.8290882978954e-70	c4	PTPN22
1.90436022115405e-74	2.63583599794229	0.022	0.004	6.38684330970646e-70	c4	CACNA2D2
1.96778927333302e-74	0.720810769708901	0.29	0.206	6.59957166490427e-70	c4	CCND2
2.46734480828313e-73	0.505533244774336	0.38	0.285	8.27498101801995e-69	c4	ETS1
2.86679626988247e-73	2.14609194758061	0.075	0.033	9.61466132993182e-69	c4	ASCL2
5.8275666537551e-73	0.164979347947452	0.987	0.972	1.95444930433638e-68	c4	RPL26
7.08130277258339e-73	0.198605748159393	0.948	0.928	2.37492732386902e-68	c4	RPS26
1.63438055260864e-72	0.715028687889483	0.327	0.246	5.48138549733885e-68	c4	RHOF
8.05909082719534e-72	1.65686530645297	0.059	0.023	2.70285788162477e-67	c4	PRR5L
1.09925655551057e-71	1.70138658418821	0.066	0.027	3.68668663587136e-67	c4	AXIN1
3.79929002756033e-71	2.20297220253552	0.025	0.006	1.27420588944318e-66	c4	KLRC4-KLRK1
4.32762488078688e-71	0.752770109953777	0.308	0.228	1.4513988325183e-66	c4	NR4A3
4.82921738856415e-71	1.16252484275019	0.139	0.079	1.61962292777664e-66	c4	CARD11
5.82572044520337e-71	0.413158586174415	0.614	0.548	1.9538301229123e-66	c4	LCP1
7.32432524642871e-71	1.00450065099056	0.172	0.104	2.45643220114726e-66	c4	ZBP1
1.00943533503539e-70	0.261741990238687	0.7	0.642	3.3854442266417e-66	c4	SRSF7
1.11516454150799e-70	2.86450542809732	0.02	0.004	3.74003883930948e-66	c4	EPB41L4A
1.63593978001338e-70	0.429073885568593	0.615	0.581	5.48661483420886e-66	c4	RBM39
2.67093978368735e-70	0.826688609159142	0.302	0.227	8.95779784653062e-66	c4	MACF1
4.86970835042144e-70	2.52353902252557	0.048	0.017	1.63320278656434e-65	c4	SPRY2
6.88984605593693e-70	1.65144652502922	0.052	0.019	2.31071657024013e-65	c4	JAKMIP2
2.43783239146281e-69	1.47802087124248	0.085	0.04	8.17600227448796e-65	c4	RGS9
4.26476723323459e-69	0.776565207454827	0.269	0.191	1.43031763468222e-64	c4	CYFIP2
2.09338076101952e-68	2.52192230590096	0.022	0.005	7.02078039630726e-64	c4	CARNS1
2.20673291514285e-68	0.634486832937633	0.213	0.135	7.40094085080607e-64	c4	GZMK
2.6394441312007e-68	0.950629959225076	0.284	0.215	8.8521677272209e-64	c4	CNOT2
8.94742775770783e-68	1.47032753617044	0.062	0.025	3.00078832138005e-63	c4	LINC00944
1.86336658681821e-67	0.122333382431262	0.997	0.99	6.24935885887092e-63	c4	RPS15A
2.43061172021358e-67	0.62212971724648	0.45	0.397	8.15178558725231e-63	c4	OSTF1
2.57287400157016e-67	1.11201061536219	0.145	0.084	8.62890482646601e-63	c4	TRG-AS1
3.76139243271417e-67	0.155823256575012	0.978	0.956	1.26149579408368e-62	c4	RPL7A
3.94449590365387e-67	2.98622097803405	0.016	0.003	1.32290503616743e-62	c4	ENPP5
6.92583710134072e-67	1.11786192472137	0.104	0.053	2.32278724704765e-62	c4	S1PR1
1.0837287236598e-66	0.176953726213232	1	0.986	3.63460939341023e-62	c4	MALAT1
3.07775654842522e-66	1.24948805677204	0.108	0.057	1.03221799121085e-61	c4	ZNF600
4.88640553302387e-66	0.502439056824423	0.525	0.465	1.63880268766555e-61	c4	BTG2
6.81291738601743e-66	0.511299122441732	0.483	0.419	2.28491623292253e-61	c4	GYPC
8.45353663331378e-66	2.45216190400493	0.018	0.004	2.83514711608078e-61	c4	CCDC65
8.91022202941516e-66	1.29050002181586	0.093	0.046	2.98831026422526e-61	c4	TMEM71
2.17644650173811e-65	1.39159777479348	0.114	0.062	7.29936627752928e-61	c4	TRAPPC10
2.9188051130791e-65	0.283738111838472	0.784	0.738	9.78908858824468e-61	c4	CYBA
3.49474147820403e-65	0.150812264238403	0.965	0.941	1.17206639696007e-60	c4	RPL14
4.78572228535515e-65	1.44455933699584	0.097	0.05	1.60503554006241e-60	c4	GSE1
5.33501153664229e-65	0.914822596098487	0.244	0.175	1.78925616915909e-60	c4	MYO1F
8.57596870967574e-65	0.93573977684787	0.14	0.081	2.87620838585105e-60	c4	SLFN12L
1.79081663332402e-64	1.92469572551719	0.027	0.007	6.0060408248421e-60	c4	CXCR2
3.90542365490751e-64	1.06118639299138	0.181	0.118	1.30980098538288e-59	c4	PIP4K2A
4.06838297453445e-64	2.17977555813409	0.023	0.005	1.36445428199936e-59	c4	AL158071.3
5.61472373864205e-64	0.165404165527553	0.979	0.965	1.88306604746577e-59	c4	RPL41
9.09992504028931e-63	0.816231527826072	0.311	0.244	3.05193286001223e-58	c4	SYAP1
1.66772738563147e-62	2.29345745178646	0.049	0.019	5.59322410593083e-58	c4	HDGFL3
3.1457661412731e-62	1.0976015502043	0.229	0.166	1.05502704846017e-57	c4	LAT2
3.51572171770728e-62	1.18710615895994	0.166	0.106	1.17910274968467e-57	c4	RNF168
6.20852684789526e-62	0.582377260279622	0.331	0.253	2.08221573424711e-57	c4	CNOT6L
1.3741283353214e-61	2.20472784583131	0.042	0.015	4.60855161100092e-57	c4	HES6
1.59631552230512e-61	0.97788882610396	0.191	0.127	5.35372299870692e-57	c4	DGKZ
2.06609826573691e-61	0.553110862424727	0.446	0.39	6.92928036362846e-57	c4	HLA-F
3.51647031125799e-61	0.341447709644404	0.67	0.636	1.1793538129897e-56	c4	PSME1
8.80897914946614e-61	0.190935012426519	0.909	0.893	2.95435542714795e-56	c4	EEF1D
1.30706909168403e-60	0.164712070899237	0.937	0.909	4.38364831968989e-56	c4	RPL17
1.91217476168413e-60	2.39021101959861	0.041	0.014	6.41305171573625e-56	c4	PPM1L
2.52056905242217e-60	1.09580644458958	0.185	0.123	8.45348448801347e-56	c4	METRNL
3.4431539879813e-60	0.513106134763347	0.553	0.508	1.15476498448917e-55	c4	CREM
1.2701903231591e-59	0.936091533323021	0.137	0.081	4.25996430581098e-55	c4	NLRC3
1.71761161379237e-59	1.52512293867784	0.078	0.038	5.76052583033686e-55	c4	USP28
3.8298512173346e-59	0.217000156350226	0.828	0.79	1.28445550126968e-54	c4	ARHGDIB
4.04323415393398e-59	0.325982502073729	0.651	0.595	1.35601987054638e-54	c4	LSP1
4.10361946294711e-59	1.06252783199298	0.189	0.127	1.3762718954832e-54	c4	KLF3
7.67108372612946e-59	0.203687523539466	0.89	0.864	2.5727280600693e-54	c4	RPL27
8.00699355940595e-59	0.913691843220668	0.165	0.104	2.68538549995357e-54	c4	BTN3A1
4.80723055313645e-58	0.212126357634987	0.776	0.724	1.6122489829109e-53	c4	PNRC1
8.28978082473258e-58	0.770463161896994	0.293	0.226	2.78022669299881e-53	c4	ISCA1
1.32579264675115e-57	2.05624624231261	0.03	0.009	4.446443378674e-53	c4	RAB11FIP5
1.32931326045123e-57	0.671881680379239	0.329	0.261	4.45825081290133e-53	c4	IDI1
1.36609668096011e-57	0.64593316819254	0.343	0.272	4.58161504860401e-53	c4	PTGER4
1.3709192269516e-57	0.973383937438864	0.19	0.129	4.59778890335027e-53	c4	MRPL10
4.40671684824937e-57	0.790814217760544	0.251	0.183	1.47792469656587e-52	c4	RASA2
4.67227707590221e-57	1.06439208913358	0.141	0.086	1.56698828571608e-52	c4	SNRK
6.51534628461761e-57	0.922530454555951	0.211	0.148	2.18511683693505e-52	c4	ADAM8
7.07898425962907e-57	0.179684301183393	0.92	0.886	2.3741497409944e-52	c4	CFL1
9.1020779257437e-57	1.90011772964069	0.052	0.021	3.05265489473592e-52	c4	DDN-AS1
1.363838985071e-56	0.496556404119076	0.505	0.465	4.57404318813112e-52	c4	BRD2
2.21622721489946e-56	1.06826024047591	0.205	0.145	7.43278283332982e-52	c4	RNF115
4.99581061452804e-56	0.549081104289427	0.437	0.384	1.67549496390041e-51	c4	ARF6
1.01932703560755e-55	0.248737008062879	0.784	0.768	3.41861901202061e-51	c4	YWHAZ
1.2709634132021e-55	0.831328891376337	0.235	0.17	4.2625570951972e-51	c4	STK10
2.03853908784849e-55	0.240727235002536	0.803	0.801	6.83685239282627e-51	c4	DDX5
2.73909670667882e-55	0.84095998564202	0.258	0.192	9.18638253485943e-51	c4	UTRN
3.93079038043752e-55	0.703285514125261	0.324	0.262	1.31830847779113e-50	c4	C9orf78
4.07816304696469e-55	0.120905493057847	0.985	0.967	1.36773432269102e-50	c4	RPS7
4.6272348846363e-55	2.09620716670128	0.028	0.008	1.55188203560932e-50	c4	SBK1
5.48299906686113e-55	2.96629327043381	0.012	0.002	1.83888822704388e-50	c4	NCR2
8.76847914639237e-55	0.49406827946974	0.366	0.292	2.94077253611707e-50	c4	TBC1D10C
1.44817687049221e-54	0.807717830786295	0.292	0.23	4.85689558825676e-50	c4	GLIPR2
1.96967048419888e-54	0.425529956740306	0.46	0.391	6.60588086990619e-50	c4	RNF213
2.13304795121526e-54	2.24479068503424	0.029	0.009	7.15381621878573e-50	c4	C10orf91
1.25861449561318e-53	0.995546440632109	0.2	0.141	4.2211412953875e-49	c4	TLE4
1.34964800732244e-53	0.867824191879697	0.129	0.077	4.526449486958e-49	c4	SYTL2
2.34026029290006e-53	0.723528359248417	0.286	0.22	7.84876497032823e-49	c4	SLA
3.92522525047284e-52	1.20026890773353	0.125	0.076	1.31644204450358e-47	c4	DGKD
7.29422986201026e-52	0.589324610327684	0.324	0.256	2.446338811121e-47	c4	PTPN7
1.85274425723145e-51	0.473661380832034	0.37	0.308	6.21373368990282e-47	c4	XBP1
2.01065067776837e-51	0.159251891998041	0.832	0.762	6.74332024309956e-47	c4	CRIP1
2.12801731574391e-51	2.35935110468671	0.021	0.005	7.13694447354192e-47	c4	ADAMTS10
2.48661803310045e-51	0.948481670241602	0.356	0.3	8.33961955941229e-47	c4	MT1X
4.75078112156737e-51	0.586178527536193	0.401	0.354	1.59331697255126e-46	c4	HMGN3
4.99813999353114e-51	0.884797749591937	0.239	0.179	1.67627619103047e-46	c4	ATM
1.09690574478357e-50	0.855744880563258	0.219	0.159	3.67880248685513e-46	c4	PLEKHA2
5.0601215552225e-50	0.772980506336509	0.246	0.183	1.69706356719052e-45	c4	RBL2
5.4477744529385e-50	0.154216711175519	0.955	0.939	1.82707459602651e-45	c4	MT-CO3
6.50851258721634e-50	0.941890447645534	0.124	0.075	2.18282495150062e-45	c4	KLF12
1.42679834179513e-49	3.78155991017137	0.012	0.002	4.7851962787125e-45	c4	TKTL1
1.63643882828021e-49	0.725432258347208	0.382	0.335	5.48828854228617e-45	c4	ITGB1
2.08960477058591e-49	0.145938473102102	0.78	0.748	7.00811647959101e-45	c4	UBB
2.81886116004067e-49	0.817308413368602	0.234	0.174	9.4538965585444e-45	c4	STOM
3.6132147014428e-49	0.953684304486076	0.123	0.074	1.21179994656989e-44	c4	CD226
4.63809700803556e-49	0.246312298433313	0.441	0.345	1.55552497455497e-44	c4	LCK
5.19640286157915e-49	0.355533480498058	0.594	0.572	1.74276959171641e-44	c4	TRIR
9.92358920043047e-49	1.16253741438986	0.093	0.051	3.32817334604037e-44	c4	AC245297.3
1.27328673295812e-48	1.51462250293806	0.039	0.015	4.27034904499494e-44	c4	LINC002481
3.40802537578244e-48	2.2020026083756	0.044	0.018	1.14298355052991e-43	c4	GOLM1
3.66897841731166e-48	0.547384516757691	0.387	0.331	1.23050198159799e-43	c4	RSRP1
2.14184348489026e-47	2.45490835754074	0.032	0.011	7.18331467962497e-43	c4	GOLGA8N
8.00339607071174e-47	0.732987571727436	0.292	0.235	2.6841789741953e-42	c4	DDX6
1.11126282776614e-46	0.716923804450777	0.233	0.173	3.72695327176208e-42	c4	APOL6
1.19782637189619e-46	0.92687748911458	0.182	0.127	4.01727008606543e-42	c4	NFATC3
5.50993721354544e-46	1.26755450018341	0.14	0.092	1.84792274267887e-41	c4	HIPK2
6.32092194770684e-46	0.589489288138452	0.474	0.455	2.11991080282192e-41	c4	EIF3G
7.91503808637224e-46	0.846886680249401	0.26	0.205	2.65454547340752e-41	c4	NARF
9.60071299780203e-46	0.653030581320206	0.358	0.306	3.21988712520284e-41	c4	CCNH
1.67932579642497e-45	2.67757897830014	0.015	0.003	5.63212285605008e-41	c4	AGAP1
2.22126550655712e-45	1.1837717143926	0.117	0.072	7.44968025589126e-41	c4	PRR7
3.12204541766358e-45	0.32322546125087	0.593	0.567	1.04707159217601e-40	c4	SELENOK
6.17323950931046e-45	0.718146772968639	0.304	0.253	2.07038106663254e-40	c4	ARIH2
8.68166065019931e-45	0.559371665610384	0.401	0.355	2.91165534886385e-40	c4	PPP1R18
1.5569947681648e-44	1.0591113191579	0.152	0.103	5.22184905347109e-40	c4	KBTBD2
2.07427055077492e-44	2.34314314462561	0.022	0.006	6.95668857318894e-40	c4	TRDV1
2.08900990700597e-44	2.56208951608159	0.015	0.003	7.00612142611661e-40	c4	AC006033.2
6.3272816882031e-44	0.498621943182644	0.464	0.425	2.12204373258956e-39	c4	PDIA3
1.44010670659198e-43	1.50609034870383	0.039	0.016	4.82982987256817e-39	c4	ADHFE1
2.42141614101537e-43	1.55589726703992	0.058	0.028	8.12094545373735e-39	c4	LLGL2
3.69882584095256e-43	0.332626954179579	0.588	0.566	1.24051221053867e-38	c4	POLR2L
4.32628874298022e-43	1.64469089391448	0.042	0.018	1.45095071862071e-38	c4	ERICH6-AS1
4.57717980036738e-43	0.398986115991662	0.539	0.524	1.53509456144721e-38	c4	SSR2
1.49226171058197e-42	0.639342560685707	0.246	0.188	5.0047473249498e-38	c4	AAK1
2.53906431302962e-42	0.429926198492183	0.325	0.258	8.51551389303873e-38	c4	AREG
1.41005432814605e-41	0.727892066228545	0.216	0.161	4.72904020573623e-37	c4	SLC44A2
3.72196479364164e-41	0.30538552586994	0.556	0.506	1.24827255249153e-36	c4	LIMD2
5.467635279415e-41	0.444841303556358	0.399	0.343	1.8337355200102e-36	c4	AC016831.7
1.18206558888728e-40	1.16363485416565	0.11	0.068	3.96441157201016e-36	c4	ATP8B4
2.24702029806178e-40	3.24707116264582	0.01	0.002	7.53605667563958e-36	c4	CYP2F1
6.00884822076464e-40	2.0261899551679	0.019	0.005	2.01524751628004e-35	c4	AC009495.3
1.00143717999824e-39	1.19442035138574	0.119	0.077	3.3586200142781e-35	c4	TENT4B
2.83463830758691e-39	1.13152430976951	0.086	0.05	9.50680995598499e-35	c4	PILRB
7.82088947377033e-39	0.636860269137781	0.263	0.209	2.62296991171309e-34	c4	LNPEP
2.23934522175044e-38	1.67327552181812	0.029	0.011	7.51031600470663e-34	c4	DRAXIN
4.70482651809973e-38	1.019778206722	0.143	0.098	1.57790471764029e-33	c4	STK38
5.99608196429617e-38	1.05397275900644	0.079	0.044	2.01096596918565e-33	c4	CRTAM
6.07096961436122e-38	0.352844848285884	0.484	0.444	2.03608178926447e-33	c4	STK4
1.54846474155956e-37	1.06344867700352	0.098	0.06	5.19324105024246e-33	c4	ZNF276
2.14204504227828e-37	0.831345475137831	0.107	0.066	7.1839906627929e-33	c4	PRKCQ
2.41979916517257e-37	0.62021225757243	0.231	0.176	8.11552244015577e-33	c4	ARAP2
2.80540929297697e-37	1.35026741727041	0.068	0.037	9.40878168678618e-33	c4	GALNT3
2.97046854766887e-37	1.70065671020677	0.033	0.013	9.96235741517187e-33	c4	ZNF571
3.93853065450963e-37	0.305156878207821	0.581	0.554	1.32090441090944e-32	c4	MBNL1
4.9114418107927e-37	0.850877330763426	0.18	0.132	1.64719935450366e-32	c4	FGR
1.07284510522327e-36	0.440704209541436	0.459	0.429	3.59810791389781e-32	c4	FAM49B
1.08138483045157e-36	2.19022653535456	0.02	0.006	3.62674844436847e-32	c4	LGALS9C
1.19204054602397e-36	1.54223554202254	0.033	0.014	3.99786558325518e-32	c4	AP005482.1
1.22577760383365e-36	0.864566210203207	0.214	0.166	4.11101292773729e-32	c4	TES
1.3741135359723e-36	1.141639899909	0.129	0.087	4.60850197694392e-32	c4	SLC10A3
2.12065386488351e-36	0.197903660470533	0.762	0.75	7.11224893204631e-32	c4	RPL31
3.59982793484889e-36	1.65272402058649	0.032	0.013	1.20731029278962e-31	c4	NSG1
4.39514952163783e-36	0.633999431620427	0.214	0.162	1.4740452465669e-31	c4	ATP2B4
4.66521015828941e-36	2.03009538519579	0.016	0.004	1.5646181828871e-31	c4	AC068446.2
7.00844926615583e-36	1.63039445329736	0.023	0.008	2.35049371488334e-31	c4	AL158071.4
1.0010022566877e-35	0.614130310683807	0.296	0.249	3.35716136847922e-31	c4	ACTN4
1.11305961427463e-35	0.93832899146501	0.119	0.078	3.73297933435425e-31	c4	CA5B
1.21956869358203e-35	0.600198808717582	0.389	0.363	4.0901894845354e-31	c4	TCF25
1.48828281976891e-35	0.564864487503083	0.292	0.241	4.99140292094098e-31	c4	ITGA4
1.55019594081073e-35	0.715486629954694	0.28	0.231	5.19904714629104e-31	c4	PIM1
2.3172778691601e-35	0.195461599786525	0.768	0.726	7.77168651758914e-31	c4	CLIC1
4.60244797576458e-35	1.71141570863248	0.029	0.011	1.54356900211193e-30	c4	C1orf61
1.18233989973657e-34	0.409644788544415	0.306	0.246	3.9653315557365e-30	c4	CBLB
1.32140176668277e-34	2.44428067159886	0.014	0.004	4.43171724510068e-30	c4	DSCR9
1.49782507972374e-34	1.3884246847482	0.059	0.031	5.02340575237749e-30	c4	RHEBL1
4.17086133969953e-34	0.785039887361262	0.236	0.191	1.39882347610843e-29	c4	UHMK1
4.72217307870029e-34	0.825695444438372	0.205	0.159	1.5837224071345e-29	c4	HAVCR2
4.80553225814734e-34	0.649158000404522	0.279	0.233	1.61167940873745e-29	c4	SPSB3
7.16760631956793e-34	0.822870958194913	0.135	0.092	2.40387180745669e-29	c4	ANXA2R
7.88676946836855e-34	0.709119927238204	0.265	0.22	2.64506474430144e-29	c4	MIDN
8.74703560745327e-34	0.682041986290285	0.182	0.133	2.93358080202768e-29	c4	PPP1R16B
1.09636267222052e-33	1.39876991526893	0.057	0.03	3.67698113009317e-29	c4	HEG1
1.11924474130794e-33	1.77681646324673	0.033	0.014	3.75372301339858e-29	c4	PAFAH2
1.4502992389151e-33	0.740895004783583	0.258	0.211	4.86401358747348e-29	c4	ZC3H12A
1.50090689092197e-33	0.797109833270273	0.15	0.105	5.03374153077409e-29	c4	ARHGEF3
1.51637919328619e-33	1.16481847676982	0.096	0.06	5.08563253844323e-29	c4	KLHDC4
2.56763573977604e-33	0.996675020494445	0.161	0.118	8.6113367440609e-29	c4	MTFP1
3.10156489102644e-33	0.461968526898589	0.348	0.3	1.04020283315245e-28	c4	IL2RG
5.6369629180067e-33	1.03871145442105	0.089	0.055	1.89052462344109e-28	c4	PLEKHA1
5.67944952244956e-33	0.121864476966865	0.927	0.905	1.90477378083913e-28	c4	NACA
7.3423585847722e-33	0.32404682741096	0.359	0.302	2.4624802221609e-28	c4	KLF2
8.41904846290426e-33	0.227039372965248	0.673	0.658	2.82358047348883e-28	c4	MYL12B
1.33443352236491e-32	0.430338056020459	0.426	0.39	4.47542314730745e-28	c4	CELF2
1.52820359074069e-32	0.552875523964137	0.365	0.332	5.12528920262611e-28	c4	HNRNPUL1
3.29152637082008e-32	2.29346884018514	0.014	0.004	1.10391211424564e-27	c4	TRGV5P
3.72072066032333e-32	1.93113192172556	0.021	0.007	1.24785529505924e-27	c4	SMKR1
3.94888746911756e-32	1.15180073990267	0.07	0.04	1.32437787939265e-27	c4	RGS3
7.09230419205341e-32	1.5745298480006	0.041	0.02	2.37861697993087e-27	c4	ZNF250
7.15344228203461e-32	2.31884669642931	0.019	0.006	2.39912147254877e-27	c4	ERBB2
7.67467549425249e-32	0.987432551767979	0.069	0.039	2.5739326672624e-27	c4	ABCA2
8.22889029969371e-32	0.641435043198899	0.202	0.154	2.75980522871128e-27	c4	DENND2D
1.09693937238864e-31	0.634209148712221	0.268	0.223	3.67891526711703e-27	c4	TMX4
1.13174968602331e-31	0.768301486153175	0.171	0.126	3.79566209698497e-27	c4	MLLT6
1.19946310338444e-31	0.524523312350381	0.364	0.324	4.02275935613073e-27	c4	AHNAK
1.514413087236e-31	0.149200772693979	0.835	0.82	5.07903861197209e-27	c4	HNRNPA1
3.62786061204739e-31	1.00848223852748	0.156	0.115	1.21671189206845e-26	c4	SIRT2
4.03807723787071e-31	0.947741938937618	0.12	0.082	1.35429034403708e-26	c4	ITGAM
4.24577143154658e-31	2.20881273517375	0.013	0.003	1.42394682271209e-26	c4	SGSM1
5.82542029897656e-31	0.38747972662169	0.41	0.37	1.95372945987076e-26	c4	ARHGEF1
8.60457141578827e-31	0.783967661910403	0.205	0.162	2.88580116142707e-26	c4	ZNF800
9.44101782377669e-31	1.98931112287031	0.018	0.006	3.16632855773823e-26	c4	PYROXD2
1.08234430791943e-30	1.42215501857947	0.035	0.016	3.62996633990019e-26	c4	ELOVL6
1.09414912165991e-30	0.455194238848638	0.363	0.322	3.66955732422301e-26	c4	CDC42SE2
1.12228249663228e-30	1.46187065666214	0.053	0.028	3.76391103720532e-26	c4	ENPP4
1.33644769428712e-30	0.669114859094051	0.266	0.224	4.48217827710013e-26	c4	RAB8B
1.54740184932403e-30	0.324362924676711	0.476	0.427	5.18967632226293e-26	c4	GADD45B
1.72566584782917e-30	0.940772497748317	0.154	0.113	5.78753812044948e-26	c4	IGF2R
2.83852584959936e-30	0.247250995262936	0.524	0.499	9.51984799438634e-26	c4	C9orf16
2.84015519732032e-30	0.949852641325868	0.119	0.081	9.52531250077289e-26	c4	NR1D2
3.25142753075873e-30	2.40713531448807	0.01	0.002	1.09046376526586e-25	c4	OR4D1
3.31521508976733e-30	0.504312654682552	0.298	0.253	1.11185683680617e-25	c4	H2AFX
6.35557297886765e-30	2.22439835962329	0.014	0.004	2.13153206565263e-25	c4	NME8
8.19488095478939e-30	0.974068055178789	0.097	0.063	2.74839917461727e-25	c4	BCL9L
9.88983564288643e-30	1.2898189751797	0.043	0.022	3.31685307791125e-25	c4	TOGARAM2
2.79294386643746e-29	0.443320385704418	0.289	0.238	9.36697513925794e-25	c4	TENT5C
3.0628152028706e-29	1.1310445291135	0.098	0.065	1.02720696273874e-24	c4	ATG4D
4.27728462956804e-29	0.482109977782045	0.396	0.372	1.43451571906453e-24	c4	CD47
5.13615254360213e-29	2.50998893533334	0.035	0.016	1.72256284007328e-24	c4	CERCAM
7.03161370280663e-29	1.18182210842684	0.057	0.032	2.35826260364729e-24	c4	EIF5A2
9.17320618958918e-29	1.08938954240378	0.138	0.102	3.07650989186442e-24	c4	PTPN12
9.51518743733689e-29	0.299836178420798	0.547	0.537	3.19120356273405e-24	c4	SON
2.00261564648376e-28	0.940522603792285	0.09	0.058	6.71637235517723e-24	c4	C16orf54
2.0946295509762e-28	1.36046678005342	0.056	0.031	7.02496858806397e-24	c4	TSPOAP1-AS1
2.12459151394539e-28	1.13837202876147	0.075	0.046	7.12545501947005e-24	c4	MEX3C
3.15113004163183e-28	0.319670674728702	0.502	0.483	1.05682599336248e-23	c4	PPP1CA
3.6729933479767e-28	1.27149758515747	0.092	0.061	1.23184850904442e-23	c4	LINC02256
3.80617705773159e-28	1.0681644163326	0.101	0.068	1.27651566162202e-23	c4	PATL2
3.96581883817281e-28	0.495879503758815	0.199	0.151	1.3300563219464e-23	c4	GPR174
7.22055296014852e-28	0.749454449174084	0.228	0.188	2.42162905177461e-23	c4	B4GALT1
7.98357249207693e-28	1.12860572504218	0.117	0.082	2.67753054239276e-23	c4	SLAMF7
8.23563664999718e-28	0.468431719997718	0.324	0.283	2.76206781967606e-23	c4	IKZF1
9.0715189421882e-28	0.123679378079858	0.811	0.778	3.04240602283108e-23	c4	TSC22D3
1.15782254795079e-27	2.7700833825653	0.012	0.003	3.88310526131736e-23	c4	HOXA9
1.79721951502661e-27	2.595140046043	0.01	0.002	6.02751480949625e-23	c4	AC007163.1
3.2283589215363e-27	0.459767943956673	0.386	0.364	1.08272701510484e-22	c4	BSG
3.84890305443373e-27	0.292721945760393	0.537	0.522	1.29084510639599e-22	c4	FUS
4.4172811169681e-27	1.33260325890854	0.04	0.02	1.48146774100876e-22	c4	CASZ1
6.55291742846228e-27	1.55390118401947	0.01	0.003	2.19771744715768e-22	c4	CXCR1
8.00910869132641e-27	0.680696040241344	0.091	0.059	2.68609487289705e-22	c4	AC243829.4
8.90550220143131e-27	1.46898141626141	0.052	0.029	2.98672732831603e-22	c4	ADGRG5
1.11476647285203e-26	1.59221044514211	0.029	0.013	3.73870379665113e-22	c4	FSD1
1.29640684916206e-26	0.890298816716706	0.161	0.123	4.34788929071973e-22	c4	ISG20L2
1.32809615834748e-26	0.680054616602491	0.22	0.18	4.45416889586578e-22	c4	DIAPH1
1.89104035476172e-26	0.804872754664967	0.164	0.125	6.34217114179986e-22	c4	JAZF1
2.20330380878649e-26	0.850437244910958	0.135	0.098	7.38944031390812e-22	c4	MSL2
2.39638411315338e-26	0.888334274843989	0.174	0.134	8.03699303869381e-22	c4	CD38
3.71858409695721e-26	0.573747410605666	0.182	0.139	1.24713873443751e-21	c4	LIME1
5.62932260041909e-26	0.919569206325567	0.091	0.06	1.88796221372855e-21	c4	KIF21A
5.86382297630484e-26	0.522859666186483	0.257	0.213	1.96660894979312e-21	c4	OPTN
7.24186125661165e-26	1.3268054594135	0.055	0.031	2.42877542824242e-21	c4	SOCS2
2.02388738261675e-25	1.46072002306251	0.03	0.014	6.78771350382006e-21	c4	FBXO2
2.36929826770034e-25	0.777189902959281	0.123	0.088	7.94615253021341e-21	c4	CNBD2
5.20435375688805e-25	1.38830380769228	0.056	0.033	1.74543616298511e-20	c4	ST3GAL4
5.68089810275985e-25	0.525734276280141	0.315	0.282	1.9052596057036e-20	c4	MED10
5.81068737154612e-25	0.945051186495509	0.112	0.079	1.94878833066914e-20	c4	FBXO34
7.01685509434672e-25	0.691642678878002	0.21	0.173	2.353312861542e-20	c4	CCDC69
7.19494032486444e-25	1.80468508125858	0.031	0.015	2.41303908615303e-20	c4	SSX2IP
8.59988127207805e-25	0.646659079829433	0.189	0.149	2.88422818102954e-20	c4	CCSER2
8.89602778216146e-25	2.00447166002258	0.014	0.004	2.98354979758131e-20	c4	LANCL3
1.07226377013592e-24	0.590737618804611	0.246	0.206	3.59615823228185e-20	c4	HERPUD2
1.13043210950124e-24	1.40405143002821	0.04	0.021	3.79124320884527e-20	c4	BCR
1.21729100807859e-24	1.07205462177225	0.103	0.071	4.08255058289396e-20	c4	CYP51A1
3.16413357870261e-24	0.730825024567845	0.131	0.095	1.06118711962528e-19	c4	CRY1
3.60409552381758e-24	0.386402573096809	0.294	0.253	1.20874155677794e-19	c4	UPP1
3.68232986171008e-24	0.792550473141199	0.172	0.135	1.23497978902033e-19	c4	SSBP4
3.71767794808796e-24	0.91983196802084	0.145	0.11	1.24683483022974e-19	c4	VPS26B
5.13084076011235e-24	1.25655343190532	0.055	0.032	1.72078137412648e-19	c4	FUT11
6.42207052908581e-24	2.37247778157846	0.014	0.005	2.1538340140448e-19	c4	KLHL23
6.83296746414005e-24	1.18463898769446	0.044	0.024	2.29164062812329e-19	c4	OSBPL7
7.76586521044849e-24	1.69325590733085	0.046	0.026	2.60451587428021e-19	c4	ANKRD9
8.17017947028906e-24	0.885971577657574	0.075	0.047	2.74011479074554e-19	c4	AC022706.1
9.57126761643267e-24	1.37288680348513	0.064	0.039	3.21001173319919e-19	c4	VCL
1.01276951334933e-23	0.705336479575174	0.236	0.202	3.396626393871e-19	c4	NXT1
1.12944490789454e-23	0.968874099575412	0.115	0.083	3.7879323320967e-19	c4	SACM1L
1.31463941972669e-23	0.277814955183691	0.522	0.512	4.40903768587937e-19	c4	NCL
1.80848257247417e-23	0.463098632811612	0.381	0.354	6.06528885156387e-19	c4	IVNS1ABP
1.9798942670319e-23	0.957190279477778	0.085	0.057	6.6401693927716e-19	c4	HENMT1
3.01777143103299e-23	1.1318174440321	0.031	0.015	1.01210018253984e-18	c4	PLCH2
3.49588734834026e-23	0.351677844054002	0.456	0.439	1.17245069888636e-18	c4	MYH9
4.36851377666641e-23	0.189906528220585	0.673	0.659	1.46511215041838e-18	c4	RPL36A
4.41744915858172e-23	1.1290091574833	0.075	0.049	1.48152409880514e-18	c4	GAB3
6.70850412720422e-23	2.11818490699488	0.011	0.003	2.24989811418175e-18	c4	NRG2
7.06839052900718e-23	0.556855380385972	0.181	0.141	2.37059681561843e-18	c4	SLFN5
7.34804637871822e-23	0.877407049265649	0.082	0.054	2.46438779449452e-18	c4	TNRC6C
8.08594562303947e-23	0.30901622057041	0.478	0.46	2.71186444305498e-18	c4	IDS
9.69244850125675e-23	0.207585089237868	0.586	0.566	3.25065337835149e-18	c4	EMP3
1.20283188616791e-22	1.08897394142437	0.079	0.052	4.03405757982994e-18	c4	VAV3
1.46750882878178e-22	1.09543724924603	0.04	0.021	4.92173110996833e-18	c4	PVRIG
1.683604483196e-22	0.952546096783357	0.142	0.109	5.64647271574274e-18	c4	G6PD
1.74579445122318e-22	0.665595035604616	0.221	0.186	5.85504543051229e-18	c4	ABI3
1.75310862961122e-22	1.28607776643553	0.039	0.02	5.87957572199011e-18	c4	LINC01684
2.35012872669774e-22	0.334469568694778	0.492	0.484	7.88186172359889e-18	c4	CD53
2.65103388919892e-22	1.35099627023708	0.041	0.022	8.89103745759535e-18	c4	NOL4L
2.78254015488053e-22	0.551982797657645	0.198	0.159	9.33208317143832e-18	c4	TBCC
4.38550499928494e-22	0.15762420727944	0.758	0.747	1.47081066666018e-17	c4	SUB1
5.44776190287756e-22	2.17822465545025	0.013	0.005	1.82707038698708e-17	c4	DLG5
5.72579037620254e-22	0.642672383360401	0.164	0.128	1.92031557637081e-17	c4	RASGRP2
6.03891679855275e-22	0.517446363751267	0.259	0.222	2.02533191589862e-17	c4	SEMA4D
6.47136753532708e-22	0.216936983356281	0.164	0.122	2.170367243998e-17	c4	LAIR2
6.58694543917345e-22	0.856675039991264	0.14	0.107	2.20912976138999e-17	c4	ADCY7
7.19288578245527e-22	1.79565421022935	0.015	0.005	2.41235003371985e-17	c4	ZNF578
7.28868960410098e-22	0.523154903893843	0.227	0.188	2.44448071942339e-17	c4	GIMAP4
7.68843349315181e-22	0.631674303308664	0.182	0.146	2.57854682493326e-17	c4	PCSK7
7.81256729851864e-22	0.560919838276612	0.315	0.288	2.62017882057718e-17	c4	CHD1
2.09203449497135e-21	1.62566812022269	0.016	0.006	7.0162652892349e-17	c4	COLGALT2
2.25282336107885e-21	0.25687349638236	0.393	0.356	7.55551898838623e-17	c4	TNFRSF1B
2.30962490963122e-21	0.165759177776988	0.717	0.718	7.74602002192119e-17	c4	RPL27A
2.77980939178266e-21	0.713004493149319	0.097	0.067	9.32292473816067e-17	c4	AP002387.2
2.89785399435712e-21	0.542386588222505	0.264	0.231	9.7188227262749e-17	c4	MOB4
2.92692986781696e-21	0.784360133525459	0.084	0.056	9.81633739068454e-17	c4	CLSTN3
2.93347719363189e-21	1.47687566641627	0.026	0.012	9.83829581200263e-17	c4	AC027290.1
3.20012513209464e-21	1.33598308265472	0.063	0.04	1.0732579668019e-16	c4	DHRS3
4.09477887734431e-21	0.746312324628787	0.216	0.186	1.37330693988373e-16	c4	UBE2E3
4.60380125054005e-21	0.299961644752548	0.433	0.412	1.54402286340612e-16	c4	SELENOW
4.71851474046163e-21	0.147501022016941	0.735	0.733	1.58249547365602e-16	c4	TOMM7
5.17716940056276e-21	0.807527827892682	0.118	0.087	1.73631907356074e-16	c4	PPP2R5A
6.31979706285746e-21	0.640523885675194	0.173	0.138	2.11953353894113e-16	c4	CCDC88C
8.52136177840588e-21	0.267414474420661	0.644	0.646	2.85789431324176e-16	c4	MCL1
9.3003756476772e-21	1.47430585009075	0.026	0.012	3.11915998471798e-16	c4	PLCB1
1.40374214206719e-20	0.783184468722036	0.155	0.123	4.70787039606494e-16	c4	RNPEPL1
1.47710854938139e-20	0.95434250844277	0.094	0.066	4.95392665291532e-16	c4	STK26
1.52959523766191e-20	0.251195476292478	0.557	0.548	5.12995650807052e-16	c4	NDUFB2
1.65391284185113e-20	0.724269923904002	0.214	0.183	5.54689288900033e-16	c4	NFKBIB
1.75555136454938e-20	0.202914318247243	0.629	0.613	5.88776816642572e-16	c4	TPM3
1.89828807436442e-20	0.436962468552795	0.401	0.392	6.36647854380338e-16	c4	EMD
2.050582569386e-20	0.730648375159596	0.138	0.105	6.87724382120677e-16	c4	UTS2
2.16002083717451e-20	0.305561316669057	0.506	0.493	7.24427788371587e-16	c4	CSRNP1
2.24037404676734e-20	0.277732880950172	0.441	0.408	7.5137664780483e-16	c4	STK17A
2.41030758421938e-20	2.19136389215408	0.011	0.003	8.08368957595497e-16	c4	HRASLS2
2.70304853029653e-20	0.36234876717419	0.406	0.392	9.06548416090851e-16	c4	RALY
3.6199201264683e-20	1.25617013378869	0.039	0.022	1.21404881201494e-15	c4	NAP1L5
6.35520082203494e-20	0.840095658312522	0.136	0.106	2.13140725169408e-15	c4	PSME4
8.01569630249632e-20	0.38367630299163	0.421	0.414	2.68830422593121e-15	c4	TAPBP
8.94162206373554e-20	1.29974085797206	0.029	0.014	2.99884120773563e-15	c4	SCD5
1.17521085747626e-19	0.889982086869434	0.11	0.081	3.94142217380386e-15	c4	AGTPBP1
1.31355890284933e-19	2.48200337958343	0.012	0.004	4.40541384837609e-15	c4	AC091057.3
1.4318916856e-19	0.796363578247224	0.101	0.072	4.80227833516529e-15	c4	SMAD7
1.74784211766072e-19	0.31003788917821	0.524	0.517	5.86191289421051e-15	c4	SQSTM1
2.29255697341521e-19	0.827087008006089	0.149	0.118	7.68877757743994e-15	c4	KLF13
3.16316097333096e-19	0.957808531294757	0.095	0.068	1.06086092723574e-14	c4	GALNT11
5.46057233373032e-19	1.06261058871609	0.045	0.027	1.83136674928648e-14	c4	ZNF778
5.98627566995146e-19	0.750334169462001	0.111	0.082	2.00767713418832e-14	c4	MBD5
6.23760163394928e-19	0.246836263124206	0.255	0.217	2.09196683599391e-14	c4	PLEK
6.57092100877697e-19	0.666621160612436	0.184	0.152	2.20375548792362e-14	c4	NCBP2-AS2
6.63684021014035e-19	0.1704137850074	0.703	0.712	2.22586346967687e-14	c4	HNRNPDL
7.12134237413349e-19	0.711691822181391	0.09	0.063	2.38835580543689e-14	c4	ZFYVE28
7.29854177458277e-19	0.380802551889856	0.253	0.216	2.44778494035957e-14	c4	RASAL3
7.30911739060502e-19	0.800039224245811	0.067	0.044	2.45133179046111e-14	c4	AKAP5
7.82286907626024e-19	1.00904083631083	0.08	0.055	2.62363383079616e-14	c4	MADD
9.69698413119966e-19	0.454129600796224	0.185	0.148	3.25217453792174e-14	c4	GIMAP7
1.45112921538245e-18	0.167500026959693	0.573	0.559	4.86679716254968e-14	c4	YPEL5
1.76153155910667e-18	0.857914468933423	0.065	0.043	5.90782454293195e-14	c4	DTX3
2.01709395314707e-18	0.772359736134481	0.139	0.109	6.76492970006464e-14	c4	SIPA1
2.0979119243234e-18	1.15581445395265	0.048	0.029	7.03597701179581e-14	c4	SETBP1
3.40915811578897e-18	1.59276481455432	0.013	0.005	1.1433634488733e-13	c4	IFNL1
4.96973042196447e-18	0.342263207018282	0.315	0.28	1.66674818891845e-13	c4	SOCS1
5.82358983000444e-18	1.21722903950008	0.031	0.016	1.95311555718689e-13	c4	EPHA4
9.81227545559545e-18	0.562811139320691	0.311	0.293	3.2908409422976e-13	c4	CAST
1.04458055576243e-17	1.10944863731484	0.072	0.049	3.50331426791605e-13	c4	CPT1A
1.1327014121559e-17	1.00940789047504	0.033	0.018	3.79885399608847e-13	c4	PITPNM2
1.18677730052718e-17	1.66587736834434	0.021	0.01	3.98021371050806e-13	c4	GIPR
1.25428991666637e-17	1.72426882628885	0.015	0.006	4.20663752251566e-13	c4	STYK1
1.49523943300431e-17	0.753153295916133	0.151	0.121	5.01473401040985e-13	c4	ORAI1
1.52771939977911e-17	0.888605404559929	0.117	0.089	5.12366532297918e-13	c4	CDKN2D
1.84104189534127e-17	1.19788253964329	0.044	0.027	6.17448630859554e-13	c4	BRMS1L
2.05129143606017e-17	0.182084626515145	0.55	0.516	6.87962121825861e-13	c4	ISG20
2.35316130529566e-17	0.783678596728697	0.122	0.094	7.8920323857006e-13	c4	CD320
4.42359873770175e-17	0.317687199649118	0.435	0.423	1.48358654465041e-12	c4	HSPA5
4.47427653200176e-17	0.726093630070832	0.113	0.085	1.50058286330275e-12	c4	LINC00623
5.06281742832363e-17	1.29535589711311	0.047	0.029	1.69796770911118e-12	c4	ABHD15
6.01371553559145e-17	1.14014305512191	0.044	0.027	2.01687991632666e-12	c4	PIK3R3
9.7084138646863e-17	1.13024603119218	0.071	0.049	3.25600784193849e-12	c4	POMC
1.05279023782244e-16	0.705563468821239	0.132	0.104	3.53084789960892e-12	c4	HCG18
1.08229213844117e-16	0.655373117031675	0.17	0.14	3.62979137390401e-12	c4	OFD1
1.41528576251721e-16	0.510828339500609	0.266	0.24	4.74658539033021e-12	c4	POLR3GL
1.89595583528034e-16	1.57216652142363	0.013	0.005	6.35865668036321e-12	c4	WNT1
2.01076267753639e-16	0.54473637562494	0.476	0.45	6.74369586792156e-12	c4	MT2A
2.68482903949388e-16	1.91309335353264	0.017	0.008	9.00437963265458e-12	c4	ATL1
2.7887547017935e-16	1.80705946775565	0.023	0.012	9.35292551887503e-12	c4	PCSK5
3.83276962681603e-16	0.646643799763819	0.19	0.162	1.28543427744156e-11	c4	RC3H1
4.05484623794906e-16	0.432923735148456	0.373	0.366	1.35991433128336e-11	c4	GTF3A
4.20566478437611e-16	0.951566859146725	0.053	0.034	1.41049585538406e-11	c4	CRACR2A
4.88022912461705e-16	0.516428169975027	0.279	0.257	1.63673124381407e-11	c4	CASP4
5.48002567112276e-16	0.241766133588776	0.521	0.521	1.83789100958115e-11	c4	HNRNPA0
5.98881075884318e-16	0.560167396290828	0.217	0.19	2.00852735230083e-11	c4	AGTRAP
6.26776763489729e-16	0.253232479792815	0.552	0.542	2.10208390939185e-11	c4	CALR
6.44670843886344e-16	0.632573711571558	0.224	0.2	2.16209707622602e-11	c4	CISD3
8.69158226798387e-16	0.729788255778066	0.121	0.094	2.91498286103643e-11	c4	FAM53B
8.71315123138244e-16	0.696030295072949	0.165	0.137	2.92221665998104e-11	c4	PTPRA
1.10332534484997e-15	1.20470397349798	0.065	0.045	3.70033254155784e-11	c4	SSBP3
1.51046699004107e-15	0.207902941284009	0.482	0.475	5.06580419119974e-11	c4	EPC1
1.58549856240393e-15	0.823554968190515	0.072	0.05	5.31744507859029e-11	c4	AC044849.1
1.82957508918196e-15	0.633779055235826	0.21	0.184	6.13602893409847e-11	c4	HECTD1
1.83292361657989e-15	0.779709912319605	0.075	0.053	6.14725922528564e-11	c4	AGAP2
2.1139249976799e-15	0.690834186110442	0.129	0.102	7.08968165721886e-11	c4	COMMD7
2.66628130698521e-15	0.751767131013903	0.123	0.097	8.94217424736698e-11	c4	CDC25B
2.95165877012175e-15	1.20692767340737	0.043	0.027	9.89927318323434e-11	c4	ADAP1
3.15419637678457e-15	1.52727035087491	0.01	0.004	1.05785438084601e-10	c4	ZNF365
4.38180622504693e-15	1.81355691194736	0.013	0.005	1.46957017175624e-10	c4	ADGRL1
5.26419716180141e-15	0.417995078198777	0.338	0.324	1.76550644412496e-10	c4	MAGOH
5.4881510181117e-15	0.146389658495747	0.636	0.625	1.8406160884543e-10	c4	PPIB
5.77726105380236e-15	0.494819279272043	0.249	0.223	1.93757781222424e-10	c4	MYO1G
6.81629503118973e-15	0.219360937028122	0.553	0.563	2.28604902756041e-10	c4	SRSF3
1.11585802408093e-14	0.311974294470073	0.361	0.34	3.74236464116262e-10	c4	ICAM3
1.16494552138635e-14	1.07088915951579	0.045	0.029	3.90699428962553e-10	c4	TSHZ1
1.2431621345724e-14	0.820326189636813	0.088	0.065	4.16931716692891e-10	c4	MOAP1
1.3716610246591e-14	0.878259860327558	0.092	0.069	4.60027674450168e-10	c4	TENT5A
1.57392484801108e-14	1.24684469098233	0.012	0.005	5.27862915525955e-10	c4	ZNF80
1.98714221872606e-14	0.542420592228825	0.263	0.244	6.66447757316347e-10	c4	CSNK1D
2.08103352779459e-14	1.10958176968214	0.032	0.019	6.9793702455175e-10	c4	EVA1C
2.0880582768853e-14	0.781137654173393	0.1	0.076	7.00292984901793e-10	c4	BBC3
2.14622069750318e-14	0.746267166005778	0.182	0.158	7.19799497528616e-10	c4	RNF126
2.19597865898517e-14	1.0790483367771	0.07	0.05	7.36487322650446e-10	c4	AGK
2.33562673114735e-14	0.853101782662049	0.065	0.045	7.83322493092199e-10	c4	KIF21B
2.47325100388383e-14	0.570868809208056	0.218	0.193	8.2947892168256e-10	c4	ARHGAP30
2.52561532150264e-14	0.742677716399628	0.153	0.128	8.47040866525555e-10	c4	PRKAR2A
2.66911686258568e-14	1.1915314535066	0.041	0.026	8.95168413373984e-10	c4	SNTB1
2.85455425656972e-14	0.435618429567592	0.33	0.32	9.57360406568353e-10	c4	RWDD1
3.88157544861971e-14	1.48455046535102	0.037	0.023	1.30180277395808e-09	c4	FRY
4.87800989781748e-14	0.280802565601413	0.432	0.414	1.63598695953003e-09	c4	ZNF331
5.43556429046025e-14	0.938166486310729	0.084	0.062	1.82297955173456e-09	c4	FO393401.1
5.60135715967979e-14	0.30303768018018	0.437	0.437	1.87858316421341e-09	c4	RABAC1
6.55924493403503e-14	0.464653395492463	0.297	0.277	2.19983956597667e-09	c4	SLC7A5
8.2303890534352e-14	0.783094212671872	0.134	0.109	2.7603078807411e-09	c4	GATAD2A
8.34856459563659e-14	0.486022673257787	0.248	0.224	2.7999415940846e-09	c4	DDIT3
8.36069627539561e-14	0.110131376712538	0.687	0.699	2.80401031684218e-09	c4	CIRBP
8.46356809149665e-14	0.886439552974622	0.083	0.062	2.83851146652615e-09	c4	MNAT1
9.09010023600713e-14	0.587437402419356	0.306	0.267	3.04863781715207e-09	c4	CCL4L2
9.71684315709536e-14	1.63920492810022	0.019	0.01	3.25883485802664e-09	c4	PHLDB2
1.03059994167528e-13	0.822902435715894	0.092	0.07	3.45642608439055e-09	c4	INPP4A
1.10560204113891e-13	1.62708317843155	0.018	0.009	3.70796812557167e-09	c4	NPIPB11
1.26690441867518e-13	0.876380442079312	0.041	0.026	4.24894403935281e-09	c4	FXYD7
1.38103146067801e-13	0.857508628090888	0.092	0.07	4.6317033128219e-09	c4	SUPV3L1
2.43647001816264e-13	1.06362910354351	0.041	0.026	8.17143314691388e-09	c4	ULBP2
2.50001386077614e-13	0.513478005277761	0.278	0.262	8.38454648627103e-09	c4	TLN1
2.78018152144749e-13	0.10831792301549	0.081	0.116	9.32417278663058e-09	c4	IFT20
3.28490326072181e-13	1.05029014221467	0.043	0.028	1.10169085558088e-08	c4	AC025171.3
3.87334724880802e-13	0.641715648265764	0.076	0.055	1.29904320030523e-08	c4	AC093010.2
3.88580613442588e-13	0.515170744057609	0.26	0.242	1.30322166136375e-08	c4	BCL7B
4.48282179899996e-13	0.303106519725862	0.449	0.457	1.50344877494861e-08	c4	SRRM1
5.01763027995468e-13	0.441230222597097	0.229	0.204	1.6828128432912e-08	c4	PTPRE
5.21327881321335e-13	0.130946513356965	0.108	0.149	1.74842944837549e-08	c4	AKR7A2
5.3395499644813e-13	0.111769620044263	0.74	0.744	1.79077826708774e-08	c4	COMMD6
5.37713000621863e-13	0.100904618187404	0.041	0.066	1.8033818614856e-08	c4	RNF135
5.79906398979029e-13	1.35371411815421	0.029	0.017	1.94489008089587e-08	c4	CTSF
6.071145554818e-13	1.26268228631471	0.065	0.047	2.03614079617486e-08	c4	KIFC3
6.24252402171739e-13	0.800168948335294	0.094	0.073	2.09361770640358e-08	c4	ZBTB44
6.57635604864426e-13	1.02990918960449	0.076	0.056	2.20557829159431e-08	c4	B4GALT4
6.62878174780352e-13	0.117314463221395	0.11	0.152	2.22316082257834e-08	c4	MLEC
7.28390117873481e-13	0.374831159303468	0.37	0.364	2.44287477732408e-08	c4	PSMB10
7.52614721786277e-13	0.44101139043798	0.234	0.209	2.52411925392682e-08	c4	SNRPN
7.83495499504455e-13	0.635607525892191	0.129	0.105	2.62768720623804e-08	c4	CRBN
1.01476731663512e-12	0.106468282797054	0.092	0.128	3.40332662653086e-08	c4	HMG20B
1.26419359923023e-12	0.248994609098706	0.466	0.471	4.23985249309834e-08	c4	KRT10
1.27054140405791e-12	0.796684107677573	0.142	0.12	4.26114176092941e-08	c4	RAP2B
1.33663360297842e-12	0.567922611814896	0.22	0.2	4.48280177766904e-08	c4	DNTTIP2
1.48330437943773e-12	0.621459512974306	0.145	0.121	4.97470622775824e-08	c4	KAT6B
1.5867740464636e-12	1.1055654454741	0.041	0.027	5.32172279702962e-08	c4	PORCN
1.63820517765028e-12	1.12719435153164	0.022	0.012	5.49421252480351e-08	c4	WIPF3
1.9662259779913e-12	1.41730758928696	0.016	0.007	6.59432868498724e-08	c4	AL122035.1
2.21879123941255e-12	1.00857817867852	0.091	0.07	7.44138205874182e-08	c4	C1orf174
2.2957379680521e-12	0.645696049741287	0.039	0.025	7.69944599725313e-08	c4	AC006369.1
2.38173918733066e-12	0.575414405217299	0.16	0.136	7.98787688646957e-08	c4	RNF44
2.45996769645691e-12	0.64793241321272	0.113	0.09	8.25023966037719e-08	c4	ARNTL
2.65284155406837e-12	1.24481757366011	0.014	0.007	8.8971000040345e-08	c4	AC239800.3
2.78674107734277e-12	0.820923407210443	0.117	0.095	9.34617222519218e-08	c4	UBE2Q2
2.92459858791888e-12	0.404222694345508	0.351	0.34	9.80851874416234e-08	c4	IFRD1
2.9290008910334e-12	0.813674585407554	0.141	0.119	9.8232831883478e-08	c4	HDDC2
3.23539784502908e-12	0.573679390760084	0.177	0.153	1.08508772926585e-07	c4	HELZ
3.47473931444059e-12	0.749918428264752	0.159	0.138	1.16535807127708e-07	c4	PTS
3.73960305202193e-12	1.51008015189605	0.02	0.01	1.25418807158711e-07	c4	TRGV4
3.76958224044945e-12	0.10872810840435	0.082	0.116	1.26424249180194e-07	c4	HDGF
4.11732521721172e-12	0.148268458625025	0.091	0.126	1.38086853134847e-07	c4	ERGIC1
4.19742709315965e-12	0.880174420261639	0.067	0.048	1.40773309850388e-07	c4	COQ10A
4.68727835888389e-12	0.442505830351569	0.295	0.281	1.57201941600248e-07	c4	SKIL
5.38084137437403e-12	0.990078536144533	0.062	0.044	1.80462658013756e-07	c4	CIDEB
5.65054985034302e-12	0.337193423577534	0.359	0.348	1.89508140880804e-07	c4	SEPT9
6.2033949529533e-12	1.02470390128455	0.022	0.012	2.08049459932148e-07	c4	SLC14A1
6.25175617417508e-12	0.553966765650864	0.139	0.115	2.09671398569484e-07	c4	FGD3
6.25653521993837e-12	0.649724512037302	0.138	0.115	2.09831678206293e-07	c4	MFSD14A
6.78843411801976e-12	0.143195975525059	0.125	0.168	2.27670503450147e-07	c4	PSENEN
7.36388825143182e-12	1.15139574288494	0.044	0.029	2.4697008417652e-07	c4	CATSPER1
7.56602211602852e-12	0.392554828145026	0.288	0.27	2.53749249727364e-07	c4	ANXA6
7.62828973389483e-12	0.726314696574139	0.096	0.075	2.55837581095365e-07	c4	KIF13B
7.92423494569447e-12	0.443561098030653	0.301	0.289	2.65762991608701e-07	c4	PRPF38B
8.5205719803687e-12	0.732660507917275	0.046	0.03	2.85762943077606e-07	c4	FCRL3
9.21837671489404e-12	0.769050705746398	0.105	0.084	3.09165918264116e-07	c4	DCAF5
9.39437170577667e-12	0.550786629713147	0.237	0.22	3.15068438268338e-07	c4	FBXO7
1.04450162807796e-11	0.825160477315439	0.044	0.029	3.50304956024787e-07	c4	AC008555.5
1.15766528400638e-11	0.492697344695476	0.114	0.091	3.8825778295006e-07	c4	PARP15
1.15845326444682e-11	0.68595402847547	0.132	0.11	3.88522055830176e-07	c4	HOTAIRM1
1.18961580519685e-11	0.751776274068132	0.085	0.065	3.98973348746918e-07	c4	GIMAP6
1.23766793392759e-11	0.69625648599422	0.151	0.13	4.15089071680637e-07	c4	ADD1
1.2964324528704e-11	0.364747379559793	0.324	0.311	4.34797516043676e-07	c4	SHISA5
1.42435835137629e-11	0.577131642536324	0.181	0.158	4.77701303884581e-07	c4	PDLIM2
1.4402001116932e-11	0.100870224514602	0.065	0.093	4.83014313459664e-07	c4	NTAN1
1.51565757029682e-11	0.852833558353655	0.081	0.061	5.08321235926146e-07	c4	GTPBP8
1.63278620262928e-11	0.22197337290321	0.529	0.541	5.47603836637807e-07	c4	EIF3F
1.67878083974550e-11	0.953646778891952	0.103	0.083	5.63029518033847e-07	c4	GSAP
1.81468484018896e-11	1.15833317607105	0.025	0.014	6.08609001702573e-07	c4	LINC02132
1.85524439634579e-11	0.906082827805811	0.058	0.041	6.22211865646451e-07	c4	CAPN15
2.06264568450978e-11	0.307843666402666	0.435	0.446	6.91770109670889e-07	c4	JTB
2.41747132134437e-11	0.954788870777765	0.061	0.044	8.10771531752476e-07	c4	TMEM181
2.89727398064306e-11	0.640395633619728	0.165	0.144	9.71687747628069e-07	c4	ERN1
2.95417086623539e-11	0.139761719030204	0.114	0.154	9.90769825118027e-07	c4	GUSB
3.00183482378226e-11	0.464330482964456	0.3	0.292	1.00675536320009e-06	c4	SCP2
3.45691819588764e-11	0.906672534645776	0.076	0.057	1.1593812245368e-06	c4	NPRL2
3.65171441333295e-11	0.125170148186931	0.076	0.106	1.22471197994361e-06	c4	DNAJB12
3.79141562338845e-11	0.298654235143118	0.224	0.196	1.27156497177202e-06	c4	RAB27A
3.91642256959267e-11	1.41633012742758	0.012	0.006	1.31348980138999e-06	c4	SNHG22
3.93220993480476e-11	0.118797552293622	0.044	0.067	1.31878456793482e-06	c4	ZDHHC4
4.04886260182602e-11	0.320697031676143	0.193	0.164	1.35790753940041e-06	c4	GATA3
4.17789955522828e-11	0.478763158750814	0.26	0.244	1.40118395283246e-06	c4	CHIC2
4.21060566955972e-11	1.37456911995096	0.015	0.007	1.41215292945694e-06	c4	AL355816.2
4.31996974043141e-11	0.142668339448788	0.07	0.099	1.44883145154589e-06	c4	IKBIP
4.39383962843693e-11	0.458945427542361	0.251	0.233	1.47360593458518e-06	c4	SASH3
4.45713371004462e-11	0.454646900503925	0.212	0.191	1.49483350367477e-06	c4	SNHG9
4.57102337251640e-11	1.9835279450316	0.013	0.006	1.53302981867455e-06	c4	L3MBTL4
5.24910532390711e-11	0.508964632806789	0.228	0.209	1.76044494353197e-06	c4	TSC22D4
5.2840155022497e-11	0.139338637816177	0.092	0.126	1.7721531191445e-06	c4	CLPTM1
5.52625323956249e-11	0.108073408465221	0.064	0.091	1.85339481148447e-06	c4	RASSF4
5.63684782754048e-11	0.109944219692343	0.122	0.162	1.89048602440052e-06	c4	ITPA
5.64841033718481e-11	0.997512599298393	0.05	0.035	1.89436385888504e-06	c4	AKT3
5.6733605910524e-11	0.133051509179259	0.076	0.106	1.90273167502715e-06	c4	EI24
5.86154368891253e-11	0.819325116273471	0.102	0.082	1.96584452238748e-06	c4	AL139246.5
6.11461882809469e-11	0.187913826223064	0.121	0.162	2.0507208625664e-06	c4	TXNL4A
6.12189220817619e-11	1.31833739258415	0.019	0.01	2.05316020877813e-06	c4	PXYLP1
6.19518636050228e-11	0.373489701334848	0.378	0.383	2.07774160158525e-06	c4	RNF7
6.45661279461071e-11	0.124120832381744	0.053	0.078	2.16541879905654e-06	c4	TMEM199
7.66073254334680e-11	1.4251697714548	0.012	0.006	2.56925648038765e-06	c4	LINC02086
8.8520382485965e-11	0.690690026644136	0.046	0.031	2.96879658781429e-06	c4	PLCXD2
1.02777647999393e-10	0.350957436360942	0.285	0.264	3.44695675860363e-06	c4	PDCD4
1.03851897638584e-10	0.583717260449727	0.16	0.139	3.48298494300283e-06	c4	MFNG
1.059656286516e-10	0.113003616292415	0.134	0.176	3.55387525371736e-06	c4	PSMC1
1.21907299492781e-10	0.153464257652379	0.064	0.091	4.08852701038888e-06	c4	ARHGEF2
1.22643071655383e-10	0.140130146885844	0.079	0.109	4.11320333717822e-06	c4	COA5
1.29774881537147e-10	0.124821918766615	0.125	0.165	4.35238997699283e-06	c4	RAD23B
1.3591997997653e-10	0.137817625983645	0.084	0.115	4.55848428845288e-06	c4	IMPDH1
1.44916024078e-10	0.132885425386886	0.116	0.154	4.86019361552795e-06	c4	APPL1
1.47983548996364e-10	0.449017902138375	0.313	0.306	4.96307226624004e-06	c4	NFE2L2
1.5237922762146e-10	0.495228919037959	0.256	0.241	5.11049453596853e-06	c4	PHF20
1.5977972102492e-10	0.139362995202177	0.076	0.105	5.35869228373376e-06	c4	ARMCX6
1.74924134816048e-10	0.588902478790119	0.186	0.167	5.86660563346062e-06	c4	ST3GAL1
1.84069272504196e-10	0.692258137776829	0.157	0.138	6.17331526124571e-06	c4	PIK3AP1
2.02526215768869e-10	0.105211872608664	0.078	0.107	6.79232422445633e-06	c4	DLD
2.06780375092248e-10	0.103995428423444	0.021	0.036	6.9350002198438e-06	c4	GNPNAT1
2.13707053946649e-10	0.472763574329688	0.092	0.072	7.16730717526273e-06	c4	GPR171
2.33545854837521e-10	0.587824821291758	0.199	0.181	7.83266087954078e-06	c4	SH3BP1
2.62544733490045e-10	0.710816138461976	0.154	0.135	8.80522527178914e-06	c4	EIF4EBP2
2.93433067651622e-10	0.109391948903666	0.608	0.59	9.84115822290011e-06	c4	LDHA
3.09344220796871e-10	1.03930736840826	0.029	0.018	1.03747864770855e-05	c4	HIST1H3A
3.13907287073817e-10	0.110263207446638	0.125	0.164	1.05278225938817e-05	c4	EMC3
3.33033632834512e-10	0.444973551236805	0.271	0.258	1.11692819780039e-05	c4	FMNL1
3.39208708635783e-10	0.626962413489363	0.145	0.124	1.13763816702269e-05	c4	USP11
3.44180989817926e-10	0.670210038414884	0.161	0.142	1.15431420365136e-05	c4	GLTP
3.48720869831776e-10	0.387669343042638	0.329	0.327	1.16954005324181e-05	c4	STRAP
3.50018267324509e-10	2.05673179166342	0.014	0.007	1.17389126495294e-05	c4	PDE6G
3.56709219786344e-10	0.989758520045062	0.048	0.033	1.19633138131944e-05	c4	TBC1D31
3.69527365377382e-10	1.27610347186832	0.015	0.008	1.23932087800266e-05	c4	CAMK2N1
4.44124090993333e-10	0.401564697633051	0.201	0.178	1.48950337637344e-05	c4	RIPOR2
5.28773268103649e-10	0.161003412123889	0.048	0.07	1.77339978656602e-05	c4	HES4
5.53432259210406e-10	0.11282919447245	0.11	0.146	1.85610111093986e-05	c4	RAPGEF1
5.63546614792097e-10	0.141597060397396	0.099	0.133	1.89002263668973e-05	c4	GPS1
5.83017379023035e-10	0.15800684112568	0.058	0.083	1.95532368576746e-05	c4	MLST8
5.84013608382598e-10	0.101869747237777	0.123	0.161	1.95866483979356e-05	c4	SMIM12
5.84495803627379e-10	0.121433574768941	0.119	0.156	1.9602820262055e-05	c4	DDRGK1
5.97562111753986e-10	0.540177915369759	0.202	0.184	2.00410381040052e-05	c4	PITHD1
6.11974757555683e-10	0.112914134714514	0.031	0.049	2.05244094189025e-05	c4	RPE
6.56157553147841e-10	0.486628557655419	0.191	0.17	2.20062120174723e-05	c4	INPP5D
6.64633468197468e-10	1.07616043875706	0.014	0.007	2.22904772564067e-05	c4	AC004832.6
6.67585979893636e-10	0.10209001454513	0.112	0.148	2.23894985936728e-05	c4	GTF2F1
6.7630624061664e-10	0.730668392958888	0.071	0.054	2.26819586978009e-05	c4	ZNF266
6.98762537782528e-10	1.06673655070543	0.055	0.04	2.34350979921504e-05	c4	WDSUB1
7.17189783227418e-10	0.129979235338878	0.018	0.033	2.40531109498811e-05	c4	GALE
7.21035115385087e-10	0.135296383928417	0.03	0.048	2.4182075699785e-05	c4	SLC39A13
7.28268898273438e-10	0.165379556492555	0.038	0.057	2.44246823102946e-05	c4	REPIN1
7.76772398223511e-10	0.659843222667796	0.083	0.065	2.60513926916201e-05	c4	JADE2
8.05935642396711e-10	0.272658072806863	0.379	0.373	2.70294695747009e-05	c4	DDX24
8.38816575256918e-10	1.41752664318876	0.013	0.007	2.81322303009665e-05	c4	HOXC4
8.4719015943521e-10	0.152344095072589	0.103	0.136	2.84130635671381e-05	c4	FPGS
8.58532293970515e-10	0.187917997599282	0.118	0.156	2.87934560751831e-05	c4	TAF10
8.67870441121515e-10	0.291754460592594	0.036	0.056	2.91066388543334e-05	c4	PRADC1
8.69129868366057e-10	0.561128546016802	0.175	0.156	2.91488775252608e-05	c4	RABIF
9.34458074186071e-10	1.58170988217239	0.014	0.007	3.13398548920525e-05	c4	LINC01146
9.70354116796657e-10	0.136896674450236	0.068	0.094	3.25437363691263e-05	c4	PHACTR4
9.70480383993808e-10	0.721202793135613	0.106	0.087	3.25479711183843e-05	c4	DENND4C
9.80227164828537e-10	0.50501363119994	0.223	0.208	3.28748586540195e-05	c4	ZNF428
9.95024277492895e-10	0.841855370315719	0.034	0.022	3.33711242185567e-05	c4	LINC02328
1.00310537054133e-09	0.144646891650919	0.174	0.224	3.36421479172152e-05	c4	SLC25A39
1.11516050015604e-09	0.688034777718669	0.124	0.104	3.74002528542333e-05	c4	INPP5K
1.15442945279166e-09	0.132061384753826	0.147	0.19	3.87172549877265e-05	c4	SRP72
1.15993331592928e-09	0.108710050947441	0.104	0.138	3.89018435496361e-05	c4	HOOK3
1.17845337385715e-09	0.62390902204635	0.117	0.096	3.9522969252421e-05	c4	ITGA1
1.28354285365926e-09	0.648809673620242	0.114	0.095	4.30474602260242e-05	c4	MTSS1
1.34446767727138e-09	0.188328862430941	0.055	0.079	4.50907569603276e-05	c4	TOR2A
1.35174138910837e-09	0.769187423471693	0.069	0.052	4.53347027079167e-05	c4	TRAPPC2
1.36174221916666e-09	0.982482650396713	0.028	0.018	4.56701105464114e-05	c4	AC105446.1
1.36982838142887e-09	0.104161775335365	0.078	0.106	4.59413042563615e-05	c4	COL4A3BP
1.37104843775485e-09	0.641972374290794	0.144	0.125	4.59822225054222e-05	c4	CTDSP1
1.40981560852162e-09	0.92534982925426	0.029	0.018	4.72823958785982e-05	c4	THRA
1.43308126608757e-09	0.811039255681365	0.075	0.058	4.8062679502045e-05	c4	C19orf12
1.4583144552284e-09	0.649042174756759	0.081	0.063	4.89089501994501e-05	c4	TNFSF14
1.4676481164119e-09	0.52634371041206	0.23	0.216	4.92219825282222e-05	c4	FOXN3
1.52439133044615e-09	0.855993232386975	0.077	0.06	5.11250364405029e-05	c4	C6orf136
1.66804987647206e-09	0.86585259197547	0.056	0.041	5.59430567571201e-05	c4	PLCL2
1.85596122194632e-09	0.817390031345964	0.062	0.047	6.22452274616356e-05	c4	WDR47
1.88080775985821e-09	0.301388560452643	0.412	0.413	6.30785306501247e-05	c4	MT-ND6
1.88790861936645e-09	0.609511380581449	0.177	0.159	6.33166792763118e-05	c4	ADAM10
1.91411968564186e-09	0.716849920395134	0.142	0.124	6.41957460170566e-05	c4	ACAA2
1.93069328781006e-09	0.17420345021719	0.108	0.143	6.47515914865739e-05	c4	SEC63
2.01894743764723e-09	0.92288377008027	0.041	0.028	6.77114591638129e-05	c4	ZNF184
2.12980322342321e-09	0.869512946144004	0.072	0.056	7.14293405071677e-05	c4	WDR37
2.30403176079834e-09	0.829801103497681	0.086	0.069	7.72726171936547e-05	c4	IRF2BPL
2.4686438551142e-09	0.419477441001474	0.191	0.171	8.279337761282e-05	c4	MYLIP
2.51916840023032e-09	0.198776307766159	0.064	0.089	8.44878698069246e-05	c4	GLRX5
2.52485505518489e-09	0.937968176236178	0.064	0.049	8.46785888407907e-05	c4	SLC25A20
2.58285437986457e-09	0.104707968069499	0.117	0.152	8.6623770191898e-05	c4	SARS
2.6377856411215e-09	1.36330856831262	0.02	0.011	8.84660548319328e-05	c4	C1orf56
2.74740113526243e-09	0.197395476011742	0.575	0.593	9.21423392744315e-05	c4	RBM3
3.05636163259921e-09	0.37714617739071	0.309	0.3	0.000102504256434112	c4	CDK2AP2
3.33495700078114e-09	0.393673162953817	0.164	0.142	0.000111847787892198	c4	AC243960.1
3.71379617907891e-09	0.100731752846375	0.061	0.085	0.000124553296253949	c4	GNL2
3.8796170113736e-09	1.33741509933213	0.02	0.012	0.000130114595327448	c4	ZNF595
3.90489110740585e-09	0.134541767119898	0.086	0.114	0.000130962237960177	c4	CRIPT
4.1226020333415e-09	0.113240727786421	0.11	0.143	0.000138263826994207	c4	NUBP2
4.37697217338314e-09	0.112859723959189	0.07	0.096	0.000146794892750924	c4	VRK2
4.4126739458593e-09	0.51451845193241	0.224	0.21	0.000147992258796229	c4	DHX36
4.6066139940069e-09	0.175640104806634	0.1	0.132	0.000154496620131003	c4	PTPMT1
4.68069755136525e-09	1.26258596083552	0.014	0.008	0.000156981234477688	c4	RTP5
4.73519857503067e-09	0.107533854092306	0.165	0.211	0.000158809089809378	c4	CCDC124
4.98077861958943e-09	0.181830395863522	0.071	0.096	0.00016704535334379	c4	AP2A1
5.461089998662e-09	0.594326124480615	0.121	0.102	0.000183154036375126	c4	TARSL2
5.51174463812658e-09	0.100193377238692	0.101	0.132	0.000184852891673489	c4	CHTOP
5.63672473253108e-09	0.185805527551706	0.469	0.475	0.000189044474079627	c4	TMEM50A
5.70263472402393e-09	0.499973175086064	0.125	0.105	0.000191254963374315	c4	CPD
5.94544292283588e-09	0.144230507077597	0.071	0.097	0.00019939826474607	c4	FAR1
5.97392979605986e-09	1.17002177188546	0.011	0.006	0.000200353657500256	c4	DMKN
6.30234129120324e-09	0.707316774203404	0.111	0.093	0.000211367922224374	c4	COG3
6.45369704810777e-09	0.73685489341411	0.133	0.116	0.000216444091599438	c4	USB1
6.8018206159558e-09	0.237330765620237	0.472	0.469	0.000228119459817926	c4	REL
6.80939842721811e-09	0.682277084487073	0.09	0.073	0.000228373604452041	c4	FAM172A
6.82581746255925e-09	0.104687817951482	0.018	0.032	0.000228924266059312	c4	C17orf58
7.10447085244189e-09	0.485753446305655	0.142	0.123	0.000238269743449196	c4	DENND1C
7.92299916982258e-09	0.109564168747656	0.892	0.879	0.00026572154615751	c4	MT-ATP8
8.241512218068e-09	0.664573182550132	0.16	0.144	0.000276403836769565	c4	CYB561D2
8.45851126197019e-09	0.822370328945449	0.105	0.087	0.000283681550703956	c4	PCID2
8.5106583816721e-09	0.155728820249011	0.066	0.09	0.000285430460804519	c4	SCFD1
8.56406198316195e-09	0.769732419856287	0.101	0.084	0.000287221510791286	c4	GMCL1
9.47732363422251e-09	0.176185740286097	0.109	0.142	0.000317850480044555	c4	TMEM141
9.5203632822496e-09	0.184548888045675	0.07	0.095	0.000319293943760087	c4	IARS2
9.98947845695545e-09	0.72623800326768	0.139	0.122	0.000335027128489372	c4	EBP
1.05567762194166e-08	0.112947607708217	0.055	0.076	0.000354053160846793	c4	TNFSF12
1.07558264301316e-08	0.664578020354007	0.108	0.09	0.000360728906813755	c4	TBCD
1.11806885957302e-08	0.149149633795349	0.155	0.198	0.000374977934123599	c4	VTI1B
1.13859922918808e-08	0.181075806034409	0.091	0.121	0.000381863409485097	c4	RTL8C
1.23173313787883e-08	0.55814493938105	0.169	0.151	0.000413098659781803	c4	ZNF394
1.2376746768623e-08	0.220518064514975	0.064	0.087	0.000415091333126078	c4	PDHA1
1.2826582198175e-08	0.159053441363357	0.514	0.523	0.000430177913762393	c4	MAP1LC3B
1.33900255011514e-08	0.150175756331841	0.565	0.582	0.000449074675257616	c4	RBM8A
1.36729183688202e-08	0.122491494074624	0.085	0.112	0.00045856233625349	c4	FBXL15
1.37943645021193e-08	0.848328611305247	0.033	0.023	0.000462635396672079	c4	PLA2G6
1.38328568575639e-08	0.104770661808543	0.13	0.167	0.000463926353288977	c4	SRSF1
1.38768585760789e-08	0.218656411439055	0.048	0.069	0.000465402082924534	c4	TMCO3
1.53814471706412e-08	0.119276109597159	0.192	0.241	0.000515862975208964	c4	RABGGTB
1.55764154542238e-08	0.13410100183207	0.15	0.191	0.000522401821503759	c4	ETFA
1.57568247895217e-08	0.58471204140359	0.157	0.14	0.00052845238979098	c4	ZFAND2B
1.58111205228928e-08	1.03026809589631	0.057	0.043	0.000530273360096778	c4	TMEM184B
1.62582162068747e-08	1.38866050526498	0.01	0.005	0.000545268055146162	c4	TUBB4A
1.64339170148707e-08	0.423912385647588	0.247	0.235	0.000551160708844734	c4	CCDC59
1.66291446321738e-08	0.144867207344612	0.125	0.161	0.000557708252673845	c4	COPS3
1.69264955080191e-08	0.114067331912187	0.104	0.135	0.000567680806347946	c4	NRBF2
1.69356645411735e-08	0.105333301390327	0.119	0.153	0.000567988317381876	c4	CCAR1
1.77348304002045e-08	0.110485234692576	0.09	0.119	0.000594790741962058	c4	USP4
1.84404930251188e-08	0.117196088050419	0.096	0.125	0.000618457255076435	c4	RTCA
1.86001752616492e-08	0.481564161524044	0.151	0.132	0.000623812677925192	c4	CASP8
1.86664770496097e-08	0.123745365806895	0.08	0.106	0.000626036307289811	c4	FGD5-AS1
1.90066327231451e-08	1.04081383023858	0.025	0.016	0.000637444448268841	c4	IGFBP2
1.90462327166019e-08	0.46975891490217	0.141	0.121	0.000638772552849396	c4	NLRC5
1.9740381279826e-08	0.106162142810031	0.049	0.069	0.000662052907362805	c4	UBE3C
2.03414842007126e-08	0.528872791475108	0.158	0.14	0.0006822126971235	c4	MT1F
2.08655594993424e-08	0.966642439651056	0.024	0.015	0.000699789134488946	c4	KIAA1671
2.11041173909926e-08	0.210861440827608	0.066	0.09	0.00070778988905911	c4	YKT6
2.11705131960692e-08	0.137346675534089	0.051	0.071	0.000710016671569769	c4	XPNPEP1
2.236336176024e-08	0.837122465420845	0.061	0.046	0.000750022426714928	c4	ACSS1
2.4650125250476e-08	0.945629754948816	0.056	0.043	0.000826715900650464	c4	CLN3
2.54621958354981e-08	0.159198234170811	0.048	0.068	0.000853951123930936	c4	ARFIP2
2.76421073185827e-08	1.31352308197609	0.018	0.011	0.000927060995250626	c4	TBKBP1
2.98821829642347e-08	0.107174241519952	0.096	0.125	0.0010021886522545	c4	LYRM2
3.03997680592326e-08	0.117663703232507	0.115	0.148	0.00101954742117054	c4	UBE2V2
3.10797649316436e-08	0.106651682706244	0.058	0.079	0.00104235315627746	c4	NRROS
3.14407227494945e-08	0.113661506915623	0.029	0.044	0.00105445895957255	c4	F11R
3.29256044007153e-08	0.439621352857229	0.244	0.232	0.00110425892039119	c4	CCDC12
3.30487206424263e-08	0.189724750191377	0.066	0.089	0.00110838799290569	c4	SLC39A7
3.35373165479315e-08	0.407904377906728	0.261	0.248	0.00112477452238453	c4	PTMS
3.41946874356839e-08	0.156038992596784	0.023	0.036	0.00114682142721797	c4	PCCB
3.61496682726447e-08	1.42795194538414	0.013	0.007	0.00121238757452796	c4	AC007448.3
3.62336225534071e-08	0.222056201949097	0.109	0.141	0.00121520323319617	c4	ARFGAP3
3.75656337783725e-08	0.177403301150325	0.143	0.182	0.00125987622565906	c4	PPCS
4.0077236204751e-08	0.327836568201777	0.135	0.115	0.00134411034783494	c4	TNIK
4.06678642966877e-08	0.715339354511454	0.142	0.126	0.00136391883278231	c4	RPS6KA1
4.15118428700959e-08	0.145566765546029	0.102	0.131	0.00139222418617728	c4	AP1M1
4.21103366935624e-08	0.142279354709804	0.063	0.085	0.0014122964720287	c4	SUCLA2
4.38405526235947e-08	0.478075231737661	0.227	0.216	0.00147032445389012	c4	LRP10
4.62411170183313e-08	0.131664430850149	0.094	0.123	0.00155083458256079	c4	YTHDF3
4.66459202662032e-08	0.49672175590561	0.21	0.196	0.00156441087388792	c4	ADSS
4.76602711799883e-08	0.133897988947324	0.121	0.155	0.00159843017483445	c4	FDPS
4.80960928813243e-08	0.135075673248809	0.136	0.173	0.00161304676305385	c4	B3GAT3
4.99917910748207e-08	0.374201059830787	0.269	0.259	0.00167662468906734	c4	RNF167
5.54408328884983e-08	0.102971109851587	0.092	0.119	0.00185937465341446	c4	YDJC
5.58881424585858e-08	0.685738314173756	0.125	0.108	0.00187437652177605	c4	ICAM2
5.79578529873575e-08	1.39302741088718	0.01	0.005	0.00194379047349	c4	F2RL2
5.80599623302651e-08	1.07813088833136	0.017	0.01	0.00194721501663243	c4	FGFBP3
6.00936045475491e-08	1.09063264129821	0.024	0.015	0.0020154193093157	c4	MYLPF
6.2358877965536e-08	0.326707932096683	0.03	0.046	0.00209139204920815	c4	C8orf82
6.25903839277547e-08	0.19400623896627	0.062	0.084	0.00209915629616904	c4	GANAB
6.61868221227646e-08	0.118346902262317	0.14	0.176	0.00221977364035328	c4	EIF5B
6.74825001165099e-08	0.942482971690135	0.021	0.013	0.00226322808890751	c4	AC136475.1
6.93373987977177e-08	0.219770911687627	0.062	0.085	0.00232543768087786	c4	LILRB1
7.05396668771196e-08	0.130741210008465	0.041	0.059	0.00236575934772484	c4	C11orf1
7.40833569162763e-08	0.127633294617218	0.116	0.147	0.00248460762425808	c4	KPNA4
7.41535392690349e-08	0.151685974543554	0.084	0.11	0.00248696140000489	c4	NUS1
7.42242440528443e-08	0.172571582759554	0.122	0.155	0.00248933269704429	c4	COPB2
7.53688560233088e-08	0.440779151111006	0.285	0.285	0.00252772069330973	c4	RAB2A
7.6647357466762e-08	0.150664816103416	0.19	0.239	0.00257059907472026	c4	RNASEH2C
7.7333785942426e-08	0.147907833006937	0.148	0.186	0.00259362051293708	c4	PPP1R11
7.74639550456206e-08	0.27306061464563	0.068	0.092	0.00259798612432002	c4	SLC1A4
7.76628301148762e-08	0.127873470587716	0.071	0.095	0.00260465599639272	c4	SLC35B2
7.77105688381564e-08	0.111958174141131	0.042	0.06	0.00260625705769409	c4	VAPB
8.05898452494468e-08	0.11933155924065	0.055	0.075	0.00270282222997595	c4	NMD3
8.0740355976226e-08	0.116553722665753	0.182	0.228	0.00270787005873067	c4	MRPL43
8.22401833819358e-08	0.141147063457936	0.058	0.079	0.00275817127026336	c4	UBA5
8.46240804113876e-08	0.148459681132434	0.025	0.039	0.00283812240883712	c4	UBE2D4
9.03228736130887e-08	0.12692891981129	0.055	0.074	0.00302924853523577	c4	PUM3
9.24599827800274e-08	1.14757523378012	0.036	0.025	0.00310092290247656	c4	AC005332.5
9.72265328086171e-08	0.116308510541494	0.026	0.04	0.0032607834573354	c4	SNUPN
9.96230752949892e-08	0.288164919292198	0.03	0.045	0.00334115869924335	c4	DNASE1L1
1.02653716418723e-07	0.869608598889583	0.031	0.021	0.00344280034125115	c4	CYB561D1
1.09834401476421e-07	1.2784813726875	0.021	0.013	0.00368362615671621	c4	N4BP3
1.10537824011182e-07	0.14041802788075	0.093	0.12	0.00370721754168702	c4	CDC5L
1.11051834221746e-07	0.677733817818366	0.126	0.111	0.00372445641612891	c4	PIK3R5
1.11474206577682e-07	1.11022536289358	0.012	0.006	0.0037386219402023	c4	CEP126
1.1212549697423e-07	0.641067654375712	0.085	0.069	0.00376046491752173	c4	SLC16A7
1.13382687079214e-07	1.04597310535192	0.021	0.013	0.00380262855926267	c4	PCOLCE
1.14173743707427e-07	0.141036602314028	0.111	0.141	0.0038291590164597	c4	PPM1M
1.17105239768161e-07	0.124434646634398	0.045	0.063	0.00392747553134459	c4	ENOSF1
1.25621279803005e-07	0.169831949917983	0.057	0.077	0.00421308648203318	c4	SLC35A4
1.25633338400015e-07	0.195066833481609	0.147	0.186	0.0042134909032597	c4	ILK
1.2580845681339e-07	0.804592920348049	0.101	0.085	0.00421936402460746	c4	PLCG2
1.29225585953766e-07	0.111161689094178	0.052	0.071	0.00433396770171739	c4	AGPS
1.30664782778616e-07	0.149262427610817	0.097	0.125	0.00438223548482924	c4	HDAC3
1.33726655914007e-07	0.156778181960906	0.052	0.072	0.00448492458604398	c4	PIGX
1.40771788023789e-07	0.154154515347755	0.046	0.064	0.00472120422674182	c4	PEX11B
1.44111581965604e-07	0.120048237462742	0.1	0.128	0.00483321423596242	c4	TSTA3
1.4649452266369e-07	0.222957182043619	0.084	0.11	0.00491313330109482	c4	SERPINB6
1.47364194276129e-07	0.112791631943605	0.043	0.061	0.00494230034763282	c4	MRPL30
1.48698408334527e-07	1.29589542515511	0.039	0.029	0.00498704721872337	c4	GSTM2
1.50756197664315e-07	0.954889283182816	0.038	0.027	0.00505606135726581	c4	CHN2
1.51767783739996e-07	0.80402125135631	0.055	0.042	0.005089987931072	c4	FAM117A
1.53018010781105e-07	1.14772772525696	0.02	0.013	0.00513191804557671	c4	RASGEF1A
1.54125025931795e-07	0.251469358195777	0.101	0.13	0.00516904511970054	c4	RALBP1
1.5705515529722e-07	0.192855159301546	0.138	0.173	0.00526731579835817	c4	PPP1R10
1.60738120781283e-07	0.873507440617257	0.084	0.069	0.00539083509476267	c4	SLC39A10
1.61136822080501e-07	0.908640570924782	0.083	0.068	0.00540420673893584	c4	TGFBR1
1.61321141948806e-07	0.683850103197468	0.164	0.15	0.00541038845867907	c4	LMO4
1.67515879068668e-07	0.1435849756491	0.123	0.156	0.00561814755220498	c4	ARID1A
1.69674600942311e-07	0.168027129321617	0.124	0.157	0.00569054676640322	c4	SEC31A
1.69946907837145e-07	0.137341368115529	0.161	0.201	0.00569967939504216	c4	MANF
1.80174621580895e-07	0.187733425007818	0.04	0.057	0.00604269645858005	c4	CYREN
1.86401154299464e-07	0.11763687051044	0.188	0.234	0.00625152191289543	c4	CYC1
1.89872077772644e-07	0.790360311841286	0.058	0.045	0.00636792974433894	c4	KIZ
1.90984127258545e-07	0.643065789662215	0.098	0.082	0.00640522565999707	c4	UNC13D
1.93314103874104e-07	0.773373690977996	0.076	0.062	0.0064833684157297	c4	HIVEP3
1.93681220183693e-07	0.172077296141549	0.049	0.067	0.0064956807625207	c4	HSPA13
1.99196044225294e-07	0.256616573645977	0.382	0.382	0.00668063693122792	c4	ARGLU1
2.01998407925023e-07	0.213125899012779	0.171	0.149	0.00677462260498941	c4	SH2D1A
2.06481420111333e-07	0.600801722959364	0.161	0.146	0.00692497386769388	c4	JOSD1
2.11485111521593e-07	0.173673576993106	0.111	0.141	0.00709278767021119	c4	COPS5
2.13557310422998e-07	0.166486752817949	0.091	0.118	0.00716228507696652	c4	DCTD
2.21685006654639e-07	0.590994280909771	0.052	0.04	0.00743487175318327	c4	IL12RB2
2.23026108375196e-07	0.155685613312166	0.027	0.041	0.00747984962268731	c4	FOXRED1
2.30855426875438e-07	0.138360401451524	0.034	0.049	0.00774242930654843	c4	HDHD2
2.35022191178716e-07	0.117365442021326	0.12	0.152	0.00788217424775179	c4	SNW1
2.38179969780484e-07	0.240725085932542	0.423	0.434	0.00798807982649786	c4	PRRC2C
2.39901592553325e-07	0.944463597963845	0.058	0.045	0.0080458196110534	c4	CTPS1
2.55777532047224e-07	1.19452594116452	0.019	0.012	0.0085782668697998	c4	RBAK-RBAKDN
2.6319652179696e-07	0.149481083415241	0.057	0.077	0.00882708494802644	c4	PCYT1A
2.65021663317977e-07	0.516621560154563	0.167	0.152	0.00888829654435832	c4	ABT1
3.1019310807177e-07	0.235090460490898	0.085	0.111	0.010403256458511	c4	SLC52A2
3.12924760850949e-07	0.717652054726988	0.057	0.044	0.0104948706294191	c4	ZNF493
3.13311876759423e-07	0.144586884965095	0.106	0.135	0.0105078537227575	c4	SFT2D2
3.13599304639755e-07	0.176044686632904	0.053	0.072	0.0105174934790081	c4	LRRC47
3.16423417993424e-07	0.107770454640543	0.066	0.087	0.0106122085926634	c4	SLC30A7
3.17226270555806e-07	0.144572030747218	0.08	0.104	0.0106391346619006	c4	TARS
3.25756261924838e-07	0.139721158044511	0.051	0.069	0.0109252135124352	c4	PIGBOS1
3.25831980950624e-07	1.12018756423117	0.038	0.028	0.010927752977122	c4	NOCT
3.26407149123096e-07	0.125254770656607	0.593	0.62	0.0109470429672904	c4	EDF1
3.26438731241197e-07	0.123830714446476	0.032	0.046	0.0109481021683673	c4	SCO2
3.27715348931324e-07	0.112917629318367	0.133	0.167	0.0109909173724587	c4	PPP1R7
3.38625754358338e-07	0.150482043770616	0.15	0.188	0.0113568305496699	c4	DECR1
3.40432560175257e-07	0.133435188000171	0.107	0.136	0.0114174272031578	c4	PIN4
3.57861581672324e-07	0.466195704697371	0.125	0.108	0.0120019617261264	c4	PIK3CD
3.62248686985853e-07	1.0720772680316	0.022	0.014	0.0121490964641315	c4	ZNF565
3.6292621920184e-07	0.167461006751455	0.483	0.492	0.0121718195395913	c4	DRAP1
3.66624813090027e-07	0.21882483648819	0.105	0.135	0.0122958629814133	c4	RNF5
3.84477367522378e-07	0.138336237265802	0.086	0.111	0.0128946019519655	c4	PPIP5K2
4.12887559120081e-07	0.307664281774492	0.315	0.31	0.0138474229577693	c4	ARID4B
4.30213392191664e-07	0.102838734369657	0.037	0.053	0.014428496747324	c4	NUDT18
4.39466956002911e-07	0.275893077557587	0.035	0.05	0.0147388427704256	c4	TM6SF1
4.47107065538976e-07	0.131522303382457	0.139	0.174	0.0149950767640462	c4	PSMC4
4.52109665466713e-07	0.123254311521682	0.017	0.028	0.0151628539604226	c4	TMEM150A
4.55846622438635e-07	0.768383507909538	0.06	0.047	0.015288184023347	c4	TBC1D25
4.56939026167747e-07	0.650449590854876	0.103	0.088	0.0153248210596139	c4	NCOA1
4.6204781434236e-07	0.161989507711088	0.074	0.096	0.0154961595974141	c4	RNASEH1
4.69907550869342e-07	0.166192041211444	0.126	0.159	0.015759759441056	c4	EIF3J
4.75751778419096e-07	0.578727391502696	0.076	0.061	0.0159557631446197	c4	BTN3A3
4.80266411687009e-07	0.102611733041408	0.163	0.202	0.0161071749151589	c4	C1D
4.98240953040031e-07	0.911253934709061	0.035	0.025	0.0167100050830566	c4	ARL4D
5.0031680271806e-07	0.517825861752448	0.208	0.198	0.0167796249295583	c4	GOLGA7
5.03751783147497e-07	0.125121704138402	0.104	0.132	0.0168948273032007	c4	VPS4A
5.06579784483082e-07	0.955896535735011	0.022	0.014	0.0169896728119936	c4	ZNF570
5.09645796298855e-07	0.100100988754003	0.048	0.066	0.017092500716271	c4	UBXN7
5.14575650610519e-07	0.177206704257847	0.025	0.038	0.0172578381701756	c4	RRP36
5.3152676036956e-07	0.955445816688711	0.024	0.016	0.0178263444892743	c4	ATP10A
5.41464980652644e-07	0.552885077114777	0.167	0.153	0.0181596525211284	c4	SRPK2
5.58732660300634e-07	0.181163436679586	0.118	0.149	0.0187387759611627	c4	UBE2J2
5.59082721929258e-07	0.136318727952559	0.122	0.152	0.0187505163280635	c4	CEP57
5.77495838785938e-07	0.11729601890935	0.041	0.057	0.0193680554412028	c4	PSTPIP2
5.83823310764728e-07	0.206900575071105	0.08	0.103	0.0195802661964274	c4	NABP2
5.86321137507005e-07	0.185430688817832	0.135	0.169	0.0196640383097099	c4	ELOVL1
6.0426399578563e-07	0.106212011396575	0.074	0.096	0.0202658058906585	c4	NDE1
6.07646829889294e-07	0.193349370737934	0.042	0.058	0.0203792593808271	c4	C2orf68
6.08417344234818e-07	0.524731493100398	0.256	0.252	0.0204051008909473	c4	H2AFJ
6.08615245592404e-07	0.11059563737477	0.082	0.105	0.0204117381066781	c4	TXNDC9
6.08720290811887e-07	0.129686151649901	0.071	0.092	0.0204152611132491	c4	NOB1
6.28862126175679e-07	0.188371311228234	0.063	0.083	0.0210907779876799	c4	SLC39A6
6.29859763297673e-07	0.559386756872252	0.084	0.07	0.0211242367414774	c4	FBXO44
6.59436793866789e-07	0.156117940814313	0.066	0.087	0.0221161911927044	c4	ZSCAN16-AS1
6.8855258915955e-07	0.145847903713219	0.09	0.114	0.023092676735233	c4	LETMD1
6.90732737742363e-07	0.147426285216577	0.038	0.053	0.0231657945584034	c4	NR2C2AP
6.95998226482448e-07	0.103431794461402	0.056	0.075	0.0233423885197683	c4	SNRNP35
7.11735428957121e-07	0.170579911364394	0.029	0.042	0.0238701828163639	c4	MIEF1
7.12433654427803e-07	0.162801761551847	0.156	0.194	0.0238935999021996	c4	UFD1
7.20203485030447e-07	0.578312100281485	0.109	0.094	0.0241541844809511	c4	S1PR4
7.31463214487685e-07	0.152036164119043	0.058	0.077	0.024531813287488	c4	ACOT8
7.37252814245813e-07	0.114581015132696	0.081	0.104	0.0247259848841761	c4	MITD1
7.94753289883162e-07	0.113777621893993	0.098	0.124	0.0266544358361015	c4	PRPF31
8.21875622088437e-07	0.171059932584188	0.142	0.178	0.027564064613602	c4	DNAJB11
8.22308408596804e-07	0.356951891039877	0.346	0.358	0.0275785794075196	c4	NDUFB7
8.38836869084086e-07	1.23519296573636	0.01	0.005	0.0281329109153421	c4	MC1R
8.39961412018427e-07	0.110567829214684	0.054	0.072	0.028170625836274	c4	UNC45A
8.45334840211888e-07	0.234423937052601	0.119	0.151	0.0283508398710263	c4	CHCHD3
8.49471859064764e-07	0.118193369066441	0.051	0.069	0.0284895872093141	c4	PMPCA
8.6604698967492e-07	0.127932668470881	0.227	0.279	0.0290454839397175	c4	TMED9
8.76590141493774e-07	0.176517423851696	0.063	0.083	0.0293990801654182	c4	CBL
8.83827240220473e-07	0.124073561552909	0.036	0.05	0.0296417979825142	c4	APOPT1
8.90180006259675e-07	0.650874858449651	0.124	0.11	0.029854857049937	c4	GPATCH8
9.34919338668134e-07	0.174641389294696	0.063	0.083	0.0313553247802519	c4	UTP11
9.48607983025051e-07	0.527782907508467	0.158	0.143	0.0318144145346942	c4	RNF139
9.57557986772159e-07	0.673387494160381	0.065	0.052	0.0321145797603647	c4	NAALADL1
9.67032969365553e-07	0.18488830548482	0.063	0.083	0.0324323517265819	c4	RCOR1
1.00938816439383e-06	0.144293132926095	0.195	0.241	0.0338528602574401	c4	ACADVL
1.01874257412385e-06	0.60567685187568	0.102	0.087	0.0341665884509656	c4	CDK11A
1.03443890708763e-06	0.188710815326139	0.112	0.14	0.0346930120659048	c4	ATG101
1.03466451990103e-06	0.224451352048217	0.111	0.14	0.0347005786684407	c4	AAMP
1.09499184675369e-06	0.358833732994613	0.297	0.295	0.0367238365564252	c4	SS18L2
1.10236680186886e-06	0.798443762669677	0.021	0.014	0.0369711778010779	c4	AF165147.1
1.1155698483406e-06	0.140446216320823	0.092	0.117	0.0374139815736469	c4	CDIPT
1.15932073118358e-06	0.100998601383343	0.19	0.233	0.0388812986824349	c4	TGOLN2
1.16348122716915e-06	0.409388667497273	0.241	0.232	0.0390208333967991	c4	CAPN2
1.17606681807386e-06	0.164888867049603	0.048	0.065	0.0394429289445611	c4	TRNT1
1.18062834621467e-06	0.132046260624605	0.044	0.06	0.0395959134753475	c4	FAM122A
1.1858725067348e-06	0.359184383659378	0.211	0.196	0.0397717921308717	c4	TMC8
1.18861010904696e-06	0.117487441080534	0.059	0.078	0.0398636058372169	c4	RAB5B
1.18884943052959e-06	0.148174487663671	0.02	0.031	0.0398716322011012	c4	DONSON
1.20197646819768e-06	0.133075074515426	0.061	0.08	0.0403118867904137	c4	MAN1B1
1.2264762638816e-06	0.164509361262938	0.156	0.194	0.0411335609380609	c4	VDAC3
1.26000216600648e-06	0.889715474544585	0.036	0.026	0.0422579526435254	c4	FAM8A1
1.27709379631309e-06	0.191145035239857	0.047	0.063	0.0428311717407486	c4	SH3GL1
1.28060223738188e-06	0.141703046574504	0.091	0.115	0.0429488378373135	c4	DHX29
1.30932889555767e-06	1.50998715032548	0.01	0.005	0.0439122724992132	c4	MOXD1
1.32146243193509e-06	0.111564668424219	0.174	0.213	0.0443192070422391	c4	ABI1
1.39029965147733e-06	0.133659190853547	0.125	0.156	0.0466278697112467	c4	ARRDC1
1.40222552007665e-06	0.115955335511698	0.04	0.055	0.0470278394923305	c4	PCGF3
1.41204976100079e-06	0.154134475478345	0.059	0.078	0.0473573248844444	c4	CDKN2AIPNL
