p_val	avg_log2FC	pct.1	pct.2	p_val_adj	cluster	gene
0	2.70410248732647	0.634	0.113	0	c9	FOXP3
0	2.00345398066719	0.65	0.173	0	c9	TNFRSF4
0	1.90908607666693	0.863	0.425	0	c9	BATF
0	1.69573995506861	0.662	0.245	0	c9	TNFRSF18
0	1.7882493008015	0.699	0.319	0	c9	LTB
0	1.27973155349918	0.607	0.323	0	c9	CTLA4
0	2.21357224194673	0.381	0.099	0	c9	IL2RA
0	1.53277276613576	0.546	0.271	0	c9	PIM2
0	1.30045236104993	0.57	0.298	0	c9	ICOS
0	1.51580231534644	0.596	0.335	0	c9	MIR4435-2HG
0	1.77059038309284	0.404	0.156	0	c9	LINC01943
0	1.31553206790697	0.852	0.633	0	c9	SAT1
0	2.19800834777155	0.282	0.081	0	c9	CCR6
0	2.93911017655021	0.214	0.041	0	c9	RTKN2
0	1.13786934076315	0.972	0.842	0	c9	IL32
0	2.84899024754377	0.161	0.033	0	c9	IL1R1
8.9258399562443e-299	1.47537446336627	0.531	0.28	2.99354820452521e-294	c9	BIRC3
1.44651558099423e-292	2.55225846815973	0.176	0.04	4.85132395553846e-288	c9	CCR8
2.6514241243737e-289	2.3533339633177	0.28	0.095	8.89234622832451e-285	c9	MAGEH1
3.95506721321173e-288	1.8128251719533	0.349	0.137	1.32645044196695e-283	c9	TBC1D4
5.85921393375724e-285	1.537960906327	0.405	0.171	1.9650631691035e-280	c9	LAIR2
1.74158819033413e-280	1.37065707899919	0.579	0.34	5.84093847274259e-276	c9	CARD16
7.17293266178637e-274	2.38892956534626	0.188	0.048	2.40565815610991e-269	c9	IL1R2
3.51739949347301e-267	2.89086216567756	0.141	0.029	1.17966544212098e-262	c9	FANK1
2.10745040263207e-259	2.09357551280534	0.243	0.079	7.06796716034743e-255	c9	IKZF2
1.86271349821186e-258	1.26607514437964	0.567	0.328	6.24716853030293e-254	c9	ARID5B
2.21545768694229e-255	1.6773421866298	0.463	0.242	7.43020199046704e-251	c9	GLRX
1.7226984032966e-240	0.705283295793099	0.95	0.819	5.77758590497613e-236	c9	S100A4
1.61843147296113e-237	1.29696047000041	0.522	0.294	5.42789547401704e-233	c9	CORO1B
1.06091477636539e-219	1.00820943487846	0.643	0.429	3.55809597697424e-215	c9	SPOCK2
3.56675179836006e-210	1.2728926310772	0.452	0.243	1.196217218134e-205	c9	PBXIP1
6.86917090697912e-203	2.1810052785228	0.189	0.06	2.30378253878266e-198	c9	AC017002.3
3.97071755780352e-199	1.34259444607437	0.527	0.324	1.33169925453615e-194	c9	PMAIP1
5.63092034550757e-197	2.13275003705218	0.171	0.051	1.88849806547633e-192	c9	ICA1
3.82253890147526e-195	1.40856883001954	0.407	0.214	1.28200309677677e-190	c9	PELI1
4.31644957739988e-195	1.13832556475397	0.504	0.297	1.44765085926837e-190	c9	DNPH1
8.83875940928859e-193	1.28148090078593	0.453	0.254	2.96434313068721e-188	c9	RHBDD2
2.41632189337624e-188	0.310829207018391	1	0.999	8.10386036600524e-184	c9	B2M
8.24367589460719e-184	1.4601842664533	0.394	0.212	2.76476402153336e-179	c9	UGP2
1.15726030983244e-175	1.89986653882689	0.213	0.079	3.88121962711604e-171	c9	GK
1.48873784527714e-173	1.0698346247135	0.595	0.423	4.99292898549048e-169	c9	UCP2
1.07089868887148e-165	0.979014564067917	0.527	0.329	3.59158002273716e-161	c9	CD27
1.39300122747716e-164	1.55042235193304	0.291	0.136	4.67184751671291e-160	c9	STAM
8.15520926839339e-163	2.48871146559992	0.098	0.022	2.73509408443377e-158	c9	CD177
8.94695382439127e-163	2.62771090747807	0.121	0.032	3.00062937362434e-158	c9	LINC02099
3.85687870561913e-154	2.31759269940046	0.137	0.041	1.29351998029054e-149	c9	ZC2HC1A
6.38052100835811e-154	0.517210352638312	0.951	0.906	2.13989913578314e-149	c9	BTG1
2.4984544537393e-151	1.35105576041162	0.302	0.146	8.37931654695086e-147	c9	CD28
8.20477863390669e-150	2.02539821010587	0.171	0.061	2.75171865823962e-145	c9	CUL9
3.0616413318724e-146	2.80575428558922	0.083	0.018	1.02681326988336e-141	c9	TBC1D8
8.75901122571997e-145	1.30967823496399	0.32	0.164	2.93759718488196e-140	c9	SELL
1.53215090770788e-142	1.75628796587732	0.243	0.109	5.13852771427068e-138	c9	HPGD
4.10446701944214e-140	2.43770397379564	0.101	0.026	1.37655614898051e-135	c9	CLEC7A
2.62717495009026e-139	1.52937321389404	0.245	0.111	8.8110193476127e-135	c9	SLAMF1
5.37936512945053e-136	1.68321047568572	0.199	0.081	1.80413147711512e-131	c9	ZC3H12D
1.87299793317093e-135	1.80006047229778	0.161	0.058	6.28166046826866e-131	c9	FBLN7
9.54669892641868e-135	0.990730071047152	0.559	0.401	3.2017718859423e-130	c9	CACYBP
5.47328375855388e-131	0.977561201809194	0.596	0.448	1.8356299069438e-126	c9	CTSC
2.54803744720085e-130	1.76696689416009	0.236	0.11	8.5456079904222e-126	c9	GADD45A
7.15908857011406e-130	1.02489278350735	0.509	0.352	2.40101512464485e-125	c9	TNFRSF1B
2.01780195926848e-127	1.94218644133288	0.162	0.061	6.76730421099464e-123	c9	CRADD
1.78900217464461e-126	0.799563681563822	0.552	0.371	5.99995549332311e-122	c9	TIGIT
1.78570387427528e-122	1.92890120052755	0.162	0.062	5.98889365354443e-118	c9	MARCH3
7.30377993458406e-122	0.368761139051744	0.988	0.969	2.4495417144608e-117	c9	HLA-A
4.86349426895842e-121	2.61232935071934	0.077	0.018	1.63111870792328e-116	c9	GNG8
8.80786067541732e-118	0.469483201557393	0.925	0.876	2.95398031332146e-113	c9	UBC
1.88417311027881e-114	2.20686733373409	0.09	0.024	6.31913977725307e-110	c9	ADTRP
1.18063590311364e-112	0.664541510077672	0.739	0.629	3.95961669186252e-108	c9	SOD1
8.58224048594765e-112	1.09662388035783	0.512	0.377	2.87831181417712e-107	c9	ZFAND5
3.12969385887425e-107	1.33606985107207	0.227	0.11	1.04963672638925e-102	c9	CD4
1.82019081025055e-106	1.90221766618156	0.151	0.06	6.10455593941828e-102	c9	BEX3
4.85435404836354e-106	1.84329113241617	0.133	0.049	1.62805326074016e-101	c9	HS3ST3B1
1.20182895550962e-102	2.19667187085959	0.099	0.031	4.03069395098816e-98	c9	HACD1
9.48998895858121e-102	0.971646835798072	0.428	0.292	3.18275249692897e-97	c9	NAMPT
1.21353713769691e-99	2.58657620145007	0.064	0.015	4.06996085240791e-95	c9	AC005392.2
5.41280666764852e-99	2.27953856181292	0.071	0.018	1.81534710019596e-94	c9	AC133644.2
1.00075768305354e-98	0.690703566941507	0.761	0.632	3.35634111742496e-94	c9	RGS1
7.61182694645483e-98	1.86887047061799	0.106	0.035	2.55285452130202e-93	c9	CCR4
1.33481697536677e-97	1.08699343290097	0.396	0.265	4.47670917198508e-93	c9	TTC39C
1.84964938220158e-97	0.829691773351045	0.564	0.436	6.20335409802765e-93	c9	RPS27L
2.40324319584077e-97	1.37469702475007	0.248	0.133	8.05999703021076e-93	c9	HTATIP2
1.72528358394534e-95	0.899419353834709	0.532	0.382	5.78625608383587e-91	c9	PHLDA1
2.05057393573563e-94	0.798930626277547	0.543	0.422	6.87721486567015e-90	c9	UBE2B
8.64696239015756e-94	1.25830078125328	0.255	0.138	2.90001824641104e-89	c9	DUSP16
2.28128770049247e-93	2.0876108548145	0.101	0.034	7.65098268991165e-89	c9	F5
3.2562680338838e-92	1.79717755243003	0.139	0.057	1.09208717320395e-87	c9	IL12RB2
1.36313083777668e-91	0.31281334136112	0.977	0.961	4.57166820373544e-87	c9	FTH1
1.46926216359797e-91	1.17052604132187	0.299	0.178	4.92761144427487e-87	c9	PHTF2
1.12689581518438e-90	0.984331911022705	0.315	0.185	3.77938318496538e-86	c9	MAF
2.49548287371493e-89	0.499121812749749	0.771	0.695	8.36935046186513e-85	c9	CIRBP
6.3003670614582e-89	1.28847577932828	0.198	0.096	2.11301710507185e-84	c9	THEM4
1.99293201485814e-88	2.88355586319379	0.047	0.009	6.68389539143122e-84	c9	TNFRSF13B
5.3761802201545e-87	0.967382656953064	0.341	0.213	1.80306332223542e-82	c9	IL6ST
2.87445473219129e-86	0.302250456677359	0.994	0.988	9.64034628082314e-82	c9	TMSB10
4.75231799075298e-86	0.927030759536065	0.39	0.259	1.59383240773873e-81	c9	GBP5
2.2322305029575e-85	0.458162269118804	0.784	0.704	7.48645466081885e-81	c9	FXYD5
9.30092618725175e-85	0.633528963570169	0.598	0.451	3.11934462468049e-80	c9	DUSP4
5.12356732955377e-84	0.547926579467204	0.746	0.628	1.71834201098574e-79	c9	NFKBIA
1.42973083891491e-82	0.832150942372741	0.485	0.372	4.79503128755281e-78	c9	RHOG
4.17919730785698e-81	1.51235293136999	0.181	0.089	1.40161919310907e-76	c9	MAP1LC3A
6.39745488039763e-80	0.965076639764666	0.351	0.231	2.14557841778776e-75	c9	SNX9
5.27698489791267e-79	0.335187601937003	0.522	0.356	1.76979519506195e-74	c9	IL7R
2.63344103400164e-78	0.710584229213108	0.546	0.436	8.83203453983471e-74	c9	RHOH
1.02469306843088e-77	0.816445872358592	0.758	0.679	3.43661561290349e-73	c9	DNAJB1
1.2791564294006e-77	2.34350033510186	0.066	0.019	4.29003483292372e-73	c9	PCBP3
1.5854629173702e-77	1.2507794541029	0.211	0.112	5.31732553227617e-73	c9	LAYN
1.21962831075688e-76	1.11073155962578	0.26	0.152	4.09038942861643e-72	c9	TNIK
3.56986461032172e-76	1.06455440676794	0.282	0.171	1.1972611930097e-71	c9	FCMR
4.89801992310024e-75	1.0091330586047	0.286	0.174	1.64269792180936e-70	c9	TMEM173
1.41775927040633e-72	0.626774503497856	0.599	0.49	4.75488104108876e-68	c9	CYTOR
3.18155179373545e-71	0.656437799236453	0.788	0.723	1.06702884058299e-66	c9	DUSP1
1.51699437188908e-70	0.613560836465314	0.631	0.532	5.08769572444158e-66	c9	CREM
1.95131353632358e-70	1.06231040871775	0.261	0.157	6.54431533812203e-66	c9	TNFRSF25
7.72286046691711e-70	1.79580922331176	0.112	0.047	2.59009294339466e-65	c9	CCNG2
1.41736723316067e-67	0.338172746935918	0.889	0.854	4.75356622657425e-63	c9	SARAF
2.67672830273773e-67	1.59127724160201	0.095	0.036	8.97721138172181e-63	c9	IL6R
1.45041256071177e-66	1.38288209397942	0.165	0.084	4.86439364611512e-62	c9	CD79B
5.2202197051204e-66	1.400794415613	0.162	0.081	1.75075728470328e-61	c9	FRMD4B
4.76308397050708e-65	1.87961812120396	0.109	0.046	1.59744310202866e-60	c9	CADM1
1.2248036643371e-64	0.953866672052656	0.298	0.193	4.10774652945377e-60	c9	PBX4
3.76945780168672e-64	0.444706546012121	0.704	0.613	1.26420075752969e-59	c9	ARPC1B
2.29076848515349e-62	0.913843593065693	0.316	0.213	7.68277934550778e-58	c9	GBP2
1.01944226861562e-61	0.595866508355306	0.597	0.512	3.41900548048308e-57	c9	EPC1
3.05050539275468e-61	1.7690949416102	0.078	0.028	1.02307849862206e-56	c9	SETD7
2.76661380637054e-60	0.560307285145031	0.584	0.486	9.27866938380551e-56	c9	ARL6IP5
7.29058711418693e-60	0.456421471041181	0.732	0.668	2.44511710635601e-55	c9	PNRC1
3.75652314267909e-59	1.76631576191247	0.097	0.041	1.25986273159171e-54	c9	IKZF4
1.97592470419397e-58	1.2043548559879	0.179	0.098	6.62685627292574e-54	c9	JAZF1
3.39691203355917e-58	0.941690547300923	0.281	0.185	1.13925635781507e-53	c9	CMTM7
3.76576282397473e-58	1.42900765025928	0.113	0.051	1.26296153590465e-53	c9	FAAH2
7.30160403537795e-58	1.3094889028388	0.179	0.1	2.44881196138506e-53	c9	PHACTR2
1.14753746758816e-57	2.54135328308895	0.032	0.007	3.84861115879718e-53	c9	PMCH
2.84911332725894e-57	0.697136278840761	0.398	0.292	9.55535627696103e-53	c9	RORA
3.97372597805327e-57	0.301220930585239	0.942	0.926	1.3327082185195e-52	c9	SRGN
6.24222196480543e-56	0.672305522641098	0.455	0.362	2.09351640255645e-51	c9	RAP1A
4.20722614221589e-55	0.767040006821948	0.455	0.357	1.41101950357636e-50	c9	SYNGR2
6.78669391969783e-55	0.905668569885791	0.303	0.208	2.27612140678826e-50	c9	FAS
1.44636443357225e-54	1.12581104170009	0.208	0.125	4.85081703731462e-50	c9	NCF4
3.23450132899087e-54	0.651201638076185	0.479	0.387	1.08478705571696e-49	c9	NDUFV2
5.2714133941357e-54	1.21391314927722	0.182	0.105	1.76792662412523e-49	c9	ZNRF1
3.32266941643961e-53	1.12523771463892	0.188	0.109	1.11435686888552e-48	c9	MAST4
6.44473832836508e-53	0.760148441033783	0.38	0.288	2.16143634056708e-48	c9	SDF4
7.52177270079787e-53	2.10093027443396	0.047	0.014	2.52265212839359e-48	c9	IL23R
2.86688706604212e-52	1.77425154276811	0.066	0.024	9.61496584209206e-48	c9	LINC01281
4.21277563344684e-52	1.23787515496513	0.184	0.108	1.4128806919454e-47	c9	CRTAP
3.21342385983407e-51	0.937423371057487	0.226	0.14	1.07771809411115e-46	c9	AQP3
4.67858546949664e-51	0.957088897198247	0.316	0.227	1.56910399475978e-46	c9	ANKRD10
8.06800871871404e-51	1.66796798070855	0.078	0.031	2.70584876408231e-46	c9	ADAM12
1.90863622314036e-50	2.02390600048937	0.068	0.026	6.40118416516814e-46	c9	PCSK1N
3.78639665732372e-50	0.855204725332047	0.361	0.272	1.26988171093323e-45	c9	BTG3
8.16108400389926e-50	2.0919326394914	0.05	0.016	2.73706435322773e-45	c9	HLF
1.96432739472464e-49	0.482294834232259	0.504	0.407	6.5879612164275e-45	c9	HSPA1A
2.05429853292514e-49	2.09599984785264	0.053	0.017	6.88970641972433e-45	c9	FAM174B
2.54048433915107e-49	0.954295791910353	0.266	0.177	8.52027637664487e-45	c9	SOCS3
7.05882066900797e-49	1.21745717126807	0.184	0.11	2.36738727597189e-44	c9	TRAF3
8.79361286034567e-49	1.71711763601179	0.074	0.029	2.94920188110273e-44	c9	C15orf53
3.14371718807447e-48	0.355393191070601	0.852	0.799	1.05433987053641e-43	c9	TSC22D3
4.24196499954086e-48	0.696619092423998	0.417	0.327	1.42267022154602e-43	c9	IL2RB
1.03169943310816e-47	1.3007068859431	0.148	0.081	3.46011355875815e-43	c9	THADA
1.5241940326694e-47	0.815439061178019	0.369	0.278	5.11184194676664e-43	c9	PRDM1
1.59461888118885e-47	0.73904430080482	0.297	0.203	5.34803280373116e-43	c9	PIK3IP1
1.67265179588127e-47	0.477712682822165	0.616	0.542	5.6097395930266e-43	c9	CYTIP
1.80681586731528e-47	1.51513429068443	0.134	0.071	6.05969905580199e-43	c9	LTA
1.07782578952103e-46	0.590538767436904	0.457	0.369	3.61481213289564e-42	c9	CFLAR
1.55687088005925e-46	0.706270558986862	0.342	0.251	5.22143355754272e-42	c9	TNFRSF14
6.22186441192179e-46	1.07447010419571	0.215	0.137	2.08668888647033e-41	c9	SATB1
1.10609452164318e-45	2.30688953581591	0.04	0.012	3.70961980668689e-41	c9	FLVCR2
3.08503397709078e-44	2.34656074649321	0.038	0.011	1.03465869523671e-39	c9	AC012368.1
3.83044176501989e-44	1.9231513348105	0.064	0.025	1.28465355915237e-39	c9	EPHX2
3.84587578169738e-44	0.449577843165585	0.658	0.584	1.28982981966567e-39	c9	TAGLN2
8.70851021171571e-44	1.17916383470981	0.183	0.112	2.92066015480522e-39	c9	MALT1
1.01521312169115e-43	1.45464745878724	0.142	0.079	3.40482176752778e-39	c9	TRBV20-1
1.55952650576558e-43	1.07860141974908	0.146	0.081	5.23033999503659e-39	c9	IRS2
1.64990777543046e-43	0.291670800567137	0.807	0.737	5.53346069723867e-39	c9	SUMO2
3.11953444633476e-43	1.76008898879175	0.05	0.017	1.04622946261175e-38	c9	PLCL1
7.91701955499815e-43	0.362542635136932	0.811	0.763	2.65521001835528e-38	c9	JUNB
1.42293397034867e-42	1.43011370591438	0.072	0.03	4.77223594975536e-38	c9	CARD17
8.12971395610459e-42	0.570808121265203	0.385	0.289	2.72654346659836e-37	c9	GPR183
8.97802487934515e-42	0.695304726801171	0.383	0.288	3.01104998403478e-37	c9	ACP5
2.86090812582175e-41	1.06637399416474	0.172	0.104	9.59491367238099e-37	c9	TRIB2
5.52661572446369e-41	1.03344013838818	0.173	0.104	1.85351638167063e-36	c9	GNA15
7.75511754710349e-40	0.644800385285856	0.379	0.294	2.60091132294757e-35	c9	LGALS3
1.28679018701994e-39	0.397037303804231	0.667	0.611	4.31563692922747e-35	c9	YWHAB
1.32259870225333e-39	2.54767038223405	0.027	0.007	4.43573152761723e-35	c9	LINC01229
2.03022494085495e-39	0.928539644111	0.266	0.19	6.80896840663932e-35	c9	ATOX1
1.2025626581969e-38	2.41903039602693	0.025	0.006	4.03315464306075e-34	c9	DLGAP1
1.77756216369134e-38	0.193328843721429	0.997	0.997	5.96158798458803e-34	c9	MALAT1
3.25618394341819e-38	1.80392471631008	0.069	0.03	1.09205897094359e-33	c9	EBI3
3.92446630854069e-38	1.00867510929537	0.208	0.137	1.31618751055838e-33	c9	BCL3
5.87306151739565e-38	0.621076386156501	0.421	0.349	1.96970737170415e-33	c9	ISCU
6.52548879147298e-38	1.51194502345481	0.076	0.035	2.18851843088421e-33	c9	GRPEL2
8.11621509097307e-38	2.58628918347731	0.023	0.005	2.72201621721055e-33	c9	LINC00519
8.94407906916983e-38	0.291143274373407	0.85	0.83	2.99966523821818e-33	c9	ARHGDIB
9.64415817552513e-38	1.01965075051318	0.182	0.115	3.23445776890762e-33	c9	PVT1
1.3167157658544e-37	0.177817318491096	0.946	0.93	4.41600133552248e-33	c9	RPL24
1.46555552197943e-37	0.413079841493128	0.675	0.613	4.91518010961462e-33	c9	PPP1R15A
1.48848505183116e-37	1.33943474350405	0.119	0.065	4.99208116683134e-33	c9	HAPLN3
2.42689633481338e-37	1.12431501593294	0.156	0.093	8.13932492769711e-33	c9	CCL20
1.50324019170183e-36	1.91539304399301	0.055	0.022	5.04156695492958e-32	c9	FAM184A
1.63567207590758e-36	1.19776494469757	0.122	0.068	5.48571700817883e-32	c9	ETV7
2.20783055056469e-36	0.523798421454945	0.537	0.469	7.40462210048387e-32	c9	HERPUD1
1.10602876882801e-35	0.588038247126652	0.506	0.438	3.70939928489538e-31	c9	SQSTM1
2.01455277481162e-35	0.351143901830994	0.668	0.611	6.7564070961632e-31	c9	GABARAP
2.12379490498624e-35	2.32996431552076	0.023	0.006	7.12278335234285e-31	c9	LRRC32
2.94136940609784e-35	0.764696750926791	0.289	0.215	9.86476471417092e-31	c9	SMAP2
4.59886057844672e-35	0.267238072667433	0.822	0.777	1.54236586079946e-30	c9	KLF6
4.66794054927372e-35	0.252470735668282	0.852	0.816	1.56553390141542e-30	c9	OAZ1
5.54597078107785e-35	1.17891781382842	0.153	0.095	1.86000768055789e-30	c9	ADI1
6.82194841331311e-35	0.342113299577155	0.71	0.67	2.28794505885695e-30	c9	UQCRB
7.21059485529574e-35	0.713938371209793	0.464	0.397	2.41828930256908e-30	c9	HSPB1
2.42513306026705e-34	1.18869918829456	0.1	0.052	8.13341125752364e-30	c9	TRAV8-2
3.11456393004808e-34	2.14163593047161	0.04	0.014	1.04456245085953e-29	c9	LGMN
4.75636813440381e-34	2.39607216089484	0.04	0.014	1.59519074491635e-29	c9	AL359834.1
4.88127150334762e-34	0.700427608615581	0.293	0.218	1.63708083679272e-29	c9	NME3
7.53328516631217e-34	0.389654759371837	0.396	0.304	2.52651317907777e-29	c9	LMNA
7.70079389051196e-34	1.27434011807188	0.087	0.044	2.5826922549999e-29	c9	LY96
8.37611530951735e-34	0.984326100180717	0.18	0.118	2.80918155250593e-29	c9	TPP1
9.08020749444295e-34	0.80978701063105	0.29	0.22	3.04531998948628e-29	c9	LAPTM4A
9.79926175438314e-34	0.742884667445041	0.293	0.222	3.28647640718502e-29	c9	TNIP1
1.03245704248137e-33	0.37653302893793	0.667	0.616	3.46265442907402e-29	c9	STK17B
1.09732742738834e-33	0.738391464686702	0.273	0.2	3.680216725975e-29	c9	SAMHD1
1.48916064081827e-33	1.46529814851042	0.069	0.032	4.9943469571763e-29	c9	FCRL3
1.78911217159777e-33	0.870685924813405	0.284	0.216	6.0003244011046e-29	c9	CNIH1
2.93715889182354e-33	1.81681207256502	0.057	0.024	9.85064349139779e-29	c9	LAPTM4B
3.14653760148762e-33	0.886193833631544	0.217	0.15	1.05528578078692e-28	c9	REXO2
3.23603569990403e-33	0.861677920288134	0.265	0.197	1.08530165303381e-28	c9	ASXL1
7.34160155772148e-33	0.847718992007394	0.167	0.105	2.46222633042863e-28	c9	TOX2
9.27898692213627e-33	2.23760055172246	0.032	0.01	3.11198663394606e-28	c9	STAC
1.61560505178583e-32	0.636804178641369	0.334	0.26	5.4184162226793e-28	c9	HNRNPLL
1.65234861308938e-32	0.536564251397813	0.423	0.357	5.54164677857916e-28	c9	SH3BGRL
3.41027582625175e-32	0.623938103004541	0.363	0.291	1.14373830660831e-27	c9	PRDX2
7.65292218578334e-32	1.05360540607256	0.179	0.118	2.56663704266802e-27	c9	SOX4
8.20116203296631e-32	0.147260530156528	0.966	0.962	2.75050572261624e-27	c9	RPL8
8.79901338571414e-32	0.682330095871877	0.3	0.229	2.95101310930081e-27	c9	MRFAP1
1.41761251918513e-31	0.501604021711096	0.471	0.405	4.7543888668431e-27	c9	LAT
2.07810012535388e-31	3.0015886921837	0.016	0.003	6.96953220041185e-27	c9	CGA
2.17482605760116e-31	1.26809259537721	0.104	0.058	7.29393163198276e-27	c9	MAL
2.29498041307099e-31	2.57828631183512	0.021	0.005	7.6969053093575e-27	c9	PTGIR
2.35104910859797e-31	1.07532934921121	0.15	0.095	7.88494850041588e-27	c9	UXS1
2.6143980347053e-31	0.363318313926245	0.447	0.368	8.76816812879464e-27	c9	HSPA1B
2.87526801759194e-31	0.282123718617045	0.803	0.72	9.64307387739983e-27	c9	CD7
3.55345122306989e-31	0.664845676685348	0.338	0.266	1.19175647119318e-26	c9	TYMP
4.36509272032301e-31	0.616975520614947	0.352	0.279	1.46396479654193e-26	c9	TENT5C
4.37044608142692e-31	0.96077090715464	0.151	0.094	1.46576020678896e-26	c9	FURIN
9.07154304564578e-31	0.495899674170008	0.445	0.378	3.04241410664868e-26	c9	NOP10
9.58697454092745e-31	0.259285307950009	0.897	0.868	3.21527952153625e-26	c9	MT-ATP8
1.7305556333703e-30	1.93173286879867	0.053	0.023	5.80393748319732e-26	c9	CD80
2.85342459602593e-30	1.25351900229398	0.13	0.08	9.56981541015178e-26	c9	GCNT1
2.87599715929223e-30	0.755947571249535	0.257	0.191	9.64551927283429e-26	c9	ZBTB38
3.25416529569183e-30	0.671908911107297	0.368	0.304	1.09138195686912e-25	c9	AKIRIN2
3.41906114005222e-30	0.707603470808261	0.318	0.249	1.14668472515071e-25	c9	CDKN1A
4.03351513452162e-30	0.379367340620095	0.593	0.545	1.35276030581586e-25	c9	ATP6V1G1
4.13468957784857e-30	1.20893589106297	0.112	0.065	1.38669219061885e-25	c9	PKIA
5.03566913784673e-30	0.8852051341634	0.209	0.147	1.68886271545104e-25	c9	GRINA
5.45080513290953e-30	0.621581636824205	0.329	0.259	1.8280910254752e-25	c9	IL10RA
6.46563563504784e-30	1.49290467816587	0.063	0.029	2.16844487928234e-25	c9	TRAV9-2
7.89536801645091e-30	0.765407204816384	0.256	0.191	2.6479485253573e-25	c9	LIMS1
1.10349464988366e-29	2.91297778818859	0.011	0.002	3.70090035677981e-25	c9	LINC01267
1.25556068152423e-29	1.14827568561209	0.156	0.101	4.21089941369596e-25	c9	DNAJB4
1.89024790046151e-29	0.347584909839726	0.614	0.56	6.33951340856781e-25	c9	COX5B
2.16305950533882e-29	0.972178315880678	0.111	0.064	7.25446896900535e-25	c9	DLGAP1-AS1
2.23058362277022e-29	0.88311485950949	0.204	0.143	7.48093135404677e-25	c9	CNST
3.27719235435262e-29	0.882755365977129	0.178	0.119	1.09910477180278e-24	c9	KDSR
3.37058742111323e-29	1.19011946253499	0.097	0.054	1.13042760929295e-24	c9	PHLDA2
4.40191466970758e-29	0.255939379445354	0.789	0.755	1.47631414192653e-24	c9	HINT1
4.54600981636335e-29	1.15715646267445	0.142	0.09	1.52464077221194e-24	c9	FAM110A
1.43338009525322e-28	0.584843514990549	0.381	0.315	4.80727016346025e-24	c9	SOCS1
1.52582980602567e-28	0.62250448716923	0.39	0.328	5.11732800344888e-24	c9	WSB1
1.91357655134151e-28	0.741115081450632	0.257	0.193	6.41775303788916e-24	c9	R3HDM4
2.2440935473074e-28	0.934025503347249	0.16	0.105	7.52624093895954e-24	c9	GLCCI1
8.19649447150083e-28	2.12567535357681	0.024	0.007	2.74894031585195e-23	c9	COL5A1
9.16365229399603e-28	0.222190967334948	0.845	0.796	3.07330570636039e-23	c9	H3F3A
1.30178264262813e-27	0.533398138111175	0.462	0.403	4.36591862684621e-23	c9	CLK1
1.47915678901356e-27	0.482290293749395	0.481	0.429	4.96079603899367e-23	c9	CUTA
1.57209441096626e-27	0.987014427083813	0.182	0.125	5.27249023549864e-23	c9	RAB9A
1.90721546044253e-27	0.364543202996422	0.565	0.515	6.39641921123215e-23	c9	UBE2D2
6.26606676419069e-27	0.183449878057178	0.893	0.874	2.10151347137427e-22	c9	RACK1
6.33067530390478e-27	1.89199112205722	0.032	0.011	2.12318188342359e-22	c9	RGPD2
9.63113572441953e-27	0.256955604117049	0.735	0.693	3.23009029925582e-22	c9	EEF2
1.04188594916994e-26	0.726392991906386	0.211	0.15	3.49427709632615e-22	c9	GCHFR
1.39755821494535e-26	0.915234606084129	0.146	0.094	4.6871307412837e-22	c9	ICAM2
1.71117898590723e-26	1.14935319083746	0.157	0.104	5.73895208293566e-22	c9	TIFA
1.96038290005551e-26	0.787015671469011	0.245	0.187	6.57473217020616e-22	c9	RNF145
2.40932255480536e-26	0.857228750405069	0.16	0.106	8.0803859843062e-22	c9	HOXB2
3.22514224852864e-26	0.492880969004003	0.406	0.342	1.08164820731154e-21	c9	C4orf48
5.14405751780941e-26	1.54834941143339	0.066	0.033	1.72521401032292e-21	c9	COL9A2
5.84792155748862e-26	1.1397202129684	0.129	0.082	1.96127593195053e-21	c9	AKIP1
6.29776268498089e-26	0.804641501016576	0.227	0.169	2.11214364928889e-21	c9	CHST11
9.49932439162915e-26	0.134107776397009	0.979	0.969	3.18588341446458e-21	c9	EIF1
1.78697177062855e-25	0.776754517232702	0.219	0.161	5.99314592433403e-21	c9	TLK1
2.20750920650497e-25	2.09185109604412	0.041	0.017	7.40354437677637e-21	c9	HILPDA
2.31989878317629e-25	0.743172950537633	0.294	0.233	7.78047653901663e-21	c9	PIM3
4.24205847551048e-25	1.82985593436254	0.039	0.016	1.4227015715167e-20	c9	IL7
4.60570230468896e-25	0.901854300179802	0.158	0.106	1.54466043894658e-20	c9	STN1
5.26630893777183e-25	2.94082842831885	0.012	0.002	1.76621469154992e-20	c9	C2CD4A
7.77785473186819e-25	0.824443311947089	0.213	0.157	2.60853691997395e-20	c9	SLC44A2
1.25304755784642e-24	1.98744627819744	0.028	0.01	4.20247089950532e-20	c9	ATP6V0A1
1.60309766537526e-24	0.116717879718027	0.98	0.968	5.37646895013556e-20	c9	TPT1
1.68915492520585e-24	1.02677467250211	0.091	0.052	5.66508778815538e-20	c9	YPEL2
2.62857123282276e-24	1.13167227459798	0.13	0.084	8.81570220064098e-20	c9	OTUD5
3.64597313387847e-24	1.18239513329819	0.111	0.068	1.22278646964016e-19	c9	GADD45G
5.31460671221062e-24	0.903010266528691	0.16	0.11	1.7824127991412e-19	c9	UNC119
6.6343555177066e-24	0.989974213945556	0.26	0.207	2.22503015352844e-19	c9	MRPL18
7.30120960501346e-24	0.852600762457707	0.177	0.125	2.44867967732942e-19	c9	FOXO1
7.8991014996565e-24	0.887095159939934	0.177	0.125	2.6492006609548e-19	c9	ZC3H7A
9.08330673096925e-24	1.25246121130299	0.081	0.045	3.04635941143247e-19	c9	GPHN
9.63478439095347e-24	2.43917037790345	0.02	0.006	3.23131398903797e-19	c9	CYP7B1
9.91342506785058e-24	2.3216660036102	0.015	0.003	3.32476449925573e-19	c9	METTL27
1.37137505694011e-23	0.399813855815312	0.544	0.5	4.59931766596574e-19	c9	C9orf16
1.50232099525676e-23	0.895265983177296	0.177	0.126	5.03848415389213e-19	c9	SPATS2L
1.54975847212072e-23	0.541662553009406	0.389	0.336	5.19757996379848e-19	c9	MRPS6
2.00235678235365e-23	0.465761781300849	0.459	0.406	6.71550417665768e-19	c9	PRDX1
2.89382572095903e-23	2.09207806434796	0.027	0.009	9.70531270295238e-19	c9	XXYLT1-AS2
3.41203601269532e-23	2.07044071922869	0.024	0.008	1.14432863793775e-18	c9	CEACAM1
3.76287043109869e-23	1.15190834883483	0.091	0.053	1.26199148518188e-18	c9	SETD1B
4.27274461556562e-23	0.617856107768599	0.228	0.171	1.4329930891684e-18	c9	CTSB
4.50354810977275e-23	0.5689019635528	0.38	0.327	1.51039996505558e-18	c9	NOP58
4.68729422328085e-23	1.12284818116201	0.102	0.062	1.57202473660393e-18	c9	TULP4
5.60608984372848e-23	0.620456422556409	0.305	0.248	1.88017041178966e-18	c9	CDKN1B
6.2200793508623e-23	1.39717591100131	0.081	0.045	2.0860902126922e-18	c9	AC008105.3
6.2629481157991e-23	0.513765971501846	0.383	0.329	2.1004675390767e-18	c9	NDFIP1
6.9399693697586e-23	0.818148819053788	0.199	0.146	2.32752692722964e-18	c9	RAB11FIP1
7.60870650970263e-23	0.744562447814395	0.22	0.165	2.55180798922407e-18	c9	DEDD2
8.08303540151283e-23	0.782046954516466	0.194	0.141	2.71088841295937e-18	c9	BCL2
9.36176466147707e-23	2.21264364524121	0.022	0.007	3.13974863216618e-18	c9	MYO5C
9.37080234421124e-23	0.260410143913305	0.713	0.687	3.14277969020157e-18	c9	ITM2B
1.04477418576279e-22	1.53741284455284	0.039	0.016	3.50396366421124e-18	c9	MCF2L2
1.4793546291919e-22	0.59429366273137	0.366	0.313	4.96145955538378e-18	c9	CMTM6
2.42034753634577e-22	0.758385769150673	0.232	0.177	8.11736156739644e-18	c9	NINJ1
2.54834920980679e-22	1.22664670563712	0.057	0.028	8.54665357985003e-18	c9	EPHB6
2.78245831679081e-22	0.906583478322419	0.209	0.158	9.33180870285301e-18	c9	IL21R
2.8759749822181e-22	2.47987184727349	0.014	0.003	9.64544489536307e-18	c9	CACNB2
3.18534119740421e-22	1.34275068381755	0.058	0.029	1.06829973078542e-17	c9	PCYOX1L
3.44526965463927e-22	0.837050631545512	0.214	0.16	1.15547453677292e-17	c9	PLIN2
1.29380636225923e-21	1.01071863796248	0.14	0.096	4.339167777745e-17	c9	USP12
1.69575242028237e-21	0.781639383558694	0.145	0.098	5.68721446714302e-17	c9	CERK
1.74834504215957e-21	1.58895121170662	0.052	0.026	5.86359960239477e-17	c9	IZUMO4
1.97409717168889e-21	0.978836503166144	0.107	0.067	6.62072709441019e-17	c9	MAP3K1
2.1149866961355e-21	0.463081935079425	0.387	0.334	7.09324238149923e-17	c9	SKAP1
2.75674056638964e-21	1.6090588401448	0.033	0.013	9.24555651155756e-17	c9	LACTB2-AS1
3.04783359792273e-21	0.798200226151961	0.115	0.073	1.02218243207132e-16	c9	SESN3
3.36221575269526e-21	1.0154621474962	0.096	0.058	1.12761991913894e-16	c9	SGTB
3.574954670381e-21	0.276251923462308	0.826	0.807	1.19896829735238e-16	c9	HSPA8
3.62974521798214e-21	1.10677748345611	0.072	0.04	1.21734395120685e-16	c9	ACP6
3.92336021593646e-21	1.04145709048448	0.133	0.089	1.31581654922077e-16	c9	RBKS
4.06792054457446e-21	0.451771736701697	0.435	0.385	1.36429919223938e-16	c9	STAT3
5.33290509867312e-21	1.30143440513216	0.07	0.039	1.78854971199299e-16	c9	SLC12A6
7.05171425002998e-21	1.18352898955615	0.081	0.047	2.36500392517506e-16	c9	MIR181A1HG
7.35944551697863e-21	0.4154124916526	0.505	0.465	2.46821083748429e-16	c9	JAK1
8.60300841709804e-21	1.04607269410963	0.098	0.06	2.88527696292634e-16	c9	CREB3L2
9.01078546146721e-21	0.656585424620382	0.648	0.633	3.02203722806687e-16	c9	HSPE1
1.06791461371135e-20	0.477867759121739	0.371	0.312	3.58157203146513e-16	c9	NFKBIZ
1.22269045824443e-20	1.71030319048199	0.046	0.022	4.10065925886017e-16	c9	TRBV18
1.22850404240994e-20	0.448261221831981	0.385	0.328	4.12015685743446e-16	c9	RNASET2
1.3114363801305e-20	0.820824757246633	0.124	0.081	4.39829533168167e-16	c9	TTN
2.23040223931326e-20	0.628841768326095	0.288	0.236	7.48032303020882e-16	c9	PRNP
2.50519876304459e-20	0.46996555572708	0.405	0.356	8.40193561149894e-16	c9	COX17
2.97637516574219e-20	0.256565218268756	0.663	0.635	9.98216703086617e-16	c9	DAZAP2
3.1072795253933e-20	2.32515798245275	0.019	0.006	1.04211940722641e-15	c9	MEOX1
3.56333499876995e-20	0.646351006561919	0.291	0.242	1.19507129188746e-15	c9	SEC11C
4.33273059789878e-20	2.30198588891491	0.015	0.004	1.45311118792329e-15	c9	AC005224.4
4.44443474964813e-20	2.67477140046809	0.01	0.002	1.49057452633699e-15	c9	TMEM169
4.49776930660327e-20	1.51655108804398	0.043	0.02	1.5084618700486e-15	c9	TRAV26-1
4.55149469397042e-20	2.27386086645532	0.019	0.006	1.5264802904638e-15	c9	CHDH
4.75040610624862e-20	2.3614360097922	0.01	0.002	1.59319119991366e-15	c9	DEPP1
7.09868086726334e-20	1.13888580489815	0.099	0.062	2.38075558926278e-15	c9	SLC16A1
8.64309763643851e-20	0.917183504812067	0.155	0.11	2.89872208530875e-15	c9	TXNDC11
9.72667359270597e-20	0.530249478814279	0.397	0.348	3.26213178952173e-15	c9	REL
1.17260390255643e-19	0.841078835004964	0.172	0.126	3.93267896839375e-15	c9	CCM2
1.38829334635998e-19	1.71359964076358	0.045	0.021	4.6560582250221e-15	c9	TRBV3-1
1.38969161950704e-19	1.73633729560155	0.023	0.008	4.66074775350272e-15	c9	AC005224.3
1.53236913139446e-19	0.652090584361419	0.262	0.211	5.13925959287073e-15	c9	FAM129A
1.6677434012008e-19	1.34932102210539	0.045	0.022	5.59327781894726e-15	c9	C3AR1
2.43729526661752e-19	0.91758172100769	0.109	0.07	8.17420086518183e-15	c9	LEF1
3.58259554457998e-19	0.732265984232928	0.191	0.142	1.20153089374124e-14	c9	P2RY10
4.92905162935734e-19	1.43028682654088	0.056	0.03	1.65310533545386e-14	c9	CHST7
5.83557916158874e-19	0.644177918544371	0.272	0.224	1.95713653921363e-14	c9	CD58
7.2948829020652e-19	0.458056498583076	0.354	0.306	2.44655782769463e-14	c9	ELOVL5
7.68841861988696e-19	0.870206175854714	0.12	0.08	2.57854183673769e-14	c9	NABP1
8.6411107666092e-19	2.23626219218334	0.014	0.004	2.89805572890539e-14	c9	CHRNA6
1.02656814294558e-18	0.408767413053285	0.731	0.717	3.4429042378109e-14	c9	HSP90AB1
1.06821804217253e-18	0.379136414641722	0.436	0.389	3.58258966983822e-14	c9	OCIAD2
1.76845973425863e-18	1.95155573311718	0.023	0.009	5.93106025675659e-14	c9	IRAK3
2.04578201720097e-18	0.814907992774719	0.211	0.165	6.86114372928861e-14	c9	TNIP2
2.56459327481779e-18	0.322535911293727	0.609	0.573	8.6011329250839e-14	c9	ISG20
2.58389708560353e-18	0.46423648948399	0.581	0.568	8.66587404569713e-14	c9	DNAJA1
2.72075394786906e-18	2.37601075882785	0.011	0.002	9.12486459036325e-14	c9	AC011997.1
2.93742543321067e-18	0.804334456609656	0.182	0.137	9.85153741790196e-14	c9	TRAF1
3.03813338173479e-18	1.43948894805831	0.04	0.019	1.01892917356621e-13	c9	CD274
3.81529168033728e-18	0.41041603015731	0.495	0.451	1.27957252375152e-13	c9	CSRNP1
4.5260798554388e-18	1.61750195065597	0.045	0.022	1.51795666191707e-13	c9	NETO2
5.9606736634327e-18	0.933495301108129	0.082	0.05	1.99909073324206e-13	c9	LINC01089
6.20241578725533e-18	0.902490230374502	0.097	0.062	2.08016620672969e-13	c9	TMEM140
7.2285137359394e-18	0.8941444866601	0.119	0.08	2.42429893675936e-13	c9	AL157402.2
8.55543691134331e-18	0.528792659917641	0.271	0.219	2.86932243132632e-13	c9	CD5
9.88036036247208e-18	0.838643859257539	0.147	0.105	3.31367525836589e-13	c9	CD59
1.0184133023927e-17	1.22873342381321	0.082	0.05	3.41555453356464e-13	c9	FHL3
1.10952501337525e-17	0.17640171568901	0.803	0.778	3.72112498985791e-13	c9	ATP5MC2
1.12897061640255e-17	1.433214268611	0.042	0.021	3.78634165329086e-13	c9	SGPP2
1.16051347389122e-17	0.606721125587614	0.285	0.237	3.89213008873636e-13	c9	FOXP1
1.27442693649732e-17	1.12616627198934	0.051	0.027	4.2741730596247e-13	c9	OLFM2
1.44797160719435e-17	1.74241871887731	0.023	0.009	4.85620717620841e-13	c9	CDKL2
1.67108154686027e-17	2.07071922896302	0.016	0.005	5.60447329185997e-13	c9	LINC00891
1.96004713515771e-17	0.454987904855174	0.204	0.154	6.57360608189194e-13	c9	TNFRSF9
2.10528966121783e-17	1.21989882291924	0.075	0.045	7.06072046579237e-13	c9	PTP4A3
2.21709935554067e-17	1.4558785467612	0.055	0.03	7.43570781861231e-13	c9	SLC35F2
2.2762469754355e-17	2.84983976351951	0.01	0.002	7.63407710621558e-13	c9	SELP
2.2965608834293e-17	0.980718559832362	0.088	0.055	7.70220589084518e-13	c9	RIC3
2.38774459996554e-17	1.28259910148217	0.065	0.038	8.00801783936443e-13	c9	PLAGL1
2.48724380072514e-17	0.629068209220104	0.312	0.267	8.34171825887199e-13	c9	GLUD1
2.79834417421613e-17	0.705882391021086	0.167	0.123	9.38508669148606e-13	c9	AD000671.2
3.05590288757065e-17	1.09602486273173	0.084	0.052	1.02488871043344e-12	c9	LY75
3.22394470631771e-17	0.705667699935014	0.131	0.09	1.08124657560483e-12	c9	LPAR2
3.48103733604449e-17	0.724151740160293	0.178	0.133	1.1674703017626e-12	c9	BAG3
4.05963815249658e-17	1.36883761615838	0.055	0.03	1.3615214435843e-12	c9	COQ8A
4.36376933658061e-17	2.00135863351974	0.023	0.009	1.46352096010241e-12	c9	CTTNBP2NL
6.18497654465056e-17	1.36638837492114	0.068	0.04	2.07431743354491e-12	c9	LMCD1
8.00038248271095e-17	0.831715875671985	0.131	0.092	2.6831682770516e-12	c9	JMY
8.12138155482811e-17	0.92214042886277	0.124	0.086	2.72374894585825e-12	c9	KAT2B
9.95514242768118e-17	1.08660556753967	0.086	0.054	3.33875566739571e-12	c9	RAB30
1.0581516689258e-16	0.83776571956915	0.157	0.115	3.54882906724336e-12	c9	BACH1
1.44519977799792e-16	1.8490069913467	0.017	0.006	4.84691101544944e-12	c9	IGKV3OR2-268
1.80640026047374e-16	1.93924390719462	0.023	0.009	6.05830519357684e-12	c9	CSF2RB
2.23725190708167e-16	0.421492771772803	0.433	0.399	7.5032954459705e-12	c9	PAIP2
2.31077797769899e-16	2.26401694375391	0.016	0.005	7.74988718160688e-12	c9	ADGRE1
2.76710707004885e-16	2.05037002463988	0.015	0.004	9.28032369152983e-12	c9	DIRAS3
2.81866765357692e-16	1.53165408296423	0.034	0.016	9.45324757656628e-12	c9	ANKS1B
3.46798659749649e-16	0.484334224512819	0.185	0.139	1.16309334506837e-11	c9	LINC02195
4.33240646313068e-16	1.14043740841529	0.093	0.06	1.45300247960477e-11	c9	TRIB1
4.54377235870896e-16	0.312250721244496	0.477	0.43	1.52389037366381e-11	c9	CALM3
4.88966160429075e-16	0.903210442170191	0.117	0.081	1.63989470884703e-11	c9	ZNF281
5.31733414320582e-16	0.167874459309207	0.8	0.78	1.78332752494837e-11	c9	DDX5
5.71525880711275e-16	2.09283527541328	0.017	0.006	1.91678349872947e-11	c9	ZG16B
9.78163808146786e-16	1.98212038128596	0.012	0.003	3.28056577976269e-11	c9	CPLX1
1.24001869800932e-15	1.92100584788217	0.016	0.005	4.15877470938366e-11	c9	IL17RB
1.6076350239964e-15	0.300049843073003	0.553	0.526	5.39168634347912e-11	c9	ATP6V0E1
1.84265004216998e-15	0.628634815512421	0.21	0.167	6.17987971142969e-11	c9	IGFLR1
1.94032726869171e-15	0.363958169794986	0.451	0.412	6.50746959373824e-11	c9	RGS10
2.01725179844291e-15	1.12988666949877	0.064	0.037	6.76545908161784e-11	c9	CPNE2
2.09350513445289e-15	0.301714289024364	0.55	0.525	7.02119751992809e-11	c9	ANAPC16
2.34708626950391e-15	1.22394760750426	0.067	0.041	7.87165793066223e-11	c9	ADAT2
2.67093494172243e-15	1.81395077819755	0.032	0.015	8.9577816075487e-11	c9	TRBV5-4
3.74449959830888e-15	1.12194856793186	0.046	0.024	1.25583027528083e-10	c9	LINC00239
4.13286460105396e-15	1.02686850327653	0.08	0.05	1.38608012990148e-10	c9	TRAV13-1
4.3177344619434e-15	0.68772587549426	0.169	0.128	1.44808178384658e-10	c9	C15orf61
5.65958046771217e-15	0.839451882245889	0.237	0.196	1.89811009726131e-10	c9	ZFAND2A
5.88293251945604e-15	0.133471119568283	0.914	0.907	1.97301790837517e-10	c9	ATP5F1E
5.93504369592467e-15	2.3303115089394	0.012	0.003	1.99049495473921e-10	c9	FAM124B
5.97822931391005e-15	0.191105682177629	0.775	0.754	2.00497854729915e-10	c9	SRP14
6.12137019046362e-15	1.28833968337859	0.048	0.026	2.05298513447769e-10	c9	TRAV8-3
6.15899579051191e-15	2.16722675940105	0.016	0.006	2.06560400822188e-10	c9	TNFRSF11A
7.88172119362036e-15	0.595158929739613	0.229	0.186	2.64337165391639e-10	c9	CTSA
8.25549313234764e-15	0.470503309692305	0.362	0.322	2.76872728672675e-10	c9	DOK2
9.94344959340919e-15	0.504996919563339	0.303	0.261	3.33483412463757e-10	c9	RELB
1.11856330058436e-14	0.182729651085263	0.665	0.632	3.75143759749983e-10	c9	EEF1G
1.25368358087538e-14	0.98500425158718	0.087	0.057	4.20460399353984e-10	c9	CASK
1.2775079303864e-14	0.475454436846548	0.324	0.283	4.28450609692992e-10	c9	MAT2B
1.45885798993329e-14	0.493685290261706	0.28	0.235	4.89271792663826e-10	c9	SELPLG
1.73364697764787e-14	0.158486895484829	0.906	0.883	5.81430523363544e-10	c9	MYL6
1.87092133365052e-14	1.35579922896756	0.032	0.015	6.2746959687971e-10	c9	PPP1R3F
2.0825960020464e-14	0.22588775780435	0.644	0.617	6.98461047166321e-10	c9	NDUFA4
2.23378006290386e-14	2.34198159705933	0.01	0.003	7.49165157496695e-10	c9	C2CD4B
2.27709643843276e-14	0.56348987540407	0.193	0.151	7.6369260352158e-10	c9	RCAN3
2.32561899337565e-14	2.29574934800207	0.013	0.004	7.79966097998327e-10	c9	WLS
2.98667216290231e-14	0.907623423289609	0.09	0.06	1.00167010999418e-09	c9	ANTXR2
3.40652399293809e-14	0.563408224295904	0.264	0.224	1.14248001675158e-09	c9	SFT2D1
3.49942015401862e-14	1.24038204535278	0.076	0.049	1.17363553125476e-09	c9	VDR
3.58323716772935e-14	1.33771863945205	0.054	0.031	1.20174608131307e-09	c9	TRBV6-5
4.39069896725606e-14	1.12901994895034	0.106	0.074	1.47255261963834e-09	c9	GEM
4.45509568194471e-14	0.988195649653372	0.065	0.04	1.49414998981062e-09	c9	GRAMD4
6.1736159625966e-14	1.33514966562195	0.073	0.047	2.07050732153565e-09	c9	SDC4
6.39385781055565e-14	0.295280788333365	0.544	0.517	2.14437203250415e-09	c9	SELENOK
6.47701770182765e-14	0.387330661495132	0.434	0.4	2.17226219683896e-09	c9	PPP1R2
7.26809731102653e-14	0.799973377017384	0.095	0.064	2.43757447617208e-09	c9	METTL8
9.66770043906161e-14	1.98515821285935	0.017	0.006	3.24235337325248e-09	c9	PDE9A
1.03683924341563e-13	1.14180173704046	0.057	0.034	3.47735145456733e-09	c9	SGSH
1.13043515461003e-13	1.10180475826818	0.083	0.055	3.7912534215311e-09	c9	KCNN4
1.20635815898592e-13	0.577364311925459	0.25	0.207	4.04588399360699e-09	c9	SOD2
1.25636283651522e-13	0.256679385008833	0.531	0.506	4.21358968110474e-09	c9	HIGD2A
1.42974304089996e-13	1.09477509003543	0.04	0.021	4.79507221057027e-09	c9	NR1D1
1.65249303532693e-13	0.637560039411007	0.152	0.115	5.54213114187947e-09	c9	GOLGA8B
1.75374725544667e-13	2.58914717080201	0.01	0.003	5.88171754531705e-09	c9	ATP1A4
1.8562936295018e-13	0.794200114367937	0.172	0.136	6.22563757462314e-09	c9	ADK
1.96207421030471e-13	0.436098141067297	0.356	0.32	6.58040448651994e-09	c9	PAK2
2.04457695903732e-13	1.80320547467536	0.018	0.007	6.85710220521937e-09	c9	PVALB
2.09195415060633e-13	0.722677848484411	0.165	0.128	7.01599583030351e-09	c9	NPC2
2.12255726970178e-13	0.237142855471475	0.653	0.634	7.11863257112583e-09	c9	C12orf57
2.30836604898204e-13	0.556877358159064	0.202	0.161	7.74179805507597e-09	c9	HBP1
2.32190639012782e-13	1.15007160893879	0.069	0.044	7.78720965121067e-09	c9	VAV3
2.38933182691536e-13	1.86111204744723	0.016	0.006	8.01334108110873e-09	c9	IL1RL1
2.46386677714359e-13	2.25904138921013	0.014	0.005	8.26331639718417e-09	c9	LINC00884
2.49402530525856e-13	0.110878879441266	0.991	0.988	8.36446206877617e-09	c9	HLA-B
2.71582574839884e-13	0.416438774730805	0.418	0.38	9.10833639498002e-09	c9	SH2D2A
3.19065705859813e-13	0.327762126728222	0.443	0.415	1.07008256431264e-08	c9	LAMTOR4
3.65996735829098e-13	2.13913940665479	0.013	0.004	1.22747985262363e-08	c9	AP002884.1
5.29432639910194e-13	0.418498965676759	0.207	0.164	1.77561118773081e-08	c9	CXCR6
6.1607209479967e-13	1.1310096066492	0.051	0.03	2.06618259153913e-08	c9	PIP4P2
6.31342979183553e-13	0.981244723606676	0.085	0.057	2.1173980835858e-08	c9	ICAM1
6.63691364622675e-13	0.830722661152822	0.082	0.054	2.22588809867153e-08	c9	SH3TC1
7.31654238250548e-13	0.797766086287634	0.08	0.053	2.45382198424469e-08	c9	NPC1
7.79206532919501e-13	0.587148501312561	0.252	0.214	2.61330287010542e-08	c9	ZNF292
7.98323332767336e-13	1.72281011076963	0.027	0.013	2.67741679343509e-08	c9	METTL7A
8.89789168779473e-13	1.019806447165	0.088	0.06	2.9841749142526e-08	c9	INPP1
9.43196077536248e-13	0.747671835757343	0.119	0.086	3.16329100484107e-08	c9	ELK3
1.03346757538578e-12	1.0327616927933	0.091	0.062	3.46604355432882e-08	c9	ZBTB32
1.08319178113868e-12	0.642048064194068	0.231	0.196	3.63280859558291e-08	c9	GRSF1
1.26269533698634e-12	0.449917654652609	0.303	0.265	4.23482762118478e-08	c9	PHPT1
1.29775244433505e-12	0.267070379534288	0.568	0.548	4.3524021478109e-08	c9	GMFG
1.40682426793446e-12	0.776499827613211	0.098	0.068	4.7182072297986e-08	c9	MAP3K5
1.52153631006928e-12	0.407927316943813	0.485	0.46	5.10292847671036e-08	c9	IRF1
1.52595011619285e-12	0.582175538971824	0.225	0.186	5.1177314996876e-08	c9	DNAJB9
1.61914197428375e-12	2.11294053137055	0.019	0.008	5.43027835335283e-08	c9	AHSP
1.73643333125145e-12	0.492753996526678	0.266	0.229	5.8236501063511e-08	c9	TMBIM4
1.81634149838271e-12	1.02201710584078	0.081	0.053	6.09164611727593e-08	c9	TRBV5-1
2.28471305069226e-12	0.503301189882802	0.227	0.188	7.66247062941169e-08	c9	CASP1
2.5901271126159e-12	0.327476259112634	0.539	0.511	8.6867683102912e-08	c9	DDIT4
2.59253107732716e-12	1.87079506850618	0.021	0.009	8.69483072713982e-08	c9	AC010654.1
2.6016998933985e-12	1.44508219356453	0.026	0.012	8.72558110247988e-08	c9	AC108134.3
2.7084622910532e-12	0.459466056956497	0.247	0.206	9.08364083173422e-08	c9	SIRPG
2.79760838602873e-12	0.225638863719496	0.634	0.619	9.38261900506316e-08	c9	UBE2D3
3.38635477915633e-12	1.08770123707769	0.056	0.034	1.13571566583345e-07	c9	HES4
3.41516714551299e-12	0.163676513600816	0.726	0.691	1.14537875726214e-07	c9	CD2
3.49548400507325e-12	1.0816051130521	0.053	0.031	1.17231542562147e-07	c9	TRAV3
3.94956450511707e-12	1.12824348094965	0.052	0.031	1.32460494372616e-07	c9	CH25H
4.15432896055975e-12	0.415381558706748	0.313	0.274	1.39327884679253e-07	c9	PDE4B
4.20178439475103e-12	1.66926940703705	0.022	0.01	1.4091944503116e-07	c9	SUOX
4.20691513764503e-12	0.734507428089362	0.093	0.064	1.41091519886339e-07	c9	TP53INP1
5.43742446741144e-12	0.668558281332279	0.195	0.16	1.82360341788045e-07	c9	SEC14L1
5.65315276600069e-12	1.42147138584628	0.051	0.03	1.89595437466131e-07	c9	IRF5
5.82251827356895e-12	1.46150904772489	0.031	0.016	1.95275617858955e-07	c9	TRBV30
6.28801452593643e-12	0.371858524334165	0.485	0.465	2.10887431170856e-07	c9	MAP1LC3B
6.38478704556556e-12	1.14634878301335	0.041	0.023	2.14132987934178e-07	c9	MBOAT1
6.73041342745409e-12	1.36318893484297	0.04	0.022	2.25724605529955e-07	c9	AL606807.1
7.67241911498781e-12	0.89831116511484	0.119	0.088	2.57317592278461e-07	c9	POU2F2
8.0390481563116e-12	0.403232434545247	0.335	0.3	2.69613597066378e-07	c9	MRPL33
8.20536661068046e-12	0.862232273230223	0.088	0.06	2.75191585389001e-07	c9	PDE4A
8.470307959617e-12	0.699313921973173	0.194	0.159	2.84077188349635e-07	c9	STX11
8.78203381530975e-12	0.377613090525426	0.385	0.359	2.94531850097858e-07	c9	CHURC1
8.84742064214126e-12	0.154209973512571	0.73	0.721	2.96724793496134e-07	c9	COMMD6
1.07894639996822e-11	0.441461602086439	0.411	0.385	3.61857043621341e-07	c9	BAX
1.11658440839017e-11	0.392180581206794	0.305	0.265	3.74480078885896e-07	c9	EPSTI1
1.1490692483673e-11	0.557186177304065	0.244	0.207	3.85374844517426e-07	c9	VMP1
1.1655809181385e-11	1.13341603064188	0.044	0.025	3.9091252832529e-07	c9	CCDC71L
1.49752408091929e-11	0.980572484321347	0.054	0.033	5.02239626258712e-07	c9	ZDBF2
1.52344113029422e-11	0.905660616141018	0.097	0.069	5.10931686278076e-07	c9	TIAM1
1.58941677791682e-11	0.502066855861242	0.246	0.21	5.33058598977743e-07	c9	PSAP
1.59978067421827e-11	1.29817920035563	0.037	0.02	5.36534442519323e-07	c9	GDPD5
1.67523695505356e-11	1.40245907803747	0.057	0.036	5.61840969985864e-07	c9	SLCO4A1
1.91415054699755e-11	0.32769037680288	0.454	0.417	6.41967810452038e-07	c9	PKM
2.06290722996283e-11	0.226741429071911	0.571	0.557	6.91857826784932e-07	c9	CNBP
2.15932019267751e-11	0.597642682991038	0.237	0.204	7.24192806220184e-07	c9	NUP58
2.16269108587546e-11	0.658322642236993	0.012	0.004	7.25323336380913e-07	c9	IGHV3-73
2.27179956672173e-11	0.263725262963089	0.539	0.512	7.61916138687133e-07	c9	SAMSN1
2.32945905128887e-11	0.834603593484831	0.09	0.063	7.8125397662126e-07	c9	ACTA2
2.382105942638e-11	0.303701611290656	0.429	0.402	7.98910691041932e-07	c9	DDX24
2.5052998701305e-11	0.197040656801828	0.703	0.699	8.40227470444367e-07	c9	CCNI
3.07116071526973e-11	1.9405950285274	0.017	0.007	1.03000588068716e-06	c9	NEK3
3.11472390169674e-11	0.807491106086059	0.142	0.111	1.04461610215105e-06	c9	C16orf87
3.72130806094121e-11	0.312628019645564	0.436	0.406	1.24805229747846e-06	c9	CD247
3.86280747987642e-11	0.963326449811492	0.095	0.068	1.29550837260095e-06	c9	RAB33A
4.03159004030842e-11	1.3920104040221	0.035	0.019	1.35211466771864e-06	c9	PRELID2
4.04936522622501e-11	2.28138061521625	0.01	0.003	1.35807610957134e-06	c9	AL121985.1
5.13372509310628e-11	0.565360543806719	0.199	0.164	1.72174872172598e-06	c9	GPCPD1
5.30673347477283e-11	0.945544260951121	0.096	0.069	1.77977227276931e-06	c9	TMEM60
5.5520921277442e-11	1.36568660505928	0.036	0.02	1.86206065780285e-06	c9	NFE2L3
5.66482131412082e-11	0.677071555401199	0.191	0.156	1.89986777232984e-06	c9	CD83
5.68171374977561e-11	0.623021972206062	0.18	0.145	1.90553315739974e-06	c9	NFKB2
5.75324383087961e-11	0.662856276815145	0.168	0.135	1.9295229160004e-06	c9	TSPAN5
6.6511740381848e-11	0.51604971843818	0.185	0.15	2.23067074892642e-06	c9	AHR
6.68045608952568e-11	1.3797431694643	0.028	0.014	2.24049136330512e-06	c9	LOXL1-AS1
7.16983729244236e-11	0.788875823363677	0.097	0.07	2.40462003113932e-06	c9	ANKH
8.11472200961315e-11	0.48933624133	0.244	0.211	2.72151546758406e-06	c9	VOPP1
8.25907341658445e-11	0.861017363281138	0.105	0.077	2.76992804245409e-06	c9	MZB1
8.44338990952805e-11	1.33503634758161	0.025	0.012	2.83174410785752e-06	c9	UBXN10-AS1
8.63536913503173e-11	0.843418158691114	0.146	0.115	2.89613010050694e-06	c9	AP1S2
9.67657663141924e-11	1.00899933894454	0.073	0.05	3.24533027064538e-06	c9	GRAMD2B
1.07222712381155e-10	0.753989208280905	0.108	0.079	3.59603532783916e-06	c9	LEPROT
1.08467387136469e-10	1.24524401018666	0.049	0.03	3.6377792297829e-06	c9	IFNGR2
1.15992173584636e-10	1.49389076318543	0.032	0.017	3.89014551768151e-06	c9	AC017002.1
1.27862328807913e-10	0.592718272487126	0.085	0.059	4.2882467835598e-06	c9	SESN1
1.28185721828653e-10	0.776322685193803	0.152	0.121	4.29909273868938e-06	c9	CFAP20
1.28637429435738e-10	2.36387835808711	0.01	0.003	4.31424210841579e-06	c9	CABLES1
1.37837224757092e-10	0.570575933506197	0.196	0.163	4.62278484390335e-06	c9	LMBRD1
1.41142406557349e-10	0.398917579190934	0.348	0.319	4.73363403112038e-06	c9	TBCB
1.47525863393897e-10	0.977736131608704	0.059	0.038	4.94772240650451e-06	c9	SERPINH1
1.56277015747715e-10	0.856945372322624	0.117	0.088	5.24121855414686e-06	c9	IL18R1
1.58068808625654e-10	0.519219417663913	0.199	0.165	5.30131170368717e-06	c9	RSBN1
1.5875592351489e-10	1.1920578656741	0.041	0.024	5.32435616284239e-06	c9	TRBV6-1
1.69076625925555e-10	0.224989717507352	0.747	0.749	5.67049188029125e-06	c9	UBB
1.90749813943825e-10	0.403342989310748	0.373	0.347	6.397367260048e-06	c9	DYNLRB1
1.93845227572867e-10	1.15680709944821	0.029	0.015	6.50118124233881e-06	c9	ACVR1
2.05155035651302e-10	1.17842561525496	0.029	0.015	6.88048958567336e-06	c9	SLC26A11
2.06542412550846e-10	1.30213599767456	0.022	0.01	6.92701943213027e-06	c9	MMP9
2.55689078868653e-10	2.06196683436317	0.016	0.007	8.5753003270969e-06	c9	EPOP
2.61422890385259e-10	0.877230444232005	0.076	0.053	8.76760089774082e-06	c9	ZNF688
2.65998572511176e-10	0.68913290884769	0.123	0.093	8.92106012487981e-06	c9	KDM5B
3.02974995822e-10	1.45308639616457	0.023	0.011	1.01611754098782e-05	c9	VWA5A
3.04301066190353e-10	0.812653648870862	0.137	0.108	1.02056491578921e-05	c9	LIMA1
3.28843277826868e-10	0.983269359993701	0.058	0.037	1.10287458517575e-05	c9	LSR
3.53358580040712e-10	2.08548850295496	0.013	0.005	1.18509400574054e-05	c9	LINC00589
3.73450100486437e-10	1.45282806473004	0.033	0.018	1.25247694701141e-05	c9	IGHA1
4.22350858343562e-10	0.168645670439894	0.652	0.64	1.41648030871264e-05	c9	UQCR11
4.35787471235239e-10	0.964928802726016	0.074	0.051	1.46154402102874e-05	c9	GLB1
4.47504177364536e-10	0.722215275926363	0.115	0.087	1.50083951004518e-05	c9	NINJ2
4.4892763793865e-10	1.73370789349592	0.015	0.006	1.50561351211864e-05	c9	LOXL1
5.15719619166804e-10	1.5115475342865	0.021	0.01	1.72962045876163e-05	c9	SH3PXD2A
5.90618317670729e-10	0.37143901613885	0.333	0.302	1.98081571380409e-05	c9	PPM1G
5.91045331504302e-10	0.666412742619968	0.162	0.131	1.98224783279913e-05	c9	NECAP2
6.13067278258142e-10	1.00303439840351	0.068	0.047	2.05610503782216e-05	c9	RRS1
7.14360438127991e-10	0.185355013005889	0.61	0.594	2.39582203739366e-05	c9	EIF3K
7.26973237718262e-10	0.896223892995639	0.071	0.048	2.43812284465951e-05	c9	CCDC141
7.63949340064743e-10	1.33880111779978	0.03	0.016	2.56213329670914e-05	c9	FLNB
7.7172909051516e-10	0.809533037125818	0.113	0.086	2.58822502376974e-05	c9	STAMBPL1
1.46081838817806e-09	2.09929778751302	0.011	0.004	4.89929271027158e-05	c9	LINC00598
1.48080147228477e-09	0.692629433507565	0.119	0.091	4.96631197774868e-05	c9	BCL2L11
1.4897664751801e-09	1.29390349981333	0.034	0.019	4.99637880445903e-05	c9	TRBV7-2
1.91661130268847e-09	0.136856692418129	0.813	0.778	6.42793098695659e-05	c9	S100A6
2.30730665791346e-09	1.43840345702838	0.032	0.018	7.73824506931016e-05	c9	TRIM16
2.57625133138222e-09	1.07259690556845	0.049	0.031	8.64023171518968e-05	c9	TRAV17
2.59498176838023e-09	1.11110386356926	0.036	0.021	8.70304985479361e-05	c9	DBP
2.65381450294227e-09	1.9388123324243	0.012	0.005	8.9003630799678e-05	c9	COCH
3.0129376941459e-09	0.242639024814798	0.489	0.468	0.000101047904386265	c9	SPCS1
3.25809480872978e-09	0.228382290116883	0.566	0.547	0.000109269983695179	c9	SLC25A3
3.27495582844486e-09	0.894595725514472	0.083	0.06	0.000109835468574384	c9	HIVEP1
3.27652414835271e-09	1.83095979995705	0.017	0.008	0.000109888066887453	c9	TMPRSS6
3.45160497713407e-09	0.375379130996628	0.348	0.321	0.000115759927723122	c9	ZNF706
3.45797548060254e-09	0.450987381370867	0.201	0.167	0.000115973581668448	c9	PFKFB3
3.49195124447743e-09	0.137134449275962	0.651	0.624	0.000117113060837284	c9	FOS
3.76713366709365e-09	0.490582865019255	0.225	0.195	0.000126342128926987	c9	FOXN3
3.99535409034385e-09	0.863349116172927	0.078	0.055	0.000133996185481952	c9	ZBTB24
4.05664008856889e-09	1.6203349602747	0.027	0.014	0.000136051595290423	c9	PDGFA
4.09888816443669e-09	0.434411307496645	0.236	0.205	0.000137468511258878	c9	CMTM3
4.11340914864979e-09	0.216789282162975	0.601	0.595	0.000137955516027417	c9	EDF1
4.43127984209864e-09	0.293024468718158	0.439	0.418	0.000148616263344304	c9	G3BP2
4.73983222063237e-09	0.508094610436522	0.211	0.181	0.000158964493015569	c9	RAB10
4.85187830981509e-09	0.65523172791485	0.15	0.122	0.000162722294754578	c9	SLC25A38
4.96153408119053e-09	0.30103853113143	0.443	0.424	0.000166399930014968	c9	EIF3H
5.07106113142289e-09	0.646680790222963	0.172	0.143	0.000170073248225661	c9	GNG10
5.17861203568678e-09	1.02908571631773	0.041	0.025	0.000173680290452863	c9	KLF4
5.52117892268007e-09	0.796139153570583	0.101	0.076	0.000185169298708844	c9	MYO5A
5.56646581608648e-09	0.8619512945332	0.079	0.057	0.000186688130539908	c9	AC013394.1
6.6074182793709e-09	0.604816259672438	0.176	0.148	0.000221599594253541	c9	PMVK
7.27455257098083e-09	0.383364723978881	0.302	0.276	0.000243973944125555	c9	CSK
7.60389582713428e-09	0.972325592912359	0.056	0.038	0.000255019458250429	c9	WDTC1
7.77944019624997e-09	0.99284331689941	0.057	0.038	0.000260906865301832	c9	BTLA
7.87795470796797e-09	1.54528069917885	0.026	0.014	0.00026421084499583	c9	CXorf21
8.87934787692762e-09	0.508235341505284	0.193	0.163	0.000297795569096399	c9	RASGRP1
9.12824843949712e-09	1.46421786860947	0.019	0.009	0.000306143196163854	c9	CEBPA
9.28902300087441e-09	1.11687383158709	0.044	0.028	0.000311535253403326	c9	TCEAL4
9.49375887061104e-09	1.94154236824494	0.011	0.004	0.000318401685002553	c9	TMEM136
9.60331923146894e-09	0.308291506067017	0.446	0.428	0.000322076120385005	c9	GPX4
9.9515849615219e-09	0.777685880612394	0.139	0.113	0.000333756256439521	c9	CD320
1.16306577481553e-08	1.35007892746093	0.01	0.004	0.000390068999557632	c9	COL5A3
1.19288452716607e-08	0.434320523666486	0.312	0.29	0.000400069612720957	c9	USP15
1.19739503457137e-08	0.247280538366789	0.465	0.439	0.000401582346694545	c9	RAC1
1.23857127467616e-08	1.17638815547766	0.034	0.02	0.00041539203410089	c9	STX1A
1.25329645215256e-08	0.410654768198099	0.161	0.13	0.000420330564122925	c9	SELENOM
1.29499440943658e-08	0.650613142677851	0.148	0.121	0.000434315225036841	c9	MIIP
1.35558482410644e-08	0.199467225793493	0.539	0.522	0.000454636038308816	c9	ATP5F1D
1.35735060417035e-08	0.451720909104102	0.284	0.259	0.00045522824562665	c9	GTF3C6
1.4477328681456e-08	0.198471409966916	0.638	0.629	0.000485540649318673	c9	SKP1
1.45500181785201e-08	1.83022744429521	0.012	0.005	0.000487978509671208	c9	TRIM2
1.46069643592959e-08	0.631278864000423	0.218	0.192	0.000489888370682066	c9	AHSA1
1.47382176449824e-08	1.42216726064714	0.029	0.017	0.000494290343377419	c9	SERPINE2
1.47416707237213e-08	1.72008454274112	0.029	0.017	0.000494406152732163	c9	CAVIN3
1.51114057543961e-08	1.15392672587851	0.021	0.011	0.000506806326190935	c9	FAM19A2
1.6937682485315e-08	0.290637449464313	0.472	0.457	0.000568055995192494	c9	SCAND1
1.75085723264526e-08	0.523961380508915	0.213	0.187	0.000587202498684567	c9	CHMP2A
1.94428714546299e-08	0.922679852319605	0.1	0.077	0.000652075022845377	c9	ATP13A3
1.97685344418855e-08	0.753049292626942	0.12	0.095	0.000662997108111955	c9	TMEM154
1.99666818557285e-08	1.06250312268324	0.139	0.113	0.000669642576077422	c9	ID3
2.18127323218506e-08	1.04744266890728	0.032	0.019	0.000731555416610225	c9	AC078883.1
2.28013799895e-08	0.350061709244322	0.319	0.292	0.000764712682087852	c9	MRPL54
2.32227782439759e-08	1.31743124233382	0.031	0.018	0.000778845536746465	c9	ADPRH
2.41752690612737e-08	0.470827239699316	0.148	0.12	0.000810790173776999	c9	DGKA
2.51736823216717e-08	0.859604296787254	0.089	0.066	0.000844274957704227	c9	GRN
2.57576353398506e-08	0.513330969505472	0.141	0.113	0.000863859574027911	c9	ABTB1
2.60458479249638e-08	0.888021588549905	0.081	0.06	0.000873525647707435	c9	SMYD3
2.64537707709605e-08	1.29204463128003	0.029	0.016	0.000887206564116474	c9	TRAV38-2DV8
2.67529409508339e-08	0.870846037584519	0.052	0.034	0.000897240133609068	c9	ZBTB7B
2.75363971366667e-08	1.7504949104469	0.013	0.006	0.000923515687169528	c9	B3GALT2
2.80035506466749e-08	0.316755938284267	0.363	0.34	0.000939183081588181	c9	UFC1
3.01705517980868e-08	0.736544249804435	0.075	0.054	0.00101185996620424	c9	DBNDD2
3.44563487032145e-08	0.667568183422547	0.096	0.072	0.00115559702280841	c9	TOM1
4.23635771727107e-08	1.30035910699462	0.016	0.007	0.00142078965121837	c9	PHLDA3
4.38115513796627e-08	0.69268789355232	0.053	0.035	0.00146935181017113	c9	CMTM8
4.62174755742117e-08	0.438079356195411	0.295	0.27	0.00155004169580791	c9	TANK
4.88150491915201e-08	0.982062613024621	0.067	0.048	0.0016371591197852	c9	GCA
5.24045837337661e-08	1.09379962344364	0.051	0.034	0.00175754492926305	c9	TRAV13-2
5.37903032910896e-08	0.275842380793284	0.434	0.419	0.00180401919177656	c9	UBXN1
5.73358137311471e-08	0.707256947981207	0.103	0.08	0.00192292852091521	c9	AC025164.1
5.7684180834736e-08	1.06223020007256	0.027	0.015	0.00193461205683538	c9	RENBP
6.11705964069307e-08	0.468026688916962	0.231	0.203	0.00205153946229564	c9	VSIR
8.46864091082907e-08	0.486730119731354	0.167	0.139	0.00284021278867385	c9	IPCEF1
9.76832425300951e-08	1.63047836887463	0.024	0.013	0.00327610058797433	c9	IL10
1.01257546828799e-07	0.752856115040248	0.07	0.05	0.00339597560554426	c9	AC058791.1
1.04729676160793e-07	1.53910401013187	0.014	0.007	0.00351242387908067	c9	USP51
1.19176682073538e-07	0.737897843267288	0.088	0.066	0.00399694756338233	c9	CREBL2
1.25260445691664e-07	0.232917250795788	0.479	0.465	0.00420098482760703	c9	BRK1
1.37076818525209e-07	1.37247122694881	0.032	0.019	0.00459728233969845	c9	MGST2
1.39969806215403e-07	0.259095327254556	0.418	0.402	0.00469430736085218	c9	SUMO1
1.45901812980993e-07	0.546118355497731	0.142	0.116	0.00489325500375654	c9	MAD1L1
1.63642633884342e-07	0.759926527935687	0.082	0.061	0.00548824665521307	c9	ZNF101
1.73503586491641e-07	1.07931933513251	0.037	0.024	0.00581896328375666	c9	KSR1
1.90358835527432e-07	1.45732019323876	0.026	0.015	0.00638425462591901	c9	AC023157.3
2.05681356258391e-07	1.58974184901387	0.014	0.006	0.00689814132619393	c9	AC004130.1
2.35985828621469e-07	1.29619776948355	0.021	0.011	0.00791449272030683	c9	HBEGF
2.52976892141095e-07	0.341544456696063	0.282	0.256	0.00848433900862804	c9	C18orf32
2.65188779064685e-07	0.292744506067831	0.387	0.37	0.00889390127227142	c9	ICAM3
2.86984313319263e-07	0.496836784000234	0.145	0.119	0.00962487990010143	c9	GRAMD1A
2.90569663957385e-07	1.30714924638761	0.016	0.008	0.00974512538980278	c9	ZCCHC14
2.90999981059542e-07	1.249830300109	0.015	0.008	0.0097595573647749	c9	PCAT6
3.04348730787055e-07	0.349000070408373	0.323	0.296	0.0102072477331363	c9	TSPYL2
3.23250566459145e-07	1.80073224098375	0.01	0.004	0.0108411774979068	c9	FOXB1
3.31428778164949e-07	0.280604297732839	0.424	0.411	0.011115458362096	c9	TMEM59
3.39631305574537e-07	0.206773484154722	0.56	0.551	0.0113905547263588	c9	RNASEK
3.73475785155388e-07	0.719059492025167	0.083	0.063	0.0125256308825414	c9	LINC00426
3.7507725542253e-07	0.308723847242365	0.545	0.532	0.0125793409923608	c9	NEAT1
3.78467984925379e-07	0.582452821024096	0.038	0.024	0.0126930592784274	c9	TRAV12-3
3.87319697345139e-07	0.10835289641911	0.536	0.505	0.0129899280095613	c9	FKBP1A
4.12101473024065e-07	0.195180489263986	0.552	0.549	0.0138210592022811	c9	TRIR
4.39942521557738e-07	0.242156540165036	0.45	0.44	0.0147547922880034	c9	C19orf53
5.08193689032957e-07	0.783533476349062	0.038	0.024	0.0170437999427873	c9	GGT7
5.09974276604555e-07	0.650317034225173	0.082	0.062	0.0171035172887636	c9	LAX1
5.37261981443112e-07	0.151961470016857	0.601	0.692	0.0180186923336391	c9	JUN
5.43625639379646e-07	0.723377515135657	0.095	0.075	0.0182321166935146	c9	MICAL2
6.13454007319248e-07	1.10331612300084	0.036	0.023	0.0205740204974729	c9	TRAF3IP2
6.16456372712836e-07	0.836471336890884	0.064	0.047	0.0206747138280431	c9	ZNF282
6.3700217251271e-07	0.141322157496663	0.638	0.625	0.0213637788617313	c9	ELOB
6.37596219084443e-07	0.621204366935497	0.146	0.123	0.0213837019956541	c9	IL27RA
6.44158070645585e-07	0.239367839473007	0.433	0.416	0.0216037733733116	c9	VAMP8
6.76940527563e-07	0.444480770083217	0.105	0.082	0.0227032314134079	c9	ITGB2-AS1
6.92575538860456e-07	0.341008922918253	0.365	0.349	0.023227598422302	c9	IL2RG
7.08544934855863e-07	0.400497388220393	0.288	0.267	0.0237631800251959	c9	TMEM219
7.55920796076736e-07	0.858407439629584	0.036	0.023	0.0253520716588216	c9	RRAGB
7.70725473503528e-07	0.615753596160324	0.144	0.121	0.0258485909303613	c9	GABPB1
8.29950569601213e-07	0.921468248102633	0.084	0.065	0.0278348822032855	c9	COMMD3
8.60152179119892e-07	0.701850321119203	0.042	0.028	0.0288477837833229	c9	CBX7
9.11023713618838e-07	0.761453675078669	0.091	0.07	0.0305539133073486	c9	PGM2L1
9.28815868967854e-07	1.2687250141971	0.022	0.013	0.0311506266134439	c9	SAMD12
9.4843984891514e-07	1.04929440197649	0.033	0.021	0.031808775652916	c9	FAM241B
1.02884920235443e-06	0.354803770590498	0.334	0.319	0.0345055445485627	c9	NSD3
1.03286142696989e-06	1.42801200610467	0.011	0.005	0.0346401065377161	c9	RGS6
1.07622660482533e-06	1.12864884407119	0.043	0.029	0.0360944878726319	c9	FAM50B
1.11462804587937e-06	1.28331865612335	0.017	0.009	0.0373823954027023	c9	TRAV35
1.17452500820284e-06	1.17414441091764	0.03	0.018	0.0393912197251067	c9	TPTEP2-CSNK1E
1.24403978519781e-06	0.71610146926899	0.109	0.088	0.0417226063159641	c9	CYB5A
1.31183981628792e-06	1.70519446512603	0.01	0.004	0.0439964837586644	c9	SLC16A10
1.33702983868808e-06	1.34300133090092	0.025	0.015	0.0448413067299208	c9	TRAV23DV6
1.35720334330355e-06	0.667421988810821	0.161	0.137	0.0455178857277144	c9	CD70
1.42263926249706e-06	0.287449954858103	0.38	0.366	0.0477124755856263	c9	GABARAPL2
1.43263367319626e-06	0.572441439484697	0.209	0.187	0.0480476681316562	c9	SERPINB9
1.45059998628031e-06	0.555009584065856	0.141	0.117	0.0486502223398691	c9	YPEL3
1.47168924794118e-06	0.76992157881582	0.063	0.046	0.0493575139974514	c9	TCAF2
