gene	p_val	avg_log2FC	pct.1	pct.2	p_val_adj	cluster
MIB2	0.00041236136293648	0.00335327713939856	7.66411727214787	9.34596565815756	0.00141684001538404	c3
SLC35E2B	0.000774240686046003	0.00312316974782952	4.44550669216061	5.59291905660723	0.00260237363485777	c3
AL365255.1	0.00534151497436422	0.00149997892687392	0.111536010197578	0.0348183034323517	0.0163556769113692	c3
ZBTB48	0.0088063831889595	0.00328898781517649	2.5653282345443	3.21977679634958	0.0263609853080439	c3
MTHFR	0.00529005135435352	0.00208353014789096	1.64117272147865	2.20271582766772	0.0162054934528963	c3
CELA2B	0.00319162785554348	0.000257005614005018	0.0159337157425112	0	0.00999074248825996	c3
EPHA2	0.00463789363088042	0.000892097973151697	0.0478011472275335	0.00733016914365299	0.0142912235016968	c3
CROCC	0.0048789214867179	0.000207769412583242	2.03951561504143	2.66451648371786	0.0149953508817398	c3
HTR6	0.00336745025581834	0.00110818677074799	0.0796685787125558	0.0183254228591325	0.010521478170266	c3
AL050344.1	3.77534602943766e-07	0.00318277427714438	0.239005736137667	0.0549762685773974	1.60133495807867e-06	c3
RSRP1	0.00039886269208095	0.0840463527948107	32.0267686424474	34.1695834631384	0.00137188464764335	c3
LIN28A	0.00319162785554348	0.000320552799532981	0.0159337157425112	0	0.00999074248825996	c3
SNHG12	0.00605034946056616	0.0883647442140091	23.4384958572339	24.4937601935165	0.0184285369365605	c3
LINC01778	0.00319162785554348	0.000304505644455469	0.0159337157425112	0	0.00999074248825996	c3
HCRTR1	0.00319162785554348	0.000378924758393807	0.0159337157425112	0	0.00999074248825996	c3
AL354919.2	0.00319162785554348	0.000306397654477279	0.0159337157425112	0	0.00999074248825996	c3
MARCKSL1	1.08710053329529e-20	0.133819224411125	19.1682600382409	15.8093423005736	9.59957285035745e-20	c3
AC114489.1	0.00319162785554348	0.000324643380488538	0.0159337157425112	0	0.00999074248825996	c3
POU3F1	0.0102098247751112	0.00827689505923423	0.924155513065647	0.646887426927376	0.0303292385569248	c3
PLK3	0.015639134284233	0.0116922456085337	15.2326322498407	17.4073191738899	0.0455141691795041	c3
ELAVL4	0.0148402163059963	0.00093474118261096	0.0796685787125558	0.0238230497168722	0.0432980578051766	c3
MROH7	0.00319162785554348	0.000187122372887221	0.0159337157425112	0	0.00999074248825996	c3
JUN	2.09041235936707e-54	0.334994010010383	66.3479923518164	65.927541278015	8.11438075329315e-53	c3
DNAJC6	0.00920339716237961	0.00353186502654204	0.350541746335245	0.192416940020891	0.0274513993269199	c3
AL513493.1	0.00319162785554348	0.00039854829177915	0.0159337157425112	0	0.00999074248825996	c3
AC103591.3	0.007406889474119	0.000484717904764301	2.29445506692161	2.91740731917389	0.0223452603384909	c3
PRKACB	2.6497800073106e-06	0.000447852750848077	15.9177820267686	19.8757536330151	1.06441875536212e-05	c3
TGFBR3	0.0128716768829672	0.0326412132396082	8.34926704907584	7.67835217797651	0.0377880163953916	c3
DPYD	0.00168935530977131	0.00713366510315361	7.48884639898024	9.01244296212135	0.00550983160353109	c3
SLC30A7	0.000114185118328776	0.00143269241822988	5.70427023581899	7.22571423335593	0.000408571481757228	c3
GSTM1	0.00319162785554348	0.000275584484067526	0.0159337157425112	0	0.00999074248825996	c3
PROK1	0.00319162785554348	0.000446253528810342	0.0159337157425112	0	0.00999074248825996	c3
LRIF1	0.000285420827285325	0.005210336380828	5.60866794136393	7.03696237790687	0.000991346696923699	c3
AL355816.1	0.000846336929896534	0.00109914264685097	0.0796685787125558	0.014660338287306	0.00283730987153838	c3
DENND2D	0.00094535434009529	0.0191657055247998	16.8419375398343	20.2954058164892	0.00315381417070684	c3
ST7L	0.00218883207387274	0.000752046534774405	2.35818992989165	3.09516392090748	0.00706263710732575	c3
HAO2	0.00319162785554348	0.000298930488560546	0.0159337157425112	0	0.00999074248825996	c3
AC239800.2	0.000208794654700226	0.00162133753117311	0.127469725940089	0.029320676574612	0.000733098317560321	c3
AC246785.3	7.5539378794107e-05	0.00859470331241798	0.701083492670491	0.368340999468563	0.000274063142145906	c3
PDZK1	0.00628724192567425	0.00155467871762302	0.127469725940089	0.0439810148619179	0.019099423084647	c3
AC245297.3	0.00193389275046018	0.000554944394086335	4.50924155513066	5.56176583774671	0.00627201383472909	c3
MCL1	4.89897303575604e-14	0.0896713853985251	54.4773741236456	59.0500100789826	3.09186597051536e-13	c3
RPS27	2.57998025038368e-204	0.240752450413153	98.8846398980242	99.2358298667742	4.12035131606513e-201	c3
ATP8B2	0.00790467226185652	5.32694116465587e-05	3.05927342256214	3.7768696512672	0.0237785360407341	c3
LMNA	0.00014710879359411	0.0914556507729923	30.5608667941364	30.165478568418	0.00052225412507243	c3
PYHIN1	0.00188550742225822	0.0165681658175735	15.2326322498407	18.1275082922538	0.00612338025832246	c3
CD84	0.00102746330315717	0.00754641898892097	7.17017208413002	8.69724568894427	0.00341855796242908	c3
CD48	0.0156213187916073	0.0052171768117153	28.7444231994901	34.1970715974271	0.0454662665653846	c3
SLAMF7	9.8552165435263e-07	0.0466969168676184	6.51688973868706	5.20625263427954	4.07601741813769e-06	c3
LY9	0.00196164935951608	0.0437098052212222	8.68387507966858	7.8432809837087	0.00635834504875328	c3
HSPA6	0.00709030366954555	0.0139961401987409	7.09050350541746	8.25926808261101	0.021421007519072	c3
XCL2	8.78855492511701e-05	0.0663792942344947	13.8145315487572	12.3348421264821	0.000317174814460964	c3
XCL1	0.00158958908465284	0.0444679103235567	10.006373486297	8.94280635525665	0.00519555976231235	c3
AL021068.1	0.00190358721226464	0.00291183704333368	0.207138304652645	0.0806318605801829	0.00617731087807754	c3
C1orf21	1.69788616378791e-09	0.0470948174442154	7.20203951561504	5.48113397716652	8.28272089616275e-09	c3
CFH	9.99588182731987e-08	0.0123501953370772	1.21096239643085	0.626729461782331	4.37652591024352e-07	c3
KIF21B	0.000711409216076132	0.00305790692530963	4.60484384958572	5.78533599662812	0.00239863700500265	c3
LGR6	9.16436964343971e-17	0.0240350902059876	2.16698534098152	1.00606571496637	6.65125793338414e-16	c3
BTG2	1.67571457757932e-21	0.173256094185174	41.3320586360739	40.7502428118529	1.54608295743756e-20	c3
AL592146.1	0.00319162785554348	0.000333455612478252	0.0159337157425112	0	0.00999074248825996	c3
WNT3A	0.00319162785554348	0.000263558298124519	0.0159337157425112	0	0.00999074248825996	c3
TTC13	0.00422192067245471	0.00466515133254475	4.87571701720841	5.90445124521248	0.0130755171772819	c3
AL355472.1	0.0169953112577418	0.00148809789347844	2.50159337157425	3.08233612490608	0.0492686272765273	c3
AKT3	0.0136299150467833	0.0014367855199612	3.20267686424474	3.88865473070791	0.0399266390810566	c3
AC116609.2	0.00319162785554348	0.000234215607866363	0.0159337157425112	0	0.00999074248825996	c3
AC108488.2	0.00319162785554348	0.000304818887981989	0.0159337157425112	0	0.00999074248825996	c3
RPS7	1.85930483926788e-49	0.0660168824393144	94.7578075207138	96.7234143927871	5.80608619174733e-48	c3
RNF144A	0.016778882679109	0.0120218065724401	1.95984703632887	1.57232128131357	0.0486712486816572	c3
AC079145.1	0.00961132907132974	0.0010178439682335	0.0796685787125558	0.021990507430959	0.0286096347203565	c3
EMILIN1	0.0112001609123064	0.00224782336094518	0.1434034416826	0.0568088108633107	0.033115665756584	c3
YPEL5	5.06701943474667e-28	0.171644859759239	51.3384321223709	52.6159541131412	6.36709246169104e-27	c3
AC006369.1	1.29905579607042e-05	0.0317274104332584	4.87571701720841	3.82085066612912	4.97518936720451e-05	c3
SRSF7	2.81521995619193e-58	0.180521893448404	66.9375398342894	69.7245688944272	1.25221282348495e-56	c3
ZFP36L2	1.08132242650045e-71	0.283228223192753	77.836201402167	76.4335062031556	7.76560846680348e-70	c3
AC104781.1	0.00319162785554348	0.00035589423542178	0.0159337157425112	0	0.00999074248825996	c3
RPS27A	1.04954840708984e-51	0.0998044733024934	97.2912683237731	98.226099067236	3.60653222100194e-50	c3
TGFA	0.00129847208525441	0.0040742060744356	0.446144040790312	0.230900328025069	0.00428117939395028	c3
EGR4	0.00129117133653654	0.0100344878031733	0.860420650095602	0.538767432058495	0.00425794535740043	c3
CD8A	8.6230065432937e-72	0.31095809588741	49.0121096239643	38.4833880041782	6.23272399674535e-70	c3
CD8B	6.35427460540693e-49	0.231953005282151	37.2211599745061	30.2955890707178	1.93560092385229e-47	c3
AC009237.15	0.00319162785554348	0.000347853318607582	0.0159337157425112	0	0.00999074248825996	c3
ADRA2B	3.00869759213898e-05	0.0060592442602808	0.573613766730402	0.269383716029247	0.000112354637395788	c3
ASTL	1.70035084986258e-09	0.0125956527036952	1.33843212237094	0.657882680642856	8.29233194746127e-09	c3
DUSP2	8.20565130006771e-188	0.541367167807377	65.8381134480561	59.3230588795836	9.8286119036311e-185	c3
SLC20A1	0.000573270118447529	0.0144460805704154	13.6870618228171	16.4690575235024	0.0019479567611442	c3
DPP10-AS1	0.00319162785554348	0.000340606025321169	0.0159337157425112	0	0.00999074248825996	c3
CNTNAP5	0.00319162785554348	0.000202621198718693	0.0159337157425112	0	0.00999074248825996	c3
CXCR4	9.28539946844388e-97	0.342269761819676	64.5952836201402	60.878887280324	1.61354262887394e-94	c3
RBM43	0.00808953698527931	0.00090682077343069	1.97578075207138	2.55273140427715	0.0242997663602595	c3
NR4A2	5.47958067033774e-21	0.165400208237875	47.7055449330784	47.613113672598	4.90325977912986e-20	c3
TTC21B	0.00126307554457662	0.000507744496049088	2.15105162523901	2.89724935402884	0.00416898214880532	c3
ITGA6	5.22012077951865e-05	0.0201034350567678	2.80433397068196	2.05061481793692	0.000191587229922846	c3
MAP3K20	0.00279155792667817	9.70638328622944e-05	1.0038240917782	1.48802433616156	0.00891735115200804	c3
AC012499.1	0.00319162785554348	0.000202621198718693	0.0159337157425112	0	0.00999074248825996	c3
PMS1	3.73016000167732e-06	0.00165045223319725	5.24219247928617	7.00764170133226	1.48365875398783e-05	c3
UNC80	0.00133123863490169	0.000576974001852613	0.0318674314850223	0.00183254228591325	0.00438232050817952	c3
IGFBP2	0.000842755318248191	0.0112262889009289	1.16316124920331	0.767835217797651	0.00282586761281822	c3
CDK5R2	0.00133123863490169	0.000486498688923989	0.0318674314850223	0.00183254228591325	0.00438232050817952	c3
TUBA4A	2.77027101890153e-36	0.224347894917704	38.7985978330147	36.3851270868075	5.00859026587167e-35	c3
EPHA4	9.1995087106352e-34	0.0489428977080194	4.23836838750797	1.92416940020891	1.50137772816196e-32	c3
AC079834.2	0.00230094637093607	0.00130522915387553	0.0956022944550669	0.0238230497168722	0.00741155775916768	c3
ITM2C	2.66128221231806e-46	0.194495056218888	23.2791586998088	17.3779984973153	7.29796261951948e-45	c3
DGKD	0.000363045008461702	0.00184789403757228	4.98725302740599	6.28378749839653	0.00125188191381745	c3
SH3BP4	0.0017783612543344	0.000931499510597036	0.0796685787125558	0.0164928805732192	0.00578886535454401	c3
AC011298.1	0.00319162785554348	0.00027656149722715	0.0159337157425112	0	0.00999074248825996	c3
RTP5	0.0110078607511775	0.00953811511681275	1.40216698534098	1.05554435668603	0.0325844337045888	c3
IL5RA	0.0164673508236549	0.00522380848337976	0.605481198215424	0.399494218329088	0.0478042077316488	c3
LRRN1	4.62544460939743e-05	0.000999216619838142	0.0637348629700446	0.00549762685773974	0.000170451775969642	c3
ZNF385D	0.00906163554402814	0.000585368165011131	0.0318674314850223	0.00366508457182649	0.0270684639520738	c3
LINC02084	5.61143479361084e-11	0.0375800906505475	4.30210325047801	2.86243105059649	2.98061926050238e-10	c3
EOMES	3.93227168423308e-32	0.0830585229876878	7.5685149776928	4.39260385933405	5.97826508367222e-31	c3
CMC1	3.74743913909984e-80	0.273427583326706	28.9515615041428	20.912972566842	3.80853375294334e-78	c3
TGFBR2	0.00808357033949659	0.0167592810342259	14.6908859145953	17.1800839304367	0.0242840184562913	c3
EPM2AIP1	0.00206446247167695	0.00513630776954707	4.30210325047801	5.33636313657938	0.00667739824236682	c3
ZNF621	0.0044700182426571	0.000807652376573983	1.46590184831103	2.00846634536092	0.0137992886434309	c3
NKTR	2.11752221023503e-05	0.00716265846678049	18.2122370936902	22.5054518133006	7.98666890315593e-05	c3
ACKR2	0.00463848602626986	0.000802831855527636	0.0478011472275335	0.00733016914365299	0.0142917358152539	c3
ABHD5	0.000368464253590826	0.00595949554174544	10.2931803696622	12.3953160219172	0.0012699161583526	c3
CCR5	2.74371121735413e-05	0.00306132797978839	4.31803696622052	5.75784786233942	0.000102756657518283	c3
KIF9	0.00577241938107215	0.00254326844032609	2.74059910771192	3.45250966666056	0.0176252186091039	c3
Z84492.1	0.00319162785554348	0.000287031166312443	0.0159337157425112	0	0.00999074248825996	c3
LRIG1	0.0131182226895067	0.000888200978204308	2.54939451880178	3.16113544320035	0.0384949647878797	c3
CLDND1	6.06924502597708e-08	0.11959474392352	27.7087316762269	28.0983708699078	2.69353367316686e-07	c3
SENP7	0.0108263837652779	0.0152667310490024	8.81134480560867	10.2933900199747	0.0320755528904496	c3
TRAT1	7.25869735875303e-27	0.126664553837271	15.9177820267686	12.0453004453078	8.62658370013675e-26	c3
PLCXD2	0.0111954863997685	0.00425711256057758	3.74442319949012	4.52454690391981	0.0331076821158132	c3
GRAMD1C	0.0101902606728238	0.000598477066676071	0.605481198215424	0.932764023529843	0.0302738030334986	c3
ZBTB20	0.015064369140193	0.0637818249077636	15.646908859146	15.5527863805457	0.043921482415352	c3
UPK1B	0.00319162785554348	0.000430514944067953	0.0159337157425112	0	0.00999074248825996	c3
PLXND1	0.000638778087508429	0.017193675829544	2.82026768642447	2.16789752423537	0.00216094620096773	c3
COL6A6	0.00319162785554348	0.000448116207638437	0.0159337157425112	0	0.00999074248825996	c3
ASTE1	0.00124771646769365	0.000893469402457728	3.17080943275972	4.0810716707288	0.00411990891931769	c3
NPHP3	0.0110540307096079	0.00115202745111899	1.46590184831103	1.94432736535396	0.0327153266800943	c3
NCK1	0.000112557986309246	0.00845314615182569	10.4843849585723	12.8662793893969	0.000402921309087361	c3
FAIM	0.00478821839553972	0.000933451068831331	1.59337157425112	2.15140464366215	0.0147267470979029	c3
C3orf58	0.00230086957992171	0.0038324379970958	3.84002549394519	4.79759570452088	0.00741155775916768	c3
GYG1	0.00263362969393466	0.0200747415303271	13.8145315487572	16.4067510857813	0.00843939161811395	c3
MLF1	0.000731608250883952	0.0329219051442077	5.54493307839388	4.68031299822243	0.00246525444771888	c3
PRKCI	0.00111881515175409	0.00061055794158011	2.9955385595921	3.88498964613608	0.00371402776992266	c3
AC131235.4	0.00133152757712188	0.000552787285709942	0.0318674314850223	0.00183254228591325	0.00438241137208182	c3
TPRG1	1.03143904438998e-14	0.0378167920164834	4.04716379859783	2.44461140940827	6.74973710648802e-14	c3
RPL35A	7.64733687117135e-39	0.0386335929624027	93.2281708094328	96.3532408510326	1.54877043469411e-37	c3
ZFYVE28	0.00362014403790337	0.012103519223649	7.60038240917782	9.07658194212831	0.0112711094265877	c3
LYAR	5.66317709558529e-68	0.208570290033435	23.8368387507967	16.6504792098078	3.59039004596861e-66	c3
DTHD1	6.461627299093e-14	0.0653032874910007	7.93499043977056	5.77067565834082	4.05368605231914e-13	c3
CHRNA9	0.00906163554402814	0.000625900983528504	0.0318674314850223	0.00366508457182649	0.0270684639520738	c3
LNX1-AS1	0.00319162785554348	0.000289617268340143	0.0159337157425112	0	0.00999074248825996	c3
KIT	2.68395886391516e-28	0.0149391874877915	0.892288081580625	0.168593890304019	3.40964440825707e-27	c3
SPINK2	0.0106056023712666	0.010375796373436	1.09942638623327	0.795323352086349	0.0314464408387887	c3
SLC4A4	0.000591279974810433	0.0098407031419744	1.17909496494583	0.771500302369477	0.00200752660408912	c3
SCD5	0.0126108030563592	0.000773364368048299	1.54557042702358	2.02679176822005	0.0370805815276325	c3
HELQ	0.000740136903207377	0.00198402203183179	3.82409177820268	4.88189264967289	0.0024924903564383	c3
EMCN	0.00319162785554348	0.000187122372887221	0.0159337157425112	0	0.00999074248825996	c3
RPL34	1.2528278407094e-35	0.0764289046833215	96.8610579987253	98.0904909380784	2.20911357106791e-34	c3
AC110609.1	0.00319162785554348	0.000195770176613354	0.0159337157425112	0	0.00999074248825996	c3
INPP4B	1.8906900700948e-05	0.00370144430329869	10.4843849585723	13.0641939562755	7.16253965557884e-05	c3
NR3C2	0.000530612711859558	0.00785302145582626	0.924155513065647	0.568088108633107	0.00180924045652154	c3
AC108156.1	0.00319162785554348	0.00023862586062963	0.0159337157425112	0	0.00999074248825996	c3
LINC02273	0.00232796662573869	0.0181732077132868	2.97960484384959	2.38230497168722	0.00749427382357691	c3
AC079340.1	0.00319162785554348	0.000189115327030115	0.0159337157425112	0	0.00999074248825996	c3
AC107214.2	0.00906163554402814	0.000636473595691287	0.0318674314850223	0.00366508457182649	0.0270684639520738	c3
CYP4V2	0.000809427597255346	0.000572504783761155	3.91969407265774	4.97901739082629	0.00271601628381689	c3
SLC45A2	0.00319162785554348	0.000363588222377719	0.0159337157425112	0	0.00999074248825996	c3
PARP8	3.113236516942e-16	0.138429886512216	30.050987890376	28.4245633968004	2.19352366187397e-15	c3
ITGA1	8.49589874751798e-05	0.00680078356521219	12.189292543021	14.8894060730451	0.000307108700360269	c3
GZMK	0	0.9617225048192	50.4620777565328	17.9021055910865	0	c3
GZMA	5.8669112665717e-14	0.156911911710472	67.0490758444869	56.0263153072257	3.68679913918459e-13	c3
TRIM23	0.0166253727999785	0.00310924289562523	2.00764818355641	2.53257343913211	0.0482504112985186	c3
PIK3R1	5.6280349928464e-08	0.112664863097395	30.3377947737412	30.5814656673203	2.50355047317608e-07	c3
TMEM171	3.92814033833676e-40	0.0199168139798459	1.22689611217336	0.221737616595503	8.34338002958445e-39	c3
ENC1	1.3354024345407e-12	0.0466470533104999	5.84767367750159	4.02976048672323	7.7445489969957e-12	c3
AC116337.3	5.83671925087732e-14	0.00336355464706046	0.223072020395156	0.0201579651450457	3.66851368508103e-13	c3
F2R	9.68201539623306e-06	0.0603087979739547	10.1179094964946	8.84384907181733	3.74053026562452e-05	c3
RPS23	3.19102466061992e-20	0.0243588140912125	94.9649458253665	97.0954204768275	2.75471261435961e-19	c3
AC018754.1	0.0160232733696645	0.00408253903983965	0.462077756532823	0.285876596602467	0.0465916891166819	c3
TMEM161B-AS1	0.00275480273420367	0.000208287624906191	1.84831102613129	2.48675988198428	0.00880749038128911	c3
ARRDC3	0.000607173908883158	0.00112539252754242	5.81580624601657	7.16707288020671	0.0020594051937827	c3
LINC02163	0.00319162785554348	0.000266205732394695	0.0159337157425112	0	0.00999074248825996	c3
MAN2A1	5.33147844367858e-05	0.008158614383349	8.84321223709369	11.0209093074823	0.000195460345478894	c3
EPB41L4A	0.00662215387585092	0.00618192717250008	0.717017208413002	0.465465740621965	0.0200662989418403	c3
AC010261.2	0.00319162785554348	0.000250254633383976	0.0159337157425112	0	0.00999074248825996	c3
ACSL6	1.3966205374527e-07	0.0188679847119397	2.03951561504143	1.24796129670692	6.06655350150093e-07	c3
AC116366.3	0.00260241713206054	0.0187962319695255	15.8221797323136	18.7743957191812	0.00834335778367713	c3
IL4	0.0169549841430857	0.00311371230534223	0.27087316762269	0.144770840587147	0.0491602194338037	c3
FAM53C	0.00133940880297	0.0583358898931094	11.6794136392607	10.9017940588979	0.00440662079988304	c3
EGR1	1.44525633872715e-104	0.385506431248681	28.0752071383047	18.3712364162803	3.23140047254875e-102	c3
TMCO6	0.00416630072154841	0.00119774090109363	1.62523900573614	2.1990507430959	0.0129092196599492	c3
PCDHB9	0.00874563278240267	0.000801752674750909	0.0637348629700446	0.014660338287306	0.0261838093426371	c3
RELL2	0.00463385036623338	0.00153602304033557	2.45379222434672	3.14647510491305	0.0142817540803523	c3
ADRB2	1.79425241732421e-18	0.05950552431261	7.05863607393244	4.65099232164782	1.42427544549631e-17	c3
AFAP1L1	2.38895224017305e-07	0.00159618173168768	0.0956022944550669	0.00733016914365299	1.02587298631144e-06	c3
RPS14	2.16485346717657e-73	0.0958100278881249	95.9528362014022	97.5847092671663	1.63065975172007e-71	c3
SGCD	1.10766600636981e-05	0.00427574881568942	0.382409177820268	0.142938298301233	4.26068385383999e-05	c3
SLIT3	7.00764955149e-19	0.00324738160537802	0.191204588910134	0.00549762685773974	5.6727625068277e-18	c3
DUSP1	1.41848137722158e-61	0.269905236040834	72.3550031867431	73.6388792171379	7.21897244753528e-60	c3
AC008378.1	0.0148266329922058	0.00117489681390964	0.0796685787125558	0.0238230497168722	0.0432621904726464	c3
FAM193B	0.00420441303082204	0.00195972760133588	3.33014659018483	4.14887573530759	0.0130237003997146	c3
OR2V2	0.00319162785554348	0.000286561092720233	0.0159337157425112	0	0.00999074248825996	c3
AL392183.1	0.00319162785554348	0.000213588163727369	0.0159337157425112	0	0.00999074248825996	c3
TUBB2A	2.91575639553932e-17	0.0861668590272351	11.1057998725303	8.3142443511884	2.17792066800886e-16	c3
AL136309.3	0.00319162785554348	0.000272703931734187	0.0159337157425112	0	0.00999074248825996	c3
AL031123.2	0.00319162785554348	0.000300054678767003	0.0159337157425112	0	0.00999074248825996	c3
GCM2	0.00319162785554348	0.000247035507740054	0.0159337157425112	0	0.00999074248825996	c3
FAM8A1	0.00697321919529493	0.000149371919699423	2.02358189929892	2.62053546885594	0.0210881718099009	c3
C6orf62	2.40948439149078e-06	0.00307223732378209	13.7029955385596	17.1782513881508	9.71148750412423e-06	c3
HIST1H3A	0.0050608865272793	0.0167518456474832	2.50159337157425	1.99380600707361	0.015526162856924	c3
HIST1H1T	0.00319162785554348	0.000318338214355618	0.0159337157425112	0	0.00999074248825996	c3
BTN3A1	0.00503101912838261	0.0610193565659697	13.7029955385596	13.265773607726	0.0154373576878038	c3
HLA-B	7.58492599395986e-07	0.0131010116476031	98.1835564053537	98.8968095438802	3.16082564594217e-06	c3
TNF	1.89323161934825e-34	0.200155683889575	18.0210325047801	13.3097546225879	3.1843130416099e-33	c3
NEU1	6.89632624314791e-23	0.160297890372474	20.3951561504143	16.9730066521285	6.82067205964892e-22	c3
BRD2	4.78959646071084e-05	0.0776221044934223	41.4435946462715	46.218548993018	0.000176229825671223	c3
HSD17B8	0.000754270387757727	0.00125205246267143	3.17080943275972	4.12322014330481	0.00253830225412589	c3
RPS18	1.35945773774222e-12	0.00282335421182722	93.8177182919057	96.2707764481665	7.87724492197628e-12	c3
PACSIN1	3.66862628772344e-53	0.0238005295263756	1.48183556405354	0.241895581740549	1.33592169856318e-51	c3
KCNK17	0.000846063108983267	0.00135785562304705	0.0796685787125558	0.014660338287306	0.0028366754522724	c3
TBCC	0.00561439178015034	0.0166937495280171	16.8738049713193	19.7749638072899	0.0171583261821289	c3
SUPT3H	0.000157884532213741	0.00831233240513218	11.8546845124283	14.449595924426	0.000559384263826797	c3
ENPP5	0.00393604642278066	0.00534192604806937	0.605481198215424	0.366508457182649	0.0122206188601387	c3
ADGRF2	0.000223378786112062	0.00100483274795656	0.0637348629700446	0.00733016914365299	0.000782665872192471	c3
MTO1	0.000168803162862935	0.00144137237247802	3.93562778840025	5.13661602741483	0.000596682174968077	c3
EEF1A1	0.00628769545821418	0.0138960314207885	98.3747609942639	98.9334603895985	0.019099423084647	c3
SNAP91	0.00319162785554348	0.000342726194586147	0.0159337157425112	0	0.00999074248825996	c3
MDN1	6.84660851448387e-05	0.000894838642735735	3.90376035691523	5.17509941541901	0.000249101276154003	c3
FBXL4	0.00616283414254806	0.00196554465658815	2.40599107711918	3.06767578661878	0.018760926883251	c3
TSTD3	0.00906452139798858	0.000591392785246857	1.17909496494583	1.62546500760505	0.0270684639520738	c3
METTL24	0.000903738662761082	0.00354515389295482	0.302740599107712	0.131943044585754	0.00301984223716205	c3
FAM162B	0.00319162785554348	0.000315047686047022	0.0159337157425112	0	0.00999074248825996	c3
THEMIS	1.57247463361767e-08	0.0960974728303771	18.1644359464627	16.6779673440965	7.2521526763297e-08	c3
SAMD3	3.92868197084768e-32	0.139143379996049	17.9572976418101	13.5076691894665	5.97551636908343e-31	c3
ENPP1	0.00362785827852361	0.00161964073323595	0.111536010197578	0.0329857611464385	0.0112930305313834	c3
VNN2	0.00745618705148189	0.00196025658896539	2.48565965583174	3.14097747805531	0.0224879137889028	c3
RPS12	2.69933572842722e-171	0.208340143335674	98.8846398980242	99.0085946233209	2.44676545027005e-168	c3
TNFAIP3	9.19167181367451e-11	0.0337095752418337	74.0280433397068	79.5891440194982	4.81296314265442e-10	c3
CITED2	0.0010591201511993	0.0960276009583445	30.704270235819	32.1867727097803	0.00352178977106109	c3
HIVEP2	0.000994308344458136	0.00695364096401591	7.31357552581262	8.87133720610603	0.00331218844422298	c3
SYNE1	3.18486186372518e-06	0.0899579918750285	18.4512428298279	17.5465923876193	1.27371687557375e-05	c3
C6orf99	0.00562192894043275	0.0113758250059607	1.2906309751434	0.934596565815756	0.0171797952441215	c3
TAGAP	1.19715822684456e-12	0.144787103262796	33.7635436583811	33.6399787425095	6.96328349148681e-12	c3
SLC22A3	0.00319162785554348	0.000395952568741281	0.0159337157425112	0	0.00999074248825996	c3
GPR31	0.00319162785554348	0.0001791243759208	0.0159337157425112	0	0.00999074248825996	c3
DLL1	0.00346302332801943	0.00427007078661259	0.493945188017846	0.280378969744727	0.0108039885000108	c3
FAM120B	0.000562349415499121	0.00104764298478256	2.66093052899936	3.55696457695761	0.00191162322086048	c3
AC007128.2	0.00319162785554348	0.000273059934336016	0.0159337157425112	0	0.00999074248825996	c3
HOTAIRM1	0.00562719240989942	0.00292230789563873	6.42128744423199	7.58305997910902	0.0171943129594758	c3
HOXA2	0.00139231932135674	0.000906319592522133	0.0478011472275335	0.00549762685773974	0.00457172561187217	c3
HERPUD2	0.000542873633178445	0.0110998989392206	19.2160611854685	23.0588795836464	0.00184879121745925	c3
AOAH	1.93843514905133e-39	0.118737904128835	12.3804971319312	7.94773589400575	4.00809112385224e-38	c3
TRGV11	0.00519650524930384	0.00207314503272485	0.175270873167623	0.0696366068647034	0.0159349358188856	c3
TRGV9	0.0110438908009212	0.0311354149978771	6.13448056086679	5.47013872345104	0.032688201366278	c3
STK17A	0.000164809012000536	0.0578494216766769	42.2562141491396	46.9625611610988	0.000582993845003055	c3
POLM	0.000640069696640868	0.00254174686099225	3.47355003186743	4.49156114277337	0.00216506883368043	c3
AC013436.1	0.00319162785554348	0.000337184124907969	0.0159337157425112	0	0.00999074248825996	c3
IGFBP3	1.58015729244333e-06	0.0138219355451694	1.62523900573614	0.978577580677674	6.43850264536076e-06	c3
AUTS2	6.85367643918293e-10	0.0620365512703372	10.3250478011472	8.32890468947571	3.41746358039425e-09	c3
TRIM50	0.00319162785554348	0.000373928268718871	0.0159337157425112	0	0.00999074248825996	c3
GRM3	0.00319162785554348	0.000308643796798177	0.0159337157425112	0	0.00999074248825996	c3
AC079760.2	0.00319162785554348	0.000323173214517418	0.0159337157425112	0	0.00999074248825996	c3
GIGYF1	0.00190252450590858	6.1165908721704e-05	2.39005736137667	3.14281002034122	0.00617445973283937	c3
ACHE	0.000337207536879448	0.00336475554067504	0.27087316762269	0.104454910297055	0.00116569212357387	c3
AC005064.1	0.000223613833370417	0.0010382581795536	0.0637348629700446	0.00733016914365299	0.000783243941887942	c3
KMT2E-AS1	1.94150652763735e-06	0.0746911485122689	14.4678138942001	13.0000549762686	7.87164481671924e-06	c3
COG5	0.000109767382919251	0.00072436460833826	4.84384958572339	6.23064377210504	0.000393267651783551	c3
IFRD1	9.78518489623824e-07	0.106902770069632	29.0790312300829	29.6248785940736	4.04755218364625e-06	c3
FAM71F1	0.00319162785554348	0.000371098906670258	0.0159337157425112	0	0.00999074248825996	c3
BPGM	0.00241845812140262	0.00510104116785363	5.36966220522626	6.53667833385255	0.00777662976755523	c3
AC009276.1	0.00319162785554348	0.000269608142849527	0.0159337157425112	0	0.00999074248825996	c3
AKR1D1	0.00319162785554348	0.000314621319642758	0.0159337157425112	0	0.00999074248825996	c3
TRBV11-2	1.75648664297437e-08	0.0397810291038491	3.01147227533461	1.95532261906943	8.08745868095473e-08	c3
TRBV6-6	8.97866172024413e-06	0.0165598293622304	2.23072020395156	1.49168942073338	3.47600550356167e-05	c3
TRBV5-5	2.40881586979369e-21	0.0339659682119163	2.29445506692161	0.971247411534021	2.19768407620078e-20	c3
TRBV6-7	0.0101201889572771	0.00214121773619791	0.175270873167623	0.0751342337224431	0.030076286863018	c3
TRBV15	0.000797876314505622	0.012243301580529	1.68897386870618	1.19481757041544	0.00267913254264012	c3
TRBV16	1.61673580096592e-05	0.00414105755045171	0.191204588910134	0.0476460994337444	6.15670322388952e-05	c3
TRBV23-1	0.00111928382665085	0.00990920119683097	0.812619502868069	0.498451501768403	0.00371521585295092	c3
EPHA1	1.81027025187948e-40	0.0454049657853521	3.33014659018483	1.22963587384779	3.90436293939126e-39	c3
EPHA1-AS1	1.66845003273116e-13	0.0273905895052565	2.27852135117909	1.18198977441404	1.02203611320068e-12	c3
ZNF862	0.0072951488093621	0.00182973968098525	2.80433397068196	3.50565339295204	0.0220279734193199	c3
GIMAP4	0.00286468434398459	0.0768073255850207	21.4627151051625	21.8787223515183	0.00914049886105558	c3
GIMAP2	0.00211235762521081	0.0118685417163378	8.12619502868069	9.74362733420074	0.00682704539214802	c3
GIMAP1	0.00262886228689119	0.0633174849487914	13.5755258126195	13.0898495482783	0.00842652999882986	c3
AOC1	0.00319162785554348	0.000248679965911737	0.0159337157425112	0	0.00999074248825996	c3
SMARCD3	6.82886169345568e-18	0.031328260851672	2.40599107711918	1.13617621726621	5.27832135227279e-17	c3
CD99	3.18036763595774e-12	0.0341484119068483	66.8260038240918	71.8466528615148	1.80418081486385e-11	c3
GYG2	0.00133152757712188	0.000446454455920883	0.0318674314850223	0.00183254228591325	0.00438241137208182	c3
CA5B	0.00245050969196151	0.00371752010115978	7.15423836838751	8.54331213692756	0.0078751623274248	c3
USP11	0.00592538286598469	0.0163359038766955	10.3728489483748	12.1992339973245	0.0180610279523216	c3
AC233976.1	0.000969948023626563	0.00487119766784618	0.430210325047801	0.216239989737763	0.00323425301415666	c3
FGD1	0.00319162785554348	0.000403044776696787	0.0159337157425112	0	0.00999074248825996	c3
ARR3	0.00319162785554348	0.000288453102742044	0.0159337157425112	0	0.00999074248825996	c3
GJB1	0.00319162785554348	0.000301876095392997	0.0159337157425112	0	0.00999074248825996	c3
ZMAT1	0.000142621670240245	0.0170406060833811	2.15105162523901	1.53017280873756	0.00050696826460173	c3
TSC22D3	7.98892672408669e-05	0.00856205757786199	74.8406628425749	80.5677216001759	0.000289469127563115	c3
SLC6A14	0.00319162785554348	0.000365489535000776	0.0159337157425112	0	0.00999074248825996	c3
LINC01285	0.00319162785554348	0.000251026742915312	0.0159337157425112	0	0.00999074248825996	c3
RPL39	6.57011675625624e-126	0.15190455008807	98.629700446144	99.1826861404827	2.44831750857024e-123	c3
RPL10	7.20230108986164e-113	0.153917597449795	99.0121096239643	99.1442027524785	2.10044151262417e-110	c3
AC083964.1	0.00319162785554348	0.000332368328462736	0.0159337157425112	0	0.00999074248825996	c3
DEFA1	0.00319162785554348	0.000278043240785363	0.0159337157425112	0	0.00999074248825996	c3
FAM160B2	0.00144687678009007	0.00139454751689437	3.77629063097514	4.76460994337444	0.00474343630993752	c3
SORBS3	2.38285261784695e-05	0.0262011898333645	3.80815806246017	2.89724935402884	8.9592052799721e-05	c3
ZNF703	0.00821685877995715	0.00618833451582111	0.82855321861058	0.560757939489454	0.0246667570499645	c3
PENK	0.00319162785554348	0.000399534689861632	0.0159337157425112	0	0.00999074248825996	c3
PDE7A	4.25697628718648e-06	0.00342269691732053	9.0025493945188	11.4423940332423	1.68440857385158e-05	c3
PRDM14	0.00133123863490169	0.00072300316072813	0.0318674314850223	0.00183254228591325	0.00438232050817952	c3
CA1	0.00133181657720486	0.000478877802959422	0.0318674314850223	0.00183254228591325	0.00438250239072769	c3
RPL30	8.93437124769043e-130	0.172762175499623	98.3428935627788	98.8418332753028	3.56715408220288e-127	c3
LINC00861	1.53666764110411e-10	0.0961183887684567	16.1249203314213	14.0372739100955	7.93117256807473e-10	c3
PCAT1	2.14345015598697e-05	0.00935990280127048	0.940089228808158	0.518609466913449	8.07901003950225e-05	c3
CASC8	0.0148423070195717	0.000781575325752528	0.0796685787125558	0.0238230497168722	0.0433003908161444	c3
ASAP1	0.010742687265123	0.00937821999491137	3.91969407265774	4.74261943594348	0.0318360206324729	c3
GLI4	0.015351619900709	0.0040631654370024	2.48565965583174	3.08233612490608	0.0447317661364012	c3
DENND4C	5.14667245546276e-05	0.00128542257287062	6.86743148502231	8.66609247008375	0.000188994964208157	c3
IFNA14	0.00319162785554348	0.000334452371350984	0.0159337157425112	0	0.00999074248825996	c3
AL353608.3	0.00319162785554348	0.000353777798247043	0.0159337157425112	0	0.00999074248825996	c3
ANXA1	1.01761840067345e-62	0.311027919084695	50.7010834926705	43.5228792904396	5.40869824434012e-61	c3
NMRK1	2.12773291853711e-05	0.00368593568426162	10.8827278521351	13.5021715626088	8.02157223717374e-05	c3
AL162726.4	0.00319162785554348	0.0002165206082704	0.0159337157425112	0	0.00999074248825996	c3
AL354861.3	0.00319162785554348	0.00030395945695428	0.0159337157425112	0	0.00999074248825996	c3
PALM2-AKAP2	0.00319162785554348	0.000283846098698745	0.0159337157425112	0	0.00999074248825996	c3
ZNF618	0.00137033977046225	0.00253069561042819	0.254939451880178	0.106287452582968	0.00450573090409441	c3
NEK6	0.0172414184211139	0.000590003643145504	0.924155513065647	1.28277960013927	0.0499302902173662	c3
TTC16	0.00623416492855324	0.0132901443881442	1.70490758444869	1.29743993842658	0.0189574234630355	c3
ENG	0.0122876750398028	0.00109002337597049	1.65710643722116	2.15690227051989	0.0361653396651958	c3
ZER1	0.0149627609680804	0.000706710147394818	2.08731676226896	2.6278656379996	0.0436366154215199	c3
PRRC2B	4.88369078731387e-06	0.00357913301404755	10.8189929891651	13.6157891843354	1.92693201911685e-05	c3
RPL7A	8.03677765939701e-35	0.0506482487439954	92.9094964945825	95.310524290348	1.37029714865713e-33	c3
LCN6	0.00133123863490169	0.000703425110852086	0.0318674314850223	0.00183254228591325	0.00438232050817952	c3
LCN8	0.00319162785554348	0.00027656149722715	0.0159337157425112	0	0.00999074248825996	c3
LCNL1	0.0147798397927616	0.00234938279986951	0.286806883365201	0.153933552016713	0.0431449299395538	c3
TUBB4B	3.43064299562481e-13	0.161394818062166	40.8540471637986	42.4929905257564	2.05936826180893e-12	c3
SIRT3	0.00664693783374639	0.00442978892592066	2.72466539196941	3.43235170151551	0.020134122206303	c3
RPLP2	1.2076996290245e-61	0.079022092473426	92.8457616316125	95.563415125804	6.15559728848386e-60	c3
DUSP8	0.0131467772371632	0.0140032900783117	2.05544933078394	1.6456229727501	0.0385753818880122	c3
OR52K2	0.00319162785554348	0.000443051890073102	0.0159337157425112	0	0.00999074248825996	c3
OR51E2	0.00319162785554348	0.000310933080454085	0.0159337157425112	0	0.00999074248825996	c3
HBG1	0.00319162785554348	0.00023210146053677	0.0159337157425112	0	0.00999074248825996	c3
AC104389.5	0.00319162785554348	0.00023210146053677	0.0159337157425112	0	0.00999074248825996	c3
HBG2	0.00319162785554348	0.000322808416560028	0.0159337157425112	0	0.00999074248825996	c3
OR10A5	0.00319162785554348	0.000249631468141514	0.0159337157425112	0	0.00999074248825996	c3
RPL27A	4.85283044690439e-09	0.00847628067551698	59.5442957297642	67.0747127489967	2.31250678499971e-08	c3
AC011092.2	0.00906449850994106	0.000468596251464364	0.0318674314850223	0.00366508457182649	0.0270684639520738	c3
DKK3	4.47247951382811e-211	0.0902686638741554	5.16252390057361	0.718356576077993	8.33322321859818e-208	c3
AC009652.2	1.612636183556e-05	0.00313991372649256	0.191204588910134	0.0476460994337444	6.14248635140274e-05	c3
METTL15	7.42297949670101e-05	0.000478878352341283	4.84384958572339	6.26912716010922	0.000269457610521007	c3
C11orf91	0.00319162785554348	0.000266149914331946	0.0159337157425112	0	0.00999074248825996	c3
FBXO3	5.82841993087542e-05	0.00177890028507287	5.0031867431485	6.47803698070333	0.00021305018816534	c3
CD44	1.68167629425241e-25	0.135489281355125	53.0592734225621	54.9671058659679	1.87313382785245e-24	c3
TRAF6	0.00456452788553631	0.00170779263320184	3.12300828553219	3.90881269585296	0.0140793834475413	c3
AMBRA1	0.000420814948244424	0.00257117666314009	3.52135117909496	4.58318825706903	0.00144523679433505	c3
PRG3	0.00319162785554348	0.000246942321669165	0.0159337157425112	0	0.00999074248825996	c3
MS4A1	3.78307594035697e-14	0.0330912441136269	3.9993626513703	2.41162564826183	2.40296971378205e-13	c3
CD6	0.00119098430170795	0.000204166217323221	25.7329509241555	30.7793802341989	0.00394111805729466	c3
AHNAK	0.000604481809431748	0.0763960678138115	28.55321861058	29.2070589528853	0.00205068894646186	c3
CSKMT	2.14824543788252e-15	0.0746129431580835	9.08221797323136	6.65029595557917	1.45140724205689e-14	c3
RARRES3	2.97821111499367e-14	0.105152468727792	49.6494582536648	51.520093826165	1.90217566891369e-13	c3
PPP1R14B	1.91992023669738e-11	0.0917189744949442	9.92670490758445	7.94223826714801	1.04275765017582e-10	c3
ATG2A	0.000555571234002895	0.000531219499995336	5.78393881453155	7.13591966134619	0.0018899227148787	c3
FAU	4.46755227854605e-80	0.0826603485919319	96.38304652645	98.1509648335135	4.52666973770022e-78	c3
MALAT1	4.15195804109196e-97	0.24049188713363	99.7769279796048	99.7324488262567	7.32886151484958e-95	c3
SIPA1	0.00620896623103655	0.0100139523722069	7.93499043977056	9.32764023529843	0.018892788010933	c3
GRK2	2.61913435063655e-07	0.00134195530030745	11.2970044614404	14.5082372775752	1.12213244572878e-06	c3
ANKRD13D	0.000645985510377844	0.0098237293626651	8.11026131293818	9.85907749821327	0.00218463870596472	c3
AP003555.3	0.00319162785554348	0.000382654491985427	0.0159337157425112	0	0.00999074248825996	c3
AP002387.2	0.00184237839271695	0.00198018756463728	7.48884639898024	8.92997855925525	0.00598737272625399	c3
AP002892.1	0.00319162785554348	0.000248585292211986	0.0159337157425112	0	0.00999074248825996	c3
AP001972.3	0.00319162785554348	0.000288657686584019	0.0159337157425112	0	0.00999074248825996	c3
RPS3	1.19073440776078e-91	0.116756534627943	96.2715105162524	97.7386428191831	1.71394208444124e-89	c3
B3GNT6	0.00319162785554348	0.000293466504373198	0.0159337157425112	0	0.00999074248825996	c3
AP003032.2	0.00319162785554348	0.000306159495115018	0.0159337157425112	0	0.00999074248825996	c3
PCF11	6.31552098131498e-05	0.00431757338491759	9.78330146590185	12.061793325881	0.000230328341312899	c3
GRM5	0.00319162785554348	0.00026065540572626	0.0159337157425112	0	0.00999074248825996	c3
AP000943.1	0.00319162785554348	0.000292122192618185	0.0159337157425112	0	0.00999074248825996	c3
CNTN5	0.00906163554402814	0.000628547690770658	0.0318674314850223	0.00366508457182649	0.0270684639520738	c3
CWF19L2	0.000166406875766625	0.00269510381134727	5.05098789037604	6.44321867727098	0.000588521965565861	c3
AP002433.1	0.00463907849017396	0.000660876727832361	0.0478011472275335	0.00733016914365299	0.0142922482457702	c3
ARHGAP20	0.00761795837234586	0.00158269038906095	0.111536010197578	0.0366508457182649	0.0229489884031021	c3
C11orf1	0.000337742930812955	0.00096491580365575	3.4257488846399	4.48606351591563	0.00116739383835977	c3
APOA4	0.00319162785554348	0.000264378702185774	0.0159337157425112	0	0.00999074248825996	c3
BACE1	0.0107615206611906	0.00228676297193036	0.159337157425112	0.0659715222928769	0.031889015721418	c3
AP002954.1	0.00245202666602842	0.00237969205145014	0.191204588910134	0.0733016914365299	0.00787928239199589	c3
RPS25	1.49236167133889e-77	0.0967522374174981	93.2441045251753	95.8419615532628	1.34545230466032e-75	c3
H2AFX	0.00522259733832948	0.0795216684904807	25.9082217973231	27.0446590555077	0.0160105548019099	c3
CRTAM	2.16850810801822e-73	0.135633534948149	11.1536010197578	5.59658414117906	1.63065975172007e-71	c3
ROBO4	0.00319162785554348	0.000398221084943254	0.0159337157425112	0	0.00999074248825996	c3
KLF6	9.695961059124e-07	0.0274160927370755	71.1440407903123	77.4065861569756	4.01262514808614e-06	c3
AC044784.2	0.00319162785554348	0.000298409538726892	0.0159337157425112	0	0.00999074248825996	c3
CELF2-AS1	0.00336896359612902	0.00121581897448933	0.0796685787125558	0.0183254228591325	0.0105252259978551	c3
TRDMT1	0.000763185197884888	0.00265088193685704	3.29827915869981	4.27715369532152	0.00256650006684682	c3
AL512641.1	0.00319162785554348	0.000223186084039986	0.0159337157425112	0	0.00999074248825996	c3
MALRD1	0.00319162785554348	0.000248537987658152	0.0159337157425112	0	0.00999074248825996	c3
ZNF33B	0.00462914724376077	0.000331297404102281	2.23072020395156	2.88808664259928	0.0142695165681295	c3
LINC00840	0.00319162785554348	0.000282739136281036	0.0159337157425112	0	0.00999074248825996	c3
ANK3	3.28044187101941e-10	0.0327932875554617	4.04716379859783	2.6975022448643	1.66318154905894e-09	c3
AL451049.1	0.00319162785554348	0.000296494677545645	0.0159337157425112	0	0.00999074248825996	c3
AL590502.1	0.00319162785554348	0.000247409092589295	0.0159337157425112	0	0.00999074248825996	c3
UNC5B-AS1	1.61494099762432e-05	0.0029013667776548	0.191204588910134	0.0476460994337444	6.15056679290533e-05	c3
AC018511.1	0.00319162785554348	0.000314196456650154	0.0159337157425112	0	0.00999074248825996	c3
ZNF503-AS1	0.00319162785554348	0.000219018499198137	0.0159337157425112	0	0.00999074248825996	c3
RPS24	2.85269107538986e-36	0.0453087012046804	96.1281070745698	97.8925763711998	5.1548250693117e-35	c3
AL135925.1	0.00121805776206815	0.00238523728486367	3.44168260038241	4.39443640161997	0.00402713142983455	c3
CDHR1	0.000399805108413256	0.0038252533344608	0.350541746335245	0.153933552016713	0.00137496551742861	c3
AL358613.1	0.00319162785554348	0.000244071839039272	0.0159337157425112	0	0.00999074248825996	c3
CYP26C1	0.0013927452390091	0.000590358402465838	0.0478011472275335	0.00549762685773974	0.00457206024218559	c3
SFRP5	0.00319162785554348	0.000254073517715144	0.0159337157425112	0	0.00999074248825996	c3
AL356608.1	0.00319162785554348	0.000284634042396683	0.0159337157425112	0	0.00999074248825996	c3
TCF7L2	7.73686331637438e-05	0.00818197066506093	0.844486934353091	0.470963367479705	0.000280487430444886	c3
ABLIM1	0.000869040126551107	0.00550873932663637	18.3875079668579	21.693635580641	0.00290828995932292	c3
FAM160B1	0.00568727971463463	0.0146579758675879	7.36137667304015	8.74122670380619	0.0173700015544501	c3
ITFG2	0.000122846051531595	0.00321550525122401	5.2899936265137	6.7510857813044	0.000438438956716678	c3
TULP3	0.0156102589317966	0.00075856575677484	1.1472275334608	1.55033077388261	0.0454459083380725	c3
P3H3	0.00150786681928924	0.00123754519841618	0.111536010197578	0.029320676574612	0.0049371119189029	c3
AC018653.3	0.0085064014715578	0.00341374043630795	0.318674314850223	0.168593890304019	0.0254971572574051	c3
KLRG1	1.116031818758e-119	0.187002500564488	15.6150414276609	7.49143286481335	3.85870877706245e-117	c3
A2M-AS1	1.62776724026632e-14	0.014863017827711	1.11536010197578	0.408656929758654	1.05329071395045e-13	c3
PZP	1.1850627913823e-10	0.00462645199754607	0.302740599107712	0.0568088108633107	6.15242041755101e-10	c3
LINC00987	0.000789614629868709	0.00861526647468902	0.780752071383046	0.467298282907878	0.00265192223678518	c3
AC010175.1	0.00090880649547156	0.00173377798126984	0.111536010197578	0.0274881342886987	0.00303611437843662	c3
CD69	9.46998471239969e-36	0.223899009997895	62.7788400254939	63.7065000274881	1.68044628192836e-34	c3
YBX3	3.52560362562846e-09	0.0464588939066128	6.10261312938177	4.55020249592259	1.69230992409228e-08	c3
PIK3C2G	0.00133123863490169	0.000749503634811643	0.0318674314850223	0.00183254228591325	0.00438232050817952	c3
AC087318.1	0.00131912812218401	0.0014681509609326	0.0956022944550669	0.021990507430959	0.00434757458351093	c3
AC087239.1	2.02192952955545e-06	0.0421251933954952	6.13448056086679	4.86723231138559	8.18682513126048e-06	c3
SLC2A13	0.0145830148519603	0.000570829441661549	1.52963671128107	1.99563854935953	0.0425921059048198	c3
AC117498.2	0.00319162785554348	0.000325478166332584	0.0159337157425112	0	0.00999074248825996	c3
WNT10B	0.00168275169467173	0.00436780474735196	0.41427660930529	0.212574905165937	0.00548882769265713	c3
KMT2D	0.00583237823697035	0.00232926539223416	4.15869980879541	5.048653997691	0.0177920958078508	c3
POU6F1	0.00351540170205445	0.00588991922991408	0.637348629700446	0.388498964613608	0.0109531347346249	c3
SMAGP	0.000170530734722347	0.0183868643708404	2.23072020395156	1.60713958474592	0.000602471271580962	c3
NR4A1	0.000366728973603795	0.0969178726440187	19.9649458253665	19.4047902655354	0.00126419532497935	c3
AC012531.1	0.00319162785554348	0.000268576262153867	0.0159337157425112	0	0.00999074248825996	c3
ITGA5	4.66073235037865e-07	0.0315166214254264	4.30210325047801	3.15930290091444	1.9651953930978e-06	c3
RPL41	1.63833227756872e-50	0.0843905903290314	93.7858508604207	96.0123879858528	5.37110341398826e-49	c3
NXPH4	4.16612045241045e-31	0.0334897333794272	2.23072020395156	0.766002675511737	5.99928500356125e-30	c3
SLC16A7	0.00368765331977068	0.00887849080213379	6.72402804333971	8.03386538144368	0.0114749041601845	c3
MSRB3	0.0128513304874124	0.00112152876764437	0.0956022944550669	0.0311532188605252	0.0377315873139139	c3
IFNG-AS1	2.56959751615168e-68	0.0462586554635275	2.97960484384959	0.723854202935733	1.64150783803229e-66	c3
IFNG	0.00325078866734912	0.00490571861837263	25.2868068833652	28.8368854111309	0.0101683408249911	c3
AC073525.1	0.00906593029572372	0.000377246635605344	0.0318674314850223	0.00366508457182649	0.0270702608847918	c3
AC126178.1	0.00319162785554348	0.000171092541488278	0.0159337157425112	0	0.00999074248825996	c3
BTG1	2.47619130003712e-29	0.0912566878911516	88.2887189292543	91.0736865253166	3.29680443908873e-28	c3
CDK17	2.46417655273576e-05	0.00201131843453656	16.8897386870618	20.6197658010959	9.25667038817787e-05	c3
TMEM116	0.012391351125165	0.00178364411766819	2.80433397068196	3.45250966666056	0.0364640812525913	c3
BICDL1	0.00932602494880572	0.00860377366301077	5.1465901848311	6.13718411552347	0.0277973893292789	c3
HIP1R	0.00671531190545994	0.0028317810506308	2.53346080305927	3.20694900034818	0.0203375592094379	c3
C12orf65	1.86772940186033e-05	0.00486095320947112	5.81580624601657	7.57023218310762	7.07875564239935e-05	c3
AC137590.2	0.00319162785554348	0.00042209216194052	0.0159337157425112	0	0.00999074248825996	c3
XPO4	5.79647548224518e-06	0.00199715114546045	6.86743148502231	8.88783008667925	2.27583932010699e-05	c3
CDK8	0.00151649227522653	0.000636368822238498	2.5653282345443	3.36638017922264	0.00496341543149677	c3
MTUS2-AS1	0.0114606717380048	0.000656726647650622	0.0478011472275335	0.00916271142956624	0.0338471300413179	c3
LINC00384	0.000256915738897008	0.00326401682076727	0.254939451880178	0.0934596565815756	0.00089567983899458	c3
RGCC	2.68364688119484e-17	0.185937648668317	48.9483747609943	50.1438545694442	2.00722901653685e-16	c3
VWA8-AS1	0.00139168067008122	0.000810479531268659	0.0478011472275335	0.00549762685773974	0.00457052353243085	c3
TNFSF11	3.49151702447614e-05	0.00862161642903869	0.732950924155513	0.379336253184042	0.000129691547200001	c3
AL589745.1	0.00319162785554348	0.000424843330100117	0.0159337157425112	0	0.00999074248825996	c3
INTS6	4.47763711316314e-05	0.00526222625453893	7.53664754620778	9.48523887188697	0.000165186440986982	c3
PCDH9	0.000365528113949702	0.00444414692275768	0.366475462077757	0.163096263446279	0.00126018522673161	c3
DACH1	0.00450247196667399	0.000825938476703904	0.0637348629700446	0.0128277960013927	0.0138969174322025	c3
LINC00402	3.65710167418232e-07	0.0200572111683889	2.21478648820905	1.40739247558137	1.55275194263485e-06	c3
DOCK9	0.00963428622914853	0.00229319062404817	2.62906309751434	3.28208323407063	0.0286754252354618	c3
TMTC4	0.00526240679510846	0.000216212890223035	1.1472275334608	1.62179992303322	0.0161237528863829	c3
ING1	0.00624654648883876	0.00467214569728624	3.52135117909496	4.33579504847074	0.0189881878131673	c3
PNP	0.000994902709522198	0.0117071777197517	12.6354365838113	15.0213491176309	0.00331351013624186	c3
TRAV9-1	1.84475066097626e-09	0.00446279811855628	0.191204588910134	0.0256555920027855	8.97566337847405e-09	c3
AC244502.3	0.00319162785554348	0.000245096028132166	0.0159337157425112	0	0.00999074248825996	c3
TRDV2	5.71720746513533e-59	0.0614863530406503	4.01529636711281	1.31576536128571	2.60875787708447e-57	c3
TRAJ44	0.00133123863490169	0.000735740421302378	0.0318674314850223	0.00183254228591325	0.00438232050817952	c3
TRAJ26	0.00319162785554348	0.00025907592741071	0.0159337157425112	0	0.00999074248825996	c3
TRAJ7	0.00319162785554348	0.000339976879546814	0.0159337157425112	0	0.00999074248825996	c3
DHRS1	0.0143244444000834	0.00477159285808622	3.20267686424474	3.89415235756565	0.041891630300837	c3
RALGAPA1	3.71457517072681e-07	0.0883941313983255	18.546845124283	17.3926588356026	1.57635609358264e-06	c3
RPS29	2.88125801190038e-64	0.0963429756750567	85.5321861057999	89.7799116714618	1.61321587985167e-62	c3
MAP4K5	0.000157815475571823	0.00402804064336329	7.29764181007011	9.05092635012553	0.000559198670864004	c3
NIN	3.71083592971156e-05	0.00933761910908826	11.6316124920331	14.4147776209936	0.000137548646563513	c3
PTGDR	0.000620613687613317	0.0230558001302183	4.15869980879541	3.37187780608038	0.00210243857122984	c3
HSPA2	1.33177619407199e-05	0.0297916692289344	3.80815806246017	2.87342630431197	5.09701129713412e-05	c3
DCAF5	2.39463181192379e-05	0.00312215633487137	7.24984066284257	9.21768769814363	9.00248421794644e-05	c3
SRSF5	3.83522033516538e-05	0.00106609942131586	58.1421287444232	66.1492788946105	0.000142033590548561	c3
AC004817.2	0.00319162785554348	0.00042248185391942	0.0159337157425112	0	0.00999074248825996	c3
COQ6	0.000529441954176945	0.000357357723252287	2.51752708731676	3.38837068665359	0.0018056156456362	c3
ENTPD5	0.00946928051214736	0.000303859670574634	0.892288081580625	1.28277960013927	0.0282118441695299	c3
FOS	1.8464422804765e-102	0.524663218083561	67.2243467176546	63.1622349685719	3.84633423618763e-100	c3
FOXN3-AS2	3.0447052697154e-05	0.000581975787611953	0.0318674314850223	0	0.000113610731348148	c3
LINC00642	0.00906449850994106	0.000526248354356339	0.0318674314850223	0.00366508457182649	0.0270684639520738	c3
CATSPERB	0.00654372120146897	0.00241148242788413	0.175270873167623	0.0714691491506167	0.019835802752609	c3
TC2N	2.70747266790646e-99	0.231375761117859	21.9247928616953	13.3225824185893	5.10130440091275e-97	c3
SNHG10	0.00332491847975677	0.000809177913022784	1.7208413001912	2.32549616082391	0.0103924618801568	c3
MEG3	0.00463789363088042	0.000938611480609761	0.0478011472275335	0.00733016914365299	0.0142912235016968	c3
PPP2R5C	1.72724199594353e-08	0.107295026650076	35.9305289993627	37.3398816177683	7.95608323855984e-08	c3
PPP1R13B	0.000436816983752061	0.0116714219985822	1.38623326959847	0.93093148124393	0.00149718630567978	c3
RYR3	0.00319162785554348	0.000293395360087983	0.0159337157425112	0	0.00999074248825996	c3
AC010809.1	0.00906163554402814	0.000616969401202288	0.0318674314850223	0.00366508457182649	0.0270684639520738	c3
GCHFR	2.2056124504055e-05	0.001207673908939	11.9662205226259	14.7171470981693	8.30957429360815e-05	c3
PLA2G4E	0.00319162785554348	0.000308886987850077	0.0159337157425112	0	0.00999074248825996	c3
LYSMD2	1.36725394296059e-06	0.000900294751559866	10.5003186743148	13.3519030951639	5.60094817869942e-06	c3
PLEKHO2	0.00999031560197846	0.000481946583826963	1.59337157425112	2.09826091737067	0.0297061091106617	c3
RPLP1	4.20676907169609e-08	0.018532672720144	99.6175908221797	99.6866352691088	1.89022804296012e-07	c3
NR2E3	0.00319162785554348	0.000263503824980909	0.0159337157425112	0	0.00999074248825996	c3
MYO9A	0.0109725282866512	0.00623819220982087	3.45761631612492	4.21118217302864	0.0324827128323512	c3
ARIH1	6.85331255746745e-05	0.00492712800857101	11.6953473550032	14.301159999267	0.00024931814356475	c3
GOLGA6B	0.00319162785554348	0.000261240423586307	0.0159337157425112	0	0.00999074248825996	c3
TBC1D2B	0.000221737381388042	0.00520779503775644	5.49713193116635	6.94716780589712	0.000777483355670899	c3
AC023034.1	0.00319162785554348	0.000202621198718693	0.0159337157425112	0	0.00999074248825996	c3
IDH2-DT	0.00906449850994106	0.000469480438433102	0.0318674314850223	0.00366508457182649	0.0270684639520738	c3
AC104035.1	0.00588787257517792	0.00105868778534122	0.0796685787125558	0.0201579651450457	0.0179515882205743	c3
SYNM	1.080787387229e-19	0.0146387595541753	1.06755895474825	0.313364730891165	9.10053913956474e-19	c3
HBM	0.00319162785554348	0.000335087804039332	0.0159337157425112	0	0.00999074248825996	c3
LUC7L	1.90776008621308e-05	0.00507494151789983	9.16188655194391	11.4900401326761	7.22394239261763e-05	c3
MAPK8IP3	0.000163373778549801	0.000276250375807183	4.2861695347355	5.54344041488757	0.000578099787402747	c3
SNHG9	0.000268427379279149	0.00241619166558671	14.3881453154876	17.1361029155748	0.000934258763622262	c3
AC005606.1	0.00319162785554348	0.000365361912181897	0.0159337157425112	0	0.00999074248825996	c3
TSC2	0.000144569475937944	0.000102821365743869	3.8559592096877	5.048653997691	0.000513511023512683	c3
AC009065.6	0.00319162785554348	0.000265482321478433	0.0159337157425112	0	0.00999074248825996	c3
PRSS22	0.00221152293491179	0.00252798766561249	0.239005736137667	0.100789825725229	0.00713379399741	c3
CORO7	0.00463396886822093	0.00313301577795554	3.44168260038241	4.27348861074969	0.0142817540803523	c3
VASN	0.000773171409892296	0.00580391633048039	0.573613766730402	0.313364730891165	0.00259904006665008	c3
NPIPA3	0.00906163554402814	0.000593266944345534	0.0318674314850223	0.00366508457182649	0.0270684639520738	c3
NPIPA1	0.00910903739325093	7.4523514836243e-05	1.67304015296367	2.19538565852407	0.0271917130480507	c3
RPS15A	8.62167855694791e-218	0.204238017201953	98.9005736137667	99.0782312301856	1.80721159651824e-214	c3
AC002550.1	0.0114619192754826	0.000699807016201416	0.0478011472275335	0.00916271142956624	0.0338478338171293	c3
AC135050.3	0.000707278639565161	0.00138153546585698	0.0956022944550669	0.0201579651450457	0.00238566941705083	c3
TENT4B	0.000295427284907248	0.00252747147977876	5.78393881453155	7.22754677564185	0.00102493434170056	c3
CHD9	4.89379630927567e-05	0.00517129829807378	8.39706819630338	10.4839744177097	0.000179905886901773	c3
GNAO1	3.98997303288676e-06	0.0164869744063593	1.83237731038878	1.16366435155491	1.5826814379297e-05	c3
BBS2	8.4351950581595e-06	0.0189718560308928	2.24665391969407	1.51917755502208	3.27164995791088e-05	c3
TEPP	0.000546373535472265	0.00569360939909142	0.573613766730402	0.307867104033426	0.00186014370446339	c3
AC026464.4	0.00319162785554348	0.000344448377604787	0.0159337157425112	0	0.00999074248825996	c3
AC020763.1	0.00319162785554348	0.00039708206143429	0.0159337157425112	0	0.00999074248825996	c3
ATXN1L	0.00641565103281587	0.000814400146114579	2.10325047801147	2.71766021000935	0.0194651804178197	c3
DUXB	0.00319162785554348	0.000243372179959688	0.0159337157425112	0	0.00999074248825996	c3
AC092142.2	0.00319162785554348	0.000207364612483562	0.0159337157425112	0	0.00999074248825996	c3
ZDHHC7	0.0021019528830056	0.00504552174401146	5.09878903760357	6.23614139896278	0.00679472730508354	c3
KLHDC4	0.0154564353328007	0.0127526793287277	5.83173996175908	6.85737323388737	0.0450058975682818	c3
LINC02182	3.0447052697154e-05	0.000850224162276066	0.0318674314850223	0	0.000113610731348148	c3
RNF166	0.00157073218200811	0.0089737138689408	18.0847673677502	21.3894335611794	0.0051344999013227	c3
RPL13	1.78801411438433e-77	0.130703837782381	98.0879541108987	98.5339661712694	1.59485152575058e-75	c3
CPNE7	8.03663330166984e-06	0.0497188138361634	6.19821542383684	5.05964925140648	3.12175825424372e-05	c3
SPNS3	0.000866708746881335	0.0021290988262901	5.06692160611855	6.29295020982609	0.00290154501426494	c3
SLC52A1	0.0112687511821834	0.00223703790107115	0.191204588910134	0.0861294874379226	0.0332861878763492	c3
AC012146.3	0.00319162785554348	0.000289823941141973	0.0159337157425112	0	0.00999074248825996	c3
NLRP1	7.46676586779545e-05	0.000561272123103945	7.37731038878266	9.19752973299859	0.000270988414321095	c3
EIF4A1	0.000484261158086319	0.0103780894182974	17.9891650732951	21.5983433817735	0.00165540217306074	c3
VAMP2	0.000114125508552258	0.00181519318232742	20.9847036328872	25.4228591324745	0.000408401761184979	c3
TMEM107	0.00883818816194106	0.0191470148401064	8.84321223709369	10.3538639154098	0.0264514683718704	c3
RPL26	6.91250748312529e-18	0.0112936824683851	94.7896749521989	97.0147886162473	5.33928318675855e-17	c3
AC005695.3	4.62544460939743e-05	0.00126208288092734	0.0637348629700446	0.00549762685773974	0.000170451775969642	c3
CENPV	0.0148684682777517	0.00204600436041049	1.76864244741874	2.2686873499606	0.0433653960430678	c3
RASD1	2.82673971114487e-06	0.0287661310751186	3.48948374760994	2.52524326998846	1.1329253875762e-05	c3
AC007952.4	7.91159193983039e-06	0.0233808025454387	2.46972594008923	1.70059924132749	3.07562310448223e-05	c3
AC007952.8	0.00319162785554348	0.000298409538726892	0.0159337157425112	0	0.00999074248825996	c3
RPL23A	8.9590886294392e-80	0.117049919927386	88.9579349904398	91.9184885191226	8.94255697780154e-78	c3
NUFIP2	0.00017236628729493	0.00713972476689859	10.5162523900574	12.8131356631054	0.000608827861326736	c3
AC004223.3	0.00319162785554348	0.000377098568035591	0.0159337157425112	0	0.00999074248825996	c3
AC022706.1	0.000280981282826994	0.000585909336251605	5.40152963671128	6.78040645787901	0.000976432521339935	c3
CCL5	7.79067679684688e-276	0.97177341437851	91.395793499044	64.2672579669776	4.35472864021084e-272	c3
CCL4	7.4764537020428e-96	0.542381219864512	61.408540471638	49.6270776448167	1.25372652129556e-93	c3
AC243829.1	1.68454748082317e-26	0.0472499148931326	4.12683237731039	2.05427990250875	1.97608791227169e-25	c3
CCL3L1	0.00189690945135848	0.0567508919243555	12.874442319949	11.8400557092855	0.00615802431319917	c3
CCL4L2	1.86969571533663e-41	0.30226813111231	29.1746335245379	22.85546738991	4.18597162222696e-40	c3
DUSP14	0.0137933122856966	0.00065616727002029	1.67304015296367	2.16423243966355	0.0403982278785865	c3
PLXDC1	9.3858570903152e-40	0.0493830639434313	3.72848948374761	1.47336399787425	1.97108876077014e-38	c3
RPL19	1.06078050157723e-14	0.00712306543523455	96.0484384958572	97.9475526397772	6.93227912351854e-14	c3
GSDMB	0.00840646288113134	0.000591380441504474	1.65710643722116	2.18439040480859	0.025208865531776	c3
KRTAP4-8	0.00319162785554348	0.000573290152195957	0.0159337157425112	0	0.00999074248825996	c3
KRTAP29-1	0.00319162785554348	0.000232262499519415	0.0159337157425112	0	0.00999074248825996	c3
KRT34	0.00319162785554348	0.000416375042159987	0.0159337157425112	0	0.00999074248825996	c3
EIF1	6.03268894953377e-64	0.109150107789162	94.7737412364563	97.1522292876908	3.32223845631303e-62	c3
RETREG3	0.000241160008428686	0.000890748615739109	5.24219247928617	6.60998002528908	0.000843117310818438	c3
ARL4D	5.85184761285484e-11	0.0321930759378884	3.47355003186743	2.18988803166633	3.10635114339863e-10	c3
HEXIM1	2.50853045450543e-08	0.0835994937080373	15.0095602294455	13.3024244534443	1.14339622700738e-07	c3
RPRML	0.00319162785554348	0.000276745644006886	0.0159337157425112	0	0.00999074248825996	c3
SCRN2	6.2442351334288e-05	0.0057005459710659	5.68833652007648	7.29718338250655	0.000227877212083716	c3
TOB1	0.00918357205099822	0.0126772780768272	21.7017208413002	25.1498103318734	0.0274020141856208	c3
TSPOAP1	0.00915715841099063	0.00407378117447341	3.91969407265774	4.74261943594348	0.0273280636045385	c3
AC004687.1	0.00366714946866365	0.00911120911262364	10.3091140854047	12.0764536641683	0.0114121609798684	c3
APPBP2	0.000350054063245733	0.00365910355848523	4.62077756532823	5.87146548406604	0.00120832782761789	c3
INTS2	0.000100308584922087	0.000253406928431822	1.80050987890376	2.65352123000238	0.000360611997118335	c3
PECAM1	1.88042073347001e-06	0.0419729219923531	5.65646908859146	4.45307775476919	7.63228253166127e-06	c3
DDX5	5.33406398232441e-27	0.0598373987772955	73.2472912683238	78.6252267771079	6.38678464259893e-26	c3
SMURF2	0.0075863296865641	0.00526629385024605	4.22243467176546	5.10546280855431	0.0228578137658779	c3
AC005332.3	0.000521413928507237	0.00370087533914119	0.286806883365201	0.117282706298448	0.00177986568287794	c3
AC100786.2	0.00319162785554348	0.000297153962642583	0.0159337157425112	0	0.00999074248825996	c3
TSEN54	0.000434566364681693	0.00710730570753815	16.5232632249841	19.7199875387125	0.00148977683110443	c3
H3F3B	5.71469894035454e-54	0.0939059861083118	94.1682600382409	97.1632245414063	2.15347834900686e-52	c3
SRSF2	7.23431998637209e-10	0.0578212487863563	53.585086042065	59.1233117704191	3.6024443014543e-09	c3
C1QTNF1	0.011463166933491	0.000547595459885168	0.0478011472275335	0.00916271142956624	0.0338485378249183	c3
LINC02078	0.00319162785554348	0.000288521256767521	0.0159337157425112	0	0.00999074248825996	c3
EIF4A3	0.000859354929738908	0.0150331882769473	19.5666029318037	23.4217229562572	0.00287865018313858	c3
AC110285.2	0.00133123863490169	0.000743146479691166	0.0318674314850223	0.00183254228591325	0.00438232050817952	c3
AC139530.1	0.00790834607413503	4.70252257808793e-05	2.13511790949649	2.73415309058257	0.0237853206559358	c3
AC124283.2	0.00319162785554348	0.000263831076002554	0.0159337157425112	0	0.00999074248825996	c3
AP001178.3	0.00319162785554348	0.000292615647757333	0.0159337157425112	0	0.00999074248825996	c3
PIK3C3	0.00111874681382608	0.0036826470405807	4.63671128107075	5.77617328519856	0.00371402776992266	c3
AC090241.3	0.00906163554402814	0.000575179165162615	0.0318674314850223	0.00366508457182649	0.0270684639520738	c3
AC007673.1	0.00319162785554348	0.000187122372887221	0.0159337157425112	0	0.00999074248825996	c3
ZNF532	0.000466463418733306	0.00889605240415809	0.732950924155513	0.421484725760047	0.00159586352519409	c3
AC009802.1	0.015295914788403	0.000838901919454319	0.0637348629700446	0.0164928805732192	0.0445771976167415	c3
FAM69C	0.0114681587710268	0.000513369756302824	0.0478011472275335	0.00916271142956624	0.0338588373609241	c3
PLCB1	0.000573435483869525	0.0105159102380934	1.41810070108349	0.963917242390368	0.00194832127018702	c3
CST7	1.41649420720037e-131	0.392812620941421	68.9611217335883	61.1152852352068	5.79346130744952e-129	c3
DEFB118	0.00319162785554348	0.000220792648335244	0.0159337157425112	0	0.00999074248825996	c3
ID1	1.1984496548676e-30	0.064830191135559	5.68833652007648	3.01269951804138	1.68668084452159e-29	c3
CBFA2T2	0.00222036548634174	0.00237402810740549	3.90376035691523	4.8690648536715	0.00716094025203667	c3
LPIN3	0.00463967102259964	0.000697554839641295	0.0478011472275335	0.00733016914365299	0.0142927607932348	c3
WISP2	0.00319162785554348	0.000270591684387704	0.0159337157425112	0	0.00999074248825996	c3
SPATA25	0.00319162785554348	0.000410706816944949	0.0159337157425112	0	0.00999074248825996	c3
SNAI1	7.55395434466205e-10	0.0241662842361617	2.48565965583174	1.47702908244608	3.75714846227608e-09	c3
AL161937.1	0.00319162785554348	0.000208771175736428	0.0159337157425112	0	0.00999074248825996	c3
NFATC2	1.66827783349347e-05	0.0947529752313839	22.131931166348	22.0253257343913	6.34577543151912e-05	c3
ATP9A	0.000552161526464097	0.00722998841089109	0.717017208413002	0.412322014330481	0.00187868411759816	c3
RPS21	4.59031162018395e-56	0.0742870997825795	92.8457616316125	95.5927358023786	1.88664057742315e-54	c3
AL096828.3	0.00319162785554348	0.000278105408185189	0.0159337157425112	0	0.00999074248825996	c3
AL121845.4	0.0152921257630027	0.00095936917625197	0.0637348629700446	0.0164928805732192	0.0445700281428334	c3
GZMM	2.06876874442822e-51	0.220150218252316	38.6870618228171	33.6747970459418	7.04389504067347e-50	c3
MIDN	0.00759645957372658	0.0635408486806772	17.0331421287444	16.8685517418314	0.0228862793014411	c3
RPS15	6.91449231032148e-25	0.02187021069544	96.9247928616954	98.4020231266836	7.54140627979063e-24	c3
MKNK2	6.82795527941929e-05	0.00549406743550593	9.83110261312938	12.1094394253147	0.00024853045817361	c3
GADD45B	1.63761520879893e-24	0.217643008513805	36.4563416188655	34.4609576865986	1.75302709456427e-23	c3
CACTIN-AS1	0.00319162785554348	0.000251804588506562	0.0159337157425112	0	0.00999074248825996	c3
MATK	7.26064956184135e-12	0.0752153932225936	15.2804333970682	12.6995180413788	4.03559272464427e-11	c3
ATCAY	0.00319162785554348	0.000313267003683283	0.0159337157425112	0	0.00999074248825996	c3
TUBB4A	6.61009993592014e-10	0.0128640924908623	1.09942638623327	0.49112133262475	3.29944235229781e-09	c3
TNFSF9	2.0107946651147e-104	0.247573833462213	20.3792224346718	11.8125675749968	4.43671259727741e-102	c3
AC010336.6	0.00319162785554348	0.000261882275282393	0.0159337157425112	0	0.00999074248825996	c3
RPS28	3.65712012344348e-59	0.0751111994071318	97.2594008922881	98.5394637981271	1.69175854758686e-57	c3
MYO1F	0.00737494983745455	0.0144801090817651	13.0815806246017	15.2174311422236	0.0222569124132593	c3
ZNF426	0.00439226204327971	0.00305430053104001	2.31038878266412	2.99070901061042	0.013567991563739	c3
AC008752.1	0.00133181657720486	0.000448817414866343	0.0318674314850223	0.00183254228591325	0.00438250239072769	c3
JUNB	3.85325892046626e-52	0.255247129517026	74.9203314212874	77.2856383661053	1.34335340618085e-50	c3
IER2	1.61002691494329e-82	0.366721279040125	55.4652644996813	51.9873921090729	1.78798286997907e-80	c3
RFX1	0.00788420418213206	0.00137376652933928	2.37412364563416	3.01086697575547	0.0237212200466803	c3
DNAJB1	5.93549787474554e-54	0.299150030741708	67.6704907584449	65.9715222928769	2.23417202831892e-52	c3
RASAL3	0.000164410085707397	0.00375658733573148	22.7055449330784	27.6640583481464	0.000581644035280028	c3
AC020911.2	7.15052976678957e-08	0.0178824711073994	1.83237731038878	1.07386977954516	3.16086025199141e-07	c3
KLF2	6.37370286245258e-30	0.185631198909223	27.4219247928617	22.7839982407594	8.65079913399168e-29	c3
RPL18A	1.07583513720566e-14	0.0177877192936124	96.3193116634799	97.8229397643351	7.02929258359703e-14	c3
KCNN1	0.00906163554402814	0.000623830476303796	0.0318674314850223	0.00366508457182649	0.0270684639520738	c3
AC008397.2	0.00133123863490169	0.000626948653838289	0.0318674314850223	0.00183254228591325	0.00438232050817952	c3
IQCN	5.47235202226105e-05	0.0101016923168074	1.16316124920331	0.701863695504774	0.000200362163889292	c3
COMP	0.00319162785554348	0.000272349071477526	0.0159337157425112	0	0.00999074248825996	c3
ZNF66	0.00804060874717887	0.00258820068597224	2.32632249840663	2.95772324946398	0.0241614493470912	c3
ZNF708	0.000817953784754673	0.00231279332020662	3.74442319949012	4.78110282394766	0.00274407662629811	c3
AC092364.1	0.00319162785554348	0.00030134192601767	0.0159337157425112	0	0.00999074248825996	c3
AC079466.2	0.00319162785554348	0.000175518523563062	0.0159337157425112	0	0.00999074248825996	c3
SCN1B	0.012017514934966	0.00403116650052013	0.41427660930529	0.243728124026462	0.0353919402782656	c3
HCST	5.05241839960317e-22	0.1066497573316	68.8973868706182	70.2908244607744	4.80022686362298e-21	c3
AF038458.2	2.10362286152616e-05	0.000961515850938231	0.0478011472275335	0.00183254228591325	7.9396020177655e-05	c3
ZNF260	0.00924419653312767	0.0015497557040114	2.11918419375398	2.70666495629387	0.0275681898744474	c3
HKR1	0.00358049255771495	0.000227616827068851	2.11918419375398	2.78179919001631	0.0111538695337771	c3
ZNF569	0.0170805108971281	0.00133700921652703	1.78457616316125	2.27601751910425	0.0495027803722677	c3
AC022148.2	0.00319162785554348	0.000241987038389942	0.0159337157425112	0	0.00999074248825996	c3
IFNL1	0.00140334392246983	0.00811259471511979	0.956022944550669	0.615734208066851	0.00460522000702477	c3
ZFP36	4.74531075083072e-64	0.260765308894569	80.2262587635437	82.066741190053	2.63054928861753e-62	c3
LEUTX	0.00319162785554348	0.000341449813601059	0.0159337157425112	0	0.00999074248825996	c3
ZNF780B	0.0169322049935239	0.00134026455719526	1.41810070108349	1.85819787791603	0.0490984170043927	c3
SERTAD1	2.82355686392138e-48	0.24791810599062	37.0299553855959	32.48730964467	8.35802737000839e-47	c3
SERTAD3	7.62033067670603e-06	0.0501743668184083	9.27342256214149	7.91841521743114	2.96623317357668e-05	c3
AC006486.1	0.00319162785554348	0.000228197219133019	0.0159337157425112	0	0.00999074248825996	c3
ERF	0.00784715275866248	0.00136263416654853	2.48565965583174	3.13731239348348	0.0236203382893576	c3
ZNF224	0.00109777671883299	0.00153022018419628	3.53728489483748	4.51721673477615	0.00364599282988917	c3
FOSB	3.37507440711331e-156	0.518743641456307	51.6571064372212	41.2780149901959	2.31006623399523e-153	c3
PNMA8A	0.00319162785554348	0.000360972331146038	0.0159337157425112	0	0.00999074248825996	c3
AC008635.1	0.00319162785554348	0.000376125596005525	0.0159337157425112	0	0.00999074248825996	c3
RPL13A	4.73432598250247e-12	0.0333613025217661	59.974506054812	66.2335758397625	2.65962855613347e-11	c3
SHANK1	0.00133123863490169	0.000410996921535086	0.0318674314850223	0.00183254228591325	0.00438232050817952	c3
NKG7	3.4421118091727e-49	0.449794308241052	76.5137029955386	58.1722223240301	1.05812599318088e-47	c3
ZNF841	0.00545845749570696	0.00319255987738933	2.54939451880178	3.24726493063827	0.016706127714092	c3
AC008440.1	0.00263524565191648	0.00318999005976831	0.302740599107712	0.142938298301233	0.00844376312926101	c3
MYADM	1.1075108288432e-31	0.187642313340746	32.2976418100701	28.3109457750738	1.65009765338708e-30	c3
KMT5C	0.00132827786474859	0.00140172489961987	3.87189292543021	4.87822756510106	0.00437644002632265	c3
RPL28	2.47076419345122e-241	0.200925202694537	99.5060548119822	99.6115010353864	8.28644895199669e-238	c3
UBE2S	0.00359437834206069	0.0716354642899998	17.6226896112173	17.4842859498983	0.0111950465115185	c3
AC006116.9	0.00319162785554348	0.000246942321669165	0.0159337157425112	0	0.00999074248825996	c3
SMIM17	0.00906163554402814	0.000720153818905054	0.0318674314850223	0.00366508457182649	0.0270684639520738	c3
ZNF586	0.00476990102131928	0.00113861252889707	2.29445506692161	2.96138833403581	0.014673724128876	c3
USP9Y	0.015101375672126	0.0059828047296782	4.03123008285532	4.81592112738001	0.0440255508772393	c3
KDM5D	6.29273903033596e-05	0.00113510591181917	4.38177182919057	5.73768989719438	0.000229522437846011	c3
LZTR1	0.011370210507899	0.00301062821691315	2.37412364563416	2.98154629918085	0.0335829255846689	c3
AC245060.2	0.00906306692605064	0.000469195278132103	0.0318674314850223	0.00366508457182649	0.0270684639520738	c3
AP000350.7	0.00319162785554348	0.000246802699643514	0.0159337157425112	0	0.00999074248825996	c3
TBC1D10A	8.85626527660205e-05	0.000440716405485223	5.70427023581899	7.25136982535872	0.000319515302115619	c3
AC004832.6	0.000155742097015023	0.0114373990531687	1.37029955385596	0.888783008667925	0.000552130026480215	c3
SELENOM	0.0167305926632917	0.0452971291741053	12.9381771829191	12.4612875442101	0.0485473798876517	c3
SFI1	0.00257474348957171	0.0137508732485053	7.53664754620778	9.0472612655537	0.00825542515805507	c3
AL008723.3	0.00319162785554348	0.000334252379950812	0.0159337157425112	0	0.00999074248825996	c3
BPIFC	0.00319162785554348	0.000272763185998964	0.0159337157425112	0	0.00999074248825996	c3
AL031587.3	0.000259323529853123	0.0010712685563556	0.0478011472275335	0.00366508457182649	0.000903510548952216	c3
PDGFB	0.000129201218594765	0.00490827541074285	0.478011472275335	0.223570158881416	0.000460385727712624	c3
RPL3	1.71378704619502e-16	0.00236523579018888	86.472275334608	90.9893895801646	1.22265454063579e-15	c3
XPNPEP3	0.00151236523085584	0.00121334939756539	2.27852135117909	3.03285748318642	0.00495039089522187	c3
TOB2	0.00242095094539827	0.00735735511882862	8.1421287444232	9.67399072733603	0.00778315306813335	c3
Z93241.1	8.57816489950849e-14	0.0674636176155161	7.69598470363289	5.55626821088897	5.34053266010239e-13	c3
BIK	0.0069789273279814	0.000700019131553993	2.67686424474187	3.36271509465081	0.0211019100471332	c3
SCUBE1	0.015614775518464	0.000117033056557997	0.796685787125558	1.13984130183804	0.0454551116516139	c3
AL118516.1	0.010651009001033	0.0399787136392329	9.76736775015934	9.08574465355788	0.0315754919010557	c3
AF165147.1	2.26315257815827e-06	0.0241151460641669	2.88400254939452	2.00846634536092	9.13816652615846e-06	c3
LINC00159	0.00319162785554348	0.000376402856548067	0.0159337157425112	0	0.00999074248825996	c3
B3GALT5	0.00139231932135674	0.000785415068335587	0.0478011472275335	0.00549762685773974	0.00457172561187217	c3
PRDM15	0.0115651626036442	0.000945894272300594	0.812619502868069	1.1764921475563	0.034122672948097	c3
LINC00313	0.00319162785554348	0.000247737087411248	0.0159337157425112	0	0.00999074248825996	c3
TSPEAR-AS1	0.00319162785554348	0.000299753838357466	0.0159337157425112	0	0.00999074248825996	c3
POFUT2	0.00288450128651886	0.000981556699936145	3.26641172721479	4.1085598050175	0.00919771638500738	c3
DIP2A	3.74970167295406e-05	0.00388400744369929	10.7711918419375	13.287764115157	0.000138958557687882	c3
MT-ND2	3.79386289602032e-33	0.0998651045302581	71.3671128107075	76.5507889094541	6.01316511373957e-32	c3
MT-CO1	1.55915841290298e-30	0.0742649035296945	96.7017208413002	97.9823709432095	2.18152085323071e-29	c3
MT-CO2	1.925947108693e-19	0.058754931039922	98.4225621414914	98.7410434495776	1.59921797799817e-18	c3
MT-ATP8	2.08291137515997e-11	0.015174304766163	81.9630337794774	86.9577965511554	1.13000132158064e-10	c3
MT-ATP6	1.16911975614562e-23	0.0596567482532557	94.7100063734863	96.4448679653283	1.20054924622204e-22	c3
MT-CO3	9.81640865644146e-24	0.045089784251199	89.3881453154876	92.6899888214921	1.0129929646761e-22	c3
MT-ND3	4.73535470312642e-37	0.0717590201640661	89.8342893562779	93.4889772581502	8.90214832026086e-36	c3
MT-ND4L	2.37292634111163e-49	0.0909387390495313	93.7699171446781	95.6128937675237	7.38934109825457e-48	c3
MT-ND4	7.81262645960849e-13	0.00896494421580307	74.4741873804971	81.3703751214059	4.59200606733876e-12	c3
MT-CYB	1.63460808749012e-30	0.0644737142268443	87.4601657106437	91.2789312613389	2.28518074356997e-29	c3
