gene	p_val	avg_log2FC	pct.1	pct.2	p_val_adj	cluster
LINC01786	0.00547441636814838	0.000672873229369903	0.0512689054088695	0.00617004648101682	0.0242441537244105	c7
SKI	4.19633615340449e-07	0.0457759885297505	9.92053319661625	7.75369174447781	3.8119372132416e-06	c7
AL512413.1	0.000414988095270809	0.000506031622948103	0.0256344527044348	0	0.00228536465339776	c7
MEGF6	0.00356833216445011	0.0100041771149926	1.28172263522174	0.83501295709761	0.016434320809026	c7
RPL22	9.26215451768725e-38	0.157799120353391	87.2596770058959	86.4279544239233	9.79918417079479e-36	c7
TNFRSF25	2.40647501178903e-05	0.0680161299625868	18.1748269674442	16.2292789272346	0.00016857568273671	c7
PLEKHG5	0.00097420785298074	0.00348851124826892	0.384516790566521	0.15630784418576	0.00500428595087579	c7
CA6	0.000619140735535231	0.00131328516393294	0.102537810817739	0.0164534572827115	0.00329964172344458	c7
DHRS3	1.03030551671832e-21	0.0442937943053965	4.66547039220713	2.23355682612809	3.93557931887232e-20	c7
AL031428.1	5.95139623738029e-07	0.00102849651721118	0.0512689054088695	0	5.30558799892983e-06	c7
RPL11	6.27387109257797e-125	0.223807074035378	98.2568572160984	98.2394800707499	7.51475316796e-122	c7
RSRP1	2.776504273648e-05	0.0797621483159506	35.37554473212	33.9167455061495	0.000192115536062733	c7
LDLRAP1	0.00800348686971756	0.017221286724762	6.35734427069982	5.36794043848464	0.0341909884015834	c7
CD52	0.000203383600507037	0.0588341540082018	74.5449884644963	74.466290979392	0.00121005485077258	c7
SYTL1	3.00464856358802e-05	0.0635861200857356	18.6875160215329	16.7023158241125	0.00020666510157017	c7
SNHG12	2.31117934220123e-05	0.0759759438221705	26.9674442450654	24.9228744189873	0.000162465589559306	c7
EPB41	0.000185103988238797	0.0525469488117209	15.2781338118431	13.5432520258319	0.00111014497682596	c7
LAPTM5	0.00967586999033299	0.0258059491731948	66.213791335555	67.6072559746617	0.040643006233234	c7
MARCKSL1	1.14081485009156e-08	0.0773500523755283	19.5590874134837	16.2992061206861	1.28391437726077e-07	c7
HPCAL4	0.0050185056711186	0.00378260643942235	0.563957959497565	0.300275595409485	0.0224175070855056	c7
RPS8	5.49805860191083e-62	0.168251487322624	96.9495001281723	97.056887828555	1.32657474381932e-59	c7
PLK3	1.13914141586251e-11	0.0882828034249559	21.8661881568829	17.9692320348813	1.81494179597135e-10	c7
ZFYVE9	0.000149230948019221	0.00661330392802375	0.692130223019738	0.320842417012875	0.000910811198301844	c7
ZYG11B	0.00517217316000023	0.0138517320428323	2.358369648808	1.75023651844844	0.0230486770449226	c7
MROH7-TTC4	0.000414988095270809	0.000541319290902605	0.0256344527044348	0	0.00228536465339776	c7
JUN	2.94053640184695e-10	0.158770927001498	69.4180979236093	68.5451030397762	3.96700361404437e-09	c7
HOOK1	0.0010584662807957	0.00653913078355886	0.871571391950782	0.483320307679651	0.00540811123176813	c7
NFIA	3.21940685432812e-05	0.0132990868073988	2.25583183799026	1.42116737279421	0.000220486965653373	c7
PATJ	2.28125033714699e-05	0.0189941133056637	3.35811330428095	2.29320060877792	0.00016052994923885	c7
PDE4B	0.00267827484125176	0.0557397338420091	28.7362214816714	27.5533709020608	0.0126405828350551	c7
ODF2L	0.00186692801714368	0.0561070516964803	19.0976672648039	17.7985274155732	0.00909676475940212	c7
AL391497.1	9.1120777146075e-05	0.000934825734697538	0.0512689054088695	0.00205668216033894	0.000577149881761107	c7
TGFBR3	0.00931309475965715	0.0203486190569446	7.45962573699051	6.41890502241784	0.0392587446014808	c7
BRDT	0.000531877186386857	0.00336735609810715	0.230710074339913	0.0678705112911851	0.00286878370489585	c7
BTBD8	0.001227390860587	0.00756887250648367	0.820302486541912	0.450413393114228	0.00619197272598779	c7
RPL5	1.53783246168116e-46	0.17903636067151	89.5411432965906	88.7890255439924	2.29225889332723e-44	c7
AC092802.2	0.000414988095270809	0.000412406618678519	0.0256344527044348	0	0.00228536465339776	c7
CDC14A	2.36830363592317e-06	0.0496121691706732	11.0484491156114	8.96096417259677	1.94295908369842e-05	c7
S1PR1	9.55405802479095e-16	0.0540132552763763	8.76698282491669	5.64970589445107	2.29037882798741e-14	c7
GSTM3	0.00672951718725383	0.0110072000075192	2.84542425019226	2.18213977211962	0.0292047809816407	c7
AL365361.1	1.10188242360806e-08	0.0328279477990199	4.127146885414	2.60787297930978	1.24134809281045e-07	c7
KCNA3	6.58738579156844e-15	0.0631330412913692	8.81825173032556	5.84714738184361	1.45347200445804e-13	c7
OVGP1	0.00630750267075602	0.00247344757156582	0.256344527044348	0.102834108016947	0.0275803161110581	c7
C1orf162	7.89031193902732e-08	0.036305043582271	6.51115098692643	4.64604500020567	7.96584231821487e-07	c7
MAGI3	0.0118515197343531	0.00428109196812073	0.53832350679313	0.302332277569824	0.0488060251535775	c7
RSBN1	0.000496779307448543	0.0527718507497117	18.277364778262	16.6056517625766	0.002696824929299	c7
HIPK1	0.00526482309610266	0.0428349924527154	13.150474237375	11.9945703590967	0.0234273102026126	c7
NGF	0.000414988095270809	0.000405264899112943	0.0256344527044348	0	0.00228536465339776	c7
ATP1A1	0.00620502889656272	0.0584606743930807	23.7375032043066	22.966969684505	0.0271534784881159	c7
AL136376.1	0.000414988095270809	0.000370459537035389	0.0256344527044348	0	0.00228536465339776	c7
LINC00623	0.00923100847025692	0.0316792321185115	10.7664701358626	9.64583933198963	0.0389616866442835	c7
TXNIP	9.93269754452865e-87	0.392661057877216	49.0643424762881	36.5040516638559	4.62670569789447e-84	c7
HJV	0.000414988095270809	0.000389027810697475	0.0256344527044348	0	0.00228536465339776	c7
MCL1	5.75544871490849e-10	0.109198450569576	58.1645731863625	57.7989387520053	7.50329968458443e-09	c7
TUFT1	0.00256958957675668	0.00946381898225497	1.35862599333504	0.882316646785406	0.0121790411567645	c7
RORC	0.00591220428109309	0.0119184888572311	1.92258395283261	1.38620377606845	0.0259567361145831	c7
THEM4	1.20412380825843e-08	0.0661808969665034	12.7146885413996	10.1168195467073	1.3519887606753e-07	c7
S100A10	1.16797773415521e-32	0.223672956144819	66.3419635990772	62.0624408703879	9.02572286822525e-31	c7
IVL	0.000414988095270809	0.000441419757017594	0.0256344527044348	0	0.00228536465339776	c7
RPS27	1.21186863144621e-128	0.255837314654443	99.1540630607537	99.3315782978898	1.62574600645773e-125	c7
IL6R	0.00745228004443646	0.0195816001941682	4.7936426557293	3.95294311217144	0.0320346793296988	c7
PBXIP1	3.79077336137598e-10	0.0945106987655634	29.1720071776468	25.4473283698737	5.04904515463969e-09	c7
LMNA	1.12632477867063e-45	0.299518818059735	39.2719815431941	30.3957056476492	1.62821898392482e-43	c7
AL365181.3	0.00647636798573992	0.00103835964884186	0.0769033581133043	0.0143967751223726	0.0282397689109241	c7
LY9	0.00870704996714257	0.0306227047947903	9.33094078441425	8.25552219160051	0.0369523619922962	c7
HSPA6	3.11600794506701e-05	0.0860277471950659	9.84362983850295	8.11361112253712	0.00021388594855026	c7
ANKRD45	0.000414988095270809	0.00033197441187005	0.0256344527044348	0	0.00228536465339776	c7
GLUL	0.000139347373987319	0.0636741201247253	14.150217892848	12.4778906667764	0.000853594927632273	c7
SMG7	0.00367142666258764	0.000219914923661108	6.92130223019738	8.47970054707745	0.0168514462352594	c7
AL590422.1	0.000414988095270809	0.000407081905953757	0.0256344527044348	0	0.00228536465339776	c7
B3GALT2	9.1558844432974e-06	0.0115427436951622	1.12791591899513	0.559417547612192	6.86496875607664e-05	c7
CFH	4.74463509394625e-08	0.0138167914514654	1.46116380415278	0.682818477232528	4.94025370322165e-07	c7
LHX9	0.000414988095270809	0.000412899036808549	0.0256344527044348	0	0.00228536465339776	c7
BTG2	1.61617088265153e-16	0.157994987895095	43.9374519354012	39.5623380362799	4.17589669201594e-15	c7
PRELP	0.00116469769964803	0.000847446474437465	0.0512689054088695	0.00411336432067788	0.00590177735701461	c7
CD55	1.74420201256263e-06	0.0711696285879998	23.8400410151243	21.0336884537864	1.46352382029836e-05	c7
SIPA1L2	5.4095367483796e-05	0.00687575071332833	0.743399128428608	0.337295874295586	0.000356644473102329	c7
GREM2	0.000341898472161524	0.00555706976708415	0.717764675724173	0.351692649417959	0.00195408843888091	c7
AKT3	0.000551822644589174	0.0242062981655442	4.74237375032043	3.68763111348772	0.00296872439111834	c7
NLRP3	3.41706657923522e-07	0.0172552709155899	2.12765957446809	1.18464892435523	3.14321390385055e-06	c7
AC116609.1	0.000414988095270809	0.000465941547321901	0.0256344527044348	0	0.00228536465339776	c7
RPS7	2.33210010139775e-30	0.0983799379782311	96.7187900538324	97.0219242318292	1.58649032861415e-28	c7
AC010904.2	0.000414988095270809	0.000254954088874215	0.0256344527044348	0	0.00228536465339776	c7
ODC1	0.0015078630948428	0.0674663873375674	32.7608305562676	31.8518366171692	0.00747866200456048	c7
KCNK3	0.000414988095270809	0.000423317534421485	0.0256344527044348	0	0.00228536465339776	c7
MAPRE3	0.00382945871205607	0.00583605395216937	0.794668033837478	0.460696803915923	0.0174976003112992	c7
AGBL5-AS1	0.000414988095270809	0.000302319342994244	0.0256344527044348	0	0.00228536465339776	c7
GTF3C2-AS1	0.00619294309139635	0.00135996848603183	0.128172263522174	0.034963596725762	0.0271112028976962	c7
CLIP4	0.0113677501538085	0.0235787155834988	5.48577287874904	4.65427172884702	0.0470158594966615	c7
YPEL5	7.02359935512255e-21	0.181399371110571	56.780312740323	52.0196618814528	2.53015547982922e-19	c7
AC006369.1	2.98966127478943e-10	0.0384027791669199	5.92155857472443	3.8871292830406	4.03165499935215e-09	c7
CDC42EP3	2.88208896942971e-07	0.0874343943678894	22.6352217380159	20.2171856361318	2.67606588750647e-06	c7
EML4	3.00517676510312e-29	0.187873716777508	46.167649320687	39.9140306856978	1.88036601395576e-27	c7
ZFP36L2	3.14951743703667e-78	0.41235675131183	81.4406562419892	75.7784541976883	1.11187911371933e-75	c7
AC010967.1	0.000414988095270809	0.000513423491920735	0.0256344527044348	0	0.00228536465339776	c7
RPS27A	1.73104748536888e-156	0.264960754050427	98.5132017431428	98.288840442598	3.22532614246119e-153	c7
CFAP36	0.00205726572784323	0.0269308344768445	6.71622660856191	5.60857225124429	0.00995190797351887	c7
AAK1	2.81609618494777e-05	0.0744015449557168	24.6090745962574	22.9690263666653	0.000194614122915265	c7
AC006030.1	0.000349900012174534	0.00129038225606271	0.0769033581133043	0.00822672864135576	0.00199607868826493	c7
TRABD2A	6.41479665899753e-05	0.0189297165507018	2.89669315560113	1.97030150960471	0.00041774650553293	c7
ADRA2B	0.00466978647495807	0.00471821068709739	0.512689054088695	0.263255316523384	0.0210080883698382	c7
ARID5A	5.30582645814275e-07	0.0877642431917292	34.196359907716	31.8724034387726	4.76022343314663e-06	c7
SEMA4C	2.12035011108962e-07	0.0114238572109587	1.28172263522174	0.592324462177615	2.00712114100264e-06	c7
AC159540.1	0.000414988095270809	0.000351009588822907	0.0256344527044348	0	0.00228536465339776	c7
MGAT4A	5.70896019539946e-17	0.128242719023034	31.0176877723661	25.7393772366418	1.52928999227881e-15	c7
RPL31	1.81871143370583e-12	0.0909829047850377	71.0330684439887	70.6778824400477	3.15550667685598e-11	c7
C2orf40	0.00695222418756722	0.00269802805270068	0.281978979748782	0.119287565299659	0.030070117978157	c7
FBLN7	0.000108133540233944	0.0334373616612836	7.86977698026147	6.35309119328699	0.000676475036815151	c7
STEAP3-AS1	0.000414988095270809	0.000486650722513144	0.0256344527044348	0	0.00228536465339776	c7
C2orf27B	9.1120777146075e-05	0.000979062581668016	0.0512689054088695	0.00205668216033894	0.000577149881761107	c7
MGAT5	1.4415641752214e-06	0.035509503416578	6.71622660856191	5.00802106042532	1.2233598003182e-05	c7
CXCR4	1.54064423359364e-49	0.317498991215365	68.0594719302743	60.3204310805808	2.58350631531318e-47	c7
LRP1B	0.000414988095270809	0.000430809923694445	0.0256344527044348	0	0.00228536465339776	c7
ARHGAP15	2.20720447401689e-09	0.101432781511611	28.5567803127403	25.6509399037473	2.70658953014912e-08	c7
AC092652.2	0.000414988095270809	0.000594049748670116	0.0256344527044348	0	0.00228536465339776	c7
ACVR2A	0.00010223941640247	0.00746535483884558	0.974109202768521	0.501830447122702	0.000642478086435455	c7
EPC2	0.00359829688818912	0.0210660715844475	5.4601384260446	4.48768047385957	0.016563228250904	c7
AC079790.1	0.000414988095270809	0.000399624345014245	0.0256344527044348	0	0.00228536465339776	c7
LINC01876	0.000182444553215489	0.00380931842581558	0.333247885157652	0.111060836658303	0.00109558199207539	c7
LINC02478	0.000544538003453551	0.00181652552600382	0.128172263522174	0.0246801859240673	0.00293094456103759	c7
RBMS1	5.2805586989064e-11	0.0955171005063	22.8402973596514	19.429476368722	7.82932703996122e-10	c7
SLC4A10	1.26332118147274e-13	0.0162270459531055	1.51243270956165	0.547077454650158	2.44203261004224e-12	c7
DPP4	3.22656293390341e-07	0.0318659300896031	4.81927710843374	3.31537164246637	2.97695922083225e-06	c7
KLHL41	0.000414988095270809	0.000427023598265771	0.0256344527044348	0	0.00228536465339776	c7
ITGA6	1.93502222075413e-17	0.0354743787538074	4.15278133811843	2.07519229978199	5.34569812517727e-16	c7
FRZB	0.000414988095270809	0.000661908319874039	0.0256344527044348	0	0.00228536465339776	c7
STAT4	0.00106765526633457	0.0602962686630391	25.2499359138682	24.0220476327588	0.0054492500870992	c7
AC013264.1	2.29832711780562e-08	0.017359059697655	2.48654191233017	1.37386368310641	2.49292674246328e-07	c7
HSPE1	0.0107459573109742	0.0665793040706695	62.3942578825942	63.446587964296	0.0447032890468189	c7
CLK1	0.00190205329730198	0.0599952398381568	40.9894898743912	40.6400394882975	0.00925178585713035	c7
AC079354.3	0.000414988095270809	0.000440647412896745	0.0256344527044348	0	0.00228536465339776	c7
AC064836.2	0.000278307432278659	0.00167356945073917	0.128172263522174	0.0226235037637284	0.00161457786953151	c7
EEF1B2	9.08880906168822e-44	0.218424387207837	77.3647782619841	74.21126239151	1.2096050726623e-41	c7
ADAM23	1.21686308740466e-08	0.00605096144081657	0.53832350679313	0.143967751223726	1.365835148105e-07	c7
AC007038.1	0.00229797350229363	0.00337919882904339	0.307613432453217	0.121344247459998	0.0109879434445286	c7
RPL37A	3.75187280278479e-19	0.0897891629377985	86.6700845936939	87.3328945744725	1.20181767010312e-17	c7
AC053503.5	0.00116529219566315	0.000931828410480213	0.0512689054088695	0.00411336432067788	0.00590177735701461	c7
CCL20	0.00879570657464602	0.0022649347197172	8.27992822353243	9.80214717617539	0.0372887271520451	c7
RBM44	0.00999259743181042	0.00468159515635615	0.512689054088695	0.279708773806096	0.0418548435953613	c7
GPR35	0.00185509332747894	0.010591543552216	1.768777236606	1.1990456994776	0.00904567025545052	c7
IL5RA	0.00401380101870851	0.0047867426898152	0.640861317610869	0.34963596725762	0.0182702033883613	c7
SRGAP3-AS1	0.000414988095270809	0.000365765294372739	0.0256344527044348	0	0.00228536465339776	c7
PPARG	0.00635307557951945	0.0127829368597806	1.46116380415278	1.00777425856608	0.0277651093023095	c7
RPL32	1.55346352716308e-125	0.211824825754052	98.4619328377339	98.7557072929949	1.92963184348131e-122	c7
WNT7A	0.00987136875710697	0.0028949454767452	0.410151243270956	0.207724898194233	0.0413780734128051	c7
COLQ	0.000150330402966819	0.00646875195120057	0.692130223019738	0.320842417012875	0.000917020926646268	c7
ANKRD28	2.22370669819266e-29	0.171126889060022	23.8656754678288	17.7450536794044	1.40714481592425e-27	c7
NR1D2	3.96656328418779e-06	0.0419610726849171	9.30530633170982	7.39171568425815	3.15163703921085e-05	c7
TGFBR2	0.00216387298071401	0.0532334346843449	18.4311714944886	17.1198223026613	0.0104120476366121	c7
CMTM8	3.56543794397148e-13	0.0415044476546767	5.71648295308895	3.48401957961417	6.64320320916198e-12	c7
PLCD1	0.00312886288160746	0.0110310652591888	2.64034862855678	1.95179137016166	0.0145582413045714	c7
CSRNP1	8.96640079302655e-05	0.0773641728187088	46.4496283004358	45.3601250462753	0.000570292337941446	c7
RPSA	4.54941492009774e-08	0.040396527400242	87.6954627018713	88.7705154045494	4.75469858492484e-07	c7
RPL14	1.53099046892231e-78	0.206550326298969	94.5911304793643	93.755912961211	5.46237854752304e-76	c7
VIPR1	0.00589744182622308	0.0045287007620202	0.871571391950782	0.530623997367447	0.0259010195391028	c7
CCR2	1.75935342028057e-11	0.0213982206277601	2.05075621635478	0.93167701863354	2.74826245968188e-10	c7
RPL29	1.23971048413784e-43	0.122714986605568	95.5652396821328	95.8413886717947	1.6369059140557e-41	c7
FOXP1	0.000920353939007389	0.0559760033502017	25.5062804409126	23.8821932458558	0.00474582263321491	c7
PROK2	0.00141465974383563	0.0173261715593679	2.4352730069213	1.74200978980708	0.00705721082706879	c7
MTRNR2L12	0.000232626644283004	0.0206906341846119	3.48628556780313	2.52766237505656	0.00136970372120144	c7
RPL24	1.20179028478679e-24	0.0899488460434643	92.5403742630095	93.1820986384764	5.61359924389687e-23	c7
TRAT1	1.38068906955941e-13	0.0810921724846461	17.4314278390156	13.3972275924479	2.6566580616686e-12	c7
PLXND1	8.40692201165195e-13	0.0300271276312616	3.74263009484748	2.02171856361318	1.51505293082635e-11	c7
AC083906.3	0.000414988095270809	0.000480086712394252	0.0256344527044348	0	0.00228536465339776	c7
RAB6B	0.000390013198537254	0.00442856274036665	0.384516790566521	0.146024433384065	0.00220279022625362	c7
NME9	0.00692176794802601	0.00293650312064985	0.281978979748782	0.119287565299659	0.0299538391536641	c7
PISRT1	0.000414988095270809	0.000428726338304652	0.0256344527044348	0	0.00228536465339776	c7
TSC22D2	0.00301946180996382	0.0309063935423638	8.4081004870546	7.22923779359138	0.0140981080582718	c7
SERP1	0.00050470712346143	0.0523257978858722	51.473981030505	51.4335074657562	0.00273410878802284	c7
KCNAB1	0.00128505163692736	0.00226659668720334	0.179441168931043	0.0493603718481346	0.0064605099384305	c7
LINC02029	0.00630029080259251	0.00257516035085987	0.307613432453217	0.133684340422031	0.0275523735737838	c7
LINC00881	0.00181384182704555	0.00272763728028338	0.205075621635478	0.0637571469705072	0.008865145321401	c7
CCNL1	8.5586961169325e-13	0.124410651518435	48.9874391181748	45.8866356793221	1.5407490626392e-11	c7
MLF1	0.00201577358817239	0.0255486763061603	6.02409638554217	4.94015054913414	0.00976715275111976	c7
SLITRK3	0.000414988095270809	0.000393507354408183	0.0256344527044348	0	0.00228536465339776	c7
EIF4A2	1.31796475583631e-06	0.0832340240872249	52.9864137400667	51.7605199292501	1.12358673058562e-05	c7
LINC02043	0.0025458340542833	0.00146348229782861	0.102537810817739	0.0205668216033894	0.0120801050527099	c7
RTP1	0.000414988095270809	0.000297797756084508	0.0256344527044348	0	0.00228536465339776	c7
TPRG1	0.00295840541288212	0.0150480859821127	3.38374775698539	2.59553288634774	0.0138361456891982	c7
AC046143.2	0.000414988095270809	0.000344052234550194	0.0256344527044348	0	0.00228536465339776	c7
RPL35A	5.49449526736523e-86	0.196315234385888	96.2061009997437	96.2671218789848	2.45699176369194e-83	c7
AC147067.2	0.000414988095270809	0.000538718133021869	0.0256344527044348	0	0.00228536465339776	c7
LYAR	0.0118992121524805	0.041777027770644	17.8415790822866	16.6508987701041	0.0489843840886083	c7
NSG1	7.44045151144018e-06	0.0172295409482481	2.69161753396565	1.711159557402	5.66102229561435e-05	c7
SH3TC1	0.00682529996805505	0.0278495892193023	6.51115098692643	5.55921187939616	0.0295745362181693	c7
AC007370.2	0.000414988095270809	0.000447521128200643	0.0256344527044348	0	0.00228536465339776	c7
ERVH-1	0.000414988095270809	0.000299392469228557	0.0256344527044348	0	0.00228536465339776	c7
KLF3	2.14076731388623e-06	0.0442487579329437	11.2535247372469	9.06174159845338	1.767529644833e-05	c7
RPL9	6.79739486330621e-67	0.219544763141736	88.8490130735709	87.408991814405	1.83847603972229e-64	c7
GABRB1	0.000414988095270809	0.000438635784400439	0.0256344527044348	0	0.00228536465339776	c7
AREG	0.00128862621860846	0.0380415347554655	14.7654447577544	13.0023446176628	0.00647750991002556	c7
CNOT6L	1.76325605416631e-09	0.106570200467503	33.606767495514	30.6260540496072	2.19103673748165e-08	c7
ANTXR2	1.04703656665086e-08	0.0477053197690026	8.20302486541912	6.00756859035005	1.18273871243976e-07	c7
PLAC8	3.65394516865447e-12	0.0482926418626689	9.15149961548321	6.32224096088191	6.15499814496905e-11	c7
PTPN13	3.23704480599919e-50	0.0837084987903046	6.25480645988208	2.34050429846572	5.62507817117102e-48	c7
SLC39A8	0.000501509599381987	0.0323548870733676	7.53652909510382	6.22352021718564	0.00271854355003606	c7
RPL34	4.77828411552413e-181	0.304514726807671	98.051781594463	98.155156102176	1.7806010296272e-177	c7
MCUB	8.82346610854615e-17	0.116541048595273	26.9161753396565	22.1628069598124	2.32459863588704e-15	c7
FAM241A	0.000170186525236672	0.0218890955855306	3.15303768264548	2.23767019044877	0.0010271217713492	c7
SNHG8	1.83551497896224e-16	0.141410415753307	41.3996411176621	36.8598576775945	4.72807230141594e-15	c7
IL2	1.21750117715716e-20	0.0291871505840611	2.40963855421687	0.876146600304389	4.33006940397634e-19	c7
RNF150	0.000414988095270809	0.000582732328049815	0.0256344527044348	0	0.00228536465339776	c7
INPP4B	8.18813697310082e-09	0.0797272594812984	16.9187387849269	14.0738760231994	9.40780191174564e-08	c7
NR3C2	0.000540529682267169	0.00805039317037591	1.07664701358626	0.614947965941343	0.00291123887648567	c7
RPS3A	2.12009013175645e-86	0.224469173883427	95.6421430402461	94.9899222574143	9.60859227551998e-84	c7
LINC02273	1.16247228019842e-16	0.0376060396068218	4.81927710843374	2.57702274690469	3.03637035306033e-15	c7
WWC2	0.00524859461353283	0.00241684809521821	0.256344527044348	0.100777425856608	0.0233614825218373	c7
ANKRD37	0.00602432248742254	0.0432902888427602	13.9964111766214	12.7555427584221	0.0264109447821146	c7
TPPP	0.0011689907794823	0.00778035238819763	0.999743655472956	0.579984369215581	0.00591693521917862	c7
ZDHHC11	0.00647133489388186	0.00256050595337754	0.205075621635478	0.0740405577722019	0.0282304409041376	c7
C5orf49	0.00547222852149896	0.00075791203761393	0.0512689054088695	0.00617004648101682	0.0242425098844571	c7
IL7R	1.29948620553079e-266	0.734323743739451	59.5488336324019	34.9121796717535	1.45273894536972e-262	c7
AC093277.1	0.00547004146413158	0.000793132910217781	0.0512689054088695	0.00617004648101682	0.0242425098844571	c7
PTGER4	2.66778467020663e-16	0.132073635906688	34.2476288131248	29.0012751429394	6.77306300298183e-15	c7
RPL37	6.32830828252113e-94	0.209098171735698	96.8469623173545	96.8388795195591	3.42320650289022e-91	c7
EMB	6.91926873596988e-12	0.120275145801029	35.965137144322	32.5860721484102	1.13420544900761e-10	c7
PARP8	4.87030604102922e-24	0.160007133564614	33.8118431171495	27.7569824359344	2.16344800005349e-22	c7
PLK2	4.75723587774662e-05	0.0190521229087904	3.40938220968982	2.36929784871046	0.000316689513433637	c7
GCNT4	0.00132645041100275	0.00436862745256714	0.53832350679313	0.257085270042368	0.00664671954044675	c7
IQGAP2	3.25726643510411e-09	0.081907882003654	18.7900538323507	15.8220558594875	3.92252070737959e-08	c7
SERINC5	3.26594935435046e-06	0.0437819222980831	8.17739041271469	6.39216815433343	2.62796087922759e-05	c7
SSBP2	0.00167401337716945	0.0238108495593069	4.58856703409382	3.6444407881206	0.00824057840063248	c7
RPS23	2.13954120071441e-99	0.193475075848612	96.5906177903102	97.2440459051458	1.4069790743051e-96	c7
CCNH	5.12255446920648e-09	0.109775803265686	33.1197128941297	30.4964830735058	6.03655066016328e-08	c7
GPR150	5.44997355963016e-06	0.00757875657396275	0.717764675724173	0.289992184607791	4.24874972670564e-05	c7
ELL2	1.86279426632328e-07	0.0605029596393926	13.8938733658036	11.3734523466743	1.78141984898632e-06	c7
AC008871.1	0.000414988095270809	0.000358240992546608	0.0256344527044348	0	0.00228536465339776	c7
CAMK4	5.5818343025066e-10	0.0946623690014027	25.7882594206614	22.4096088190531	7.28985821018172e-09	c7
TNFAIP8	1.85653303399427e-07	0.0924279224187618	28.0184568059472	25.673563407511	1.7764452180913e-06	c7
ACSL6	0.000775103203057334	0.0105568550005135	2.05075621635478	1.38620377606845	0.00405987993505183	c7
AC008608.2	0.00434287704063154	0.0052305023588839	0.666495770315304	0.370202788861009	0.019634862522068	c7
TCF7	6.34305690969734e-22	0.070567092458045	11.3560625480646	7.16136728230019	2.47077169149163e-20	c7
EGR1	1.84705587777141e-15	0.154164187941055	23.5580620353755	18.8700588211098	4.3108253325468e-14	c7
TMEM173	1.90878874640867e-08	0.0830967862088172	20.7639066905922	17.9075315700712	2.08932627209706e-07	c7
IGIP	0.0113073164616007	0.00455754040766702	0.435785695975391	0.228291719797622	0.0468120947400524	c7
EIF4EBP3	0.00240847413036254	0.0081993987223341	1.51243270956165	1.00160421208506	0.0114737791738777	c7
PCDHGA8	0.00116469769964803	0.00111361314660217	0.0512689054088695	0.00411336432067788	0.00590177735701461	c7
NR3C1	4.65716160146524e-08	0.104214563106661	41.8866957190464	39.8441034922463	4.85671286660265e-07	c7
ADRB2	0.0105838568337007	0.0172430910678544	4.84491156113817	4.02287030562297	0.0441274727111703	c7
RPS14	1.57782848686989e-93	0.18643042016177	97.3083824660343	97.6492122907326	8.39955742740357e-91	c7
SMIM3	2.57516676607612e-10	0.0554769067711449	8.58754165598564	6.1371395664514	3.49518182924569e-09	c7
ITK	6.3458194119155e-07	0.0879874130367679	31.6841835426814	29.3467977458764	5.62436816693505e-06	c7
ADAM19	0.011728909430372	0.0392172552644372	9.53601640604973	8.59076138373576	0.0483485944537632	c7
DUSP1	1.69345939703938e-30	0.256189504083916	75.3140220456293	72.5679733453992	1.16145687643981e-28	c7
CREBRF	0.00207776708767269	0.0516386936830338	15.7908228659318	14.4934391839085	0.0100380513665178	c7
AC138956.1	0.00116469769964803	0.000850483798620732	0.0512689054088695	0.00411336432067788	0.00590177735701461	c7
AC140125.2	0.000414988095270809	0.000276465370745708	0.0256344527044348	0	0.00228536465339776	c7
LTC4S	0.000301858290082253	0.0131163105244372	2.12765957446809	1.40882727983217	0.00174096703917087	c7
GFPT2	5.80747245827729e-06	0.0113121442651309	1.33299154063061	0.688988523713545	4.5033759839469e-05	c7
SCGB3A1	2.0477198755342e-05	0.00489969402245482	0.512689054088695	0.187158076590844	0.000145285443591424	c7
RACK1	7.86294337620274e-09	0.0519747657153853	86.9007946680338	87.5714697050718	9.04967038267288e-08	c7
TUBB2A	6.81227738044158e-06	0.0504729623197777	10.8946423993848	8.90543375426762	5.22098169070497e-05	c7
RREB1	0.00559349624216889	0.0192089440826826	3.07613432453217	2.38986467031385	0.0247160312213255	c7
MYLIP	0.00452690156269883	0.0486906969627535	18.0466547039221	16.7948665213278	0.0204063473937894	c7
AL133268.3	7.34514447052537e-06	0.00158075828533302	0.0769033581133043	0.00411336432067788	5.59358436086467e-05	c7
SLC17A3	0.0112882250601997	0.00170098313059132	0.153806716226609	0.0514170540084735	0.0467388261813553	c7
LTB	1.91867137504142e-05	0.0605866744636884	38.3491412458344	34.1861708691539	0.00013662080801728	c7
HSPA1A	1.44498702820143e-23	0.354367070390111	46.5008972058447	40.940315083707	6.28559986404925e-22	c7
HSPA1B	2.82658048922973e-23	0.308557439657655	43.0146116380415	36.8516309489532	1.20761600570429e-21	c7
NEU1	2.18162936979962e-11	0.10362162938602	21.1740579338631	17.5188186417671	3.38112226452586e-10	c7
RPS18	3.56582329323433e-90	0.193917464100531	95.6677774929505	96.6044177532804	1.81197850921959e-87	c7
PHF1	2.1765606010551e-07	0.0659284777325245	19.5590874134837	16.6796923203488	2.05510949994893e-06	c7
IP6K3	0.000414988095270809	0.000469745314370716	0.0256344527044348	0	0.00228536465339776	c7
RPS10	5.60149059764259e-09	0.0930011408024533	47.6800820302487	46.0696803915923	6.55945501619194e-08	c7
RPL10A	1.79954999801718e-33	0.125713610109645	85.6959753909254	86.3600839126321	1.45429657430121e-31	c7
FKBP5	7.10379328983293e-16	0.134362170144393	26.1984106639323	22.0538028053145	1.73144636158733e-14	c7
CDKN1A	1.40286459287439e-10	0.116240998059976	28.5567803127403	25.0956357204558	1.96202138097669e-09	c7
LINC02520	6.53886371472493e-05	0.0073600415443464	0.948474750064086	0.475093579038295	0.00042508317748487	c7
HSP90AB1	0.00949620599735952	0.0568237379860184	71.2125096129198	71.8028875817531	0.0399603207954133	c7
RUNX2	2.13980042622943e-07	0.0619798272987683	11.971289412971	9.68697297519641	2.02439003370614e-06	c7
IL17A	2.8748456440641e-14	0.0350752037452006	1.82004614201487	0.705441980996257	5.9260340018821e-13	c7
IL17F	8.33121407166824e-15	0.0162681327796926	0.820302486541912	0.191271440911522	1.81909021833079e-13	c7
PAQR8	0.00293605849023999	0.0126165633375395	1.64060497308382	1.11883509522438	0.0137373785777998	c7
RIMS1	0.000414988095270809	0.000676889084526233	0.0256344527044348	0	0.00228536465339776	c7
EEF1A1	1.06062224483815e-116	0.249063919194329	98.820815175596	99.1670437250627	1.07791360143582e-113	c7
TPBG	5.59449976274341e-06	0.0035744933507781	0.281978979748782	0.0658138291308461	4.35231577459727e-05	c7
ME1	2.08180405321747e-08	0.0048191456052283	0.435785695975391	0.102834108016947	2.27055428737585e-07	c7
PNRC1	8.34935908313035e-14	0.131795337016402	69.5975390925404	67.0560651556908	1.63468070595462e-12	c7
ANKRD6	0.0016658767583355	0.00463005789559479	0.410151243270956	0.178931347949488	0.00820775300735361	c7
BACH2	0.00028723863252424	0.0257791778557502	6.76749551397078	5.42347085681379	0.00166236570450353	c7
CRYBG1	4.22006501162739e-19	0.122987388705406	22.4301461163804	17.469458269919	1.34921392144861e-17	c7
SCML4	0.00592697688276522	0.041105017980617	14.9448859266855	13.6913331413763	0.0260147821874336	c7
SESN1	3.91737324812791e-05	0.0408153520621533	7.51089464239938	5.97054831146395	0.000264029067515502	c7
REV3L	0.0120472095172428	0.000794667218704942	8.45936939246347	9.96051170252149	0.0495692936804427	c7
DSE	1.64240579054853e-08	0.0370325844231731	5.58831068956678	3.80691867878738	1.81492604294618e-07	c7
KIAA0408	0.00447604335877973	0.00177234590457596	0.102537810817739	0.0226235037637284	0.0201960906991463	c7
RPS12	2.44166013312031e-146	0.241686626019172	99.0258907972315	99.2451976471556	3.7221998883904e-143	c7
IFNGR1	8.11519250637958e-07	0.0602002712278013	12.6890540886952	10.4500020566822	7.10619650858899e-06	c7
TNFAIP3	1.83467251688445e-10	0.0866595477461094	75.9036144578313	78.4788778742133	2.53423586784476e-09	c7
PERP	0.00273272942245231	0.0456360425079377	13.560625480646	12.3051293653079	0.0128812760885742	c7
NHSL1	0.00547004146413158	0.000612620646569923	0.0512689054088695	0.00617004648101682	0.0242425098844571	c7
HECA	2.69448360740936e-07	0.0618048328730212	13.9964111766214	11.5585537411049	2.5102108673693e-06	c7
CITED2	4.37487154773949e-28	0.209082409798196	39.3745193540118	32.8986878367817	2.54729933972373e-26	c7
HIVEP2	2.19379307995196e-05	0.0457881668932387	10.792104588567	8.94862407963473	0.000154830455209236	c7
UST	6.92537466195737e-06	0.00942064740217258	0.948474750064086	0.436016617991856	5.29555894693858e-05	c7
TAGAP	1.90485226700295e-15	0.146899667745515	37.9389900025634	33.4560487022336	4.4395368541171e-14	c7
SOD2	2.85755853851779e-08	0.091759397846379	23.7118687516022	20.7663197729423	3.06775922742668e-07	c7
AL391361.3	0.00647546782497098	0.00114197783052176	0.0769033581133043	0.0143967751223726	0.0282397689109241	c7
RNASET2	3.80141759589291e-07	0.0856947505780222	35.7344270699821	33.0200320842417	3.47389491365276e-06	c7
ARL4A	3.40645667396685e-05	0.0653055000420065	24.4809023327352	22.2471309283863	0.00023234847250661	c7
PRPS1L1	0.000414988095270809	0.000315221783706615	0.0256344527044348	0	0.00228536465339776	c7
TOMM7	1.88006551871889e-20	0.129724519368345	70.8536272750577	69.6125210809921	6.59556876221695e-19	c7
AC004520.1	0.000172251192064367	0.00908092681921735	0.897205844655217	0.460696803915923	0.00103846134809541	c7
AC008080.1	0.000414988095270809	0.000341504170424693	0.0256344527044348	0	0.00228536465339776	c7
PGAM2	5.92289723207988e-05	0.00241743361186298	0.153806716226609	0.0267368680844062	0.000388048695779439	c7
NPC1L1	0.000414988095270809	0.000319364787082425	0.0256344527044348	0	0.00228536465339776	c7
IGFBP3	1.69829994806935e-06	0.012403095683646	1.82004614201487	1.00160421208506	1.42858248453348e-05	c7
AC073115.2	0.00807472340858748	0.00192699168734282	0.205075621635478	0.0760972399325408	0.0344673633291596	c7
IKZF1	9.19638896382019e-09	0.0979577109636203	34.785952319918	32.4256509399037	1.04907650703606e-07	c7
AC118758.3	0.000414988095270809	0.000396537735061185	0.0256344527044348	0	0.00228536465339776	c7
SBDS	0.00502589513756122	0.0546805989768931	27.0187131504742	26.0643330179754	0.0224445367674472	c7
NCF1	1.33072377586007e-13	0.0932496204363734	19.3540117918482	15.3407922339682	2.56345858671999e-12	c7
TMEM243	5.13299598179056e-08	0.0808622799001658	25.4037426300949	22.4857060589856	5.31164514771033e-07	c7
AC073842.2	0.00883914265166991	0.00160888450425404	0.128172263522174	0.0370202788861009	0.0374443812367949	c7
CDHR3	0.00159998042344064	0.0114686839834192	1.53806716226609	1.00777425856608	0.00790281935807838	c7
HBP1	3.88594221784896e-06	0.0642478427132154	18.6106126634196	16.2395623380363	3.08977548843571e-05	c7
DNAJB9	1.46109737444937e-07	0.0740617564548141	21.5585747244296	18.6849574266793	1.41912203140119e-06	c7
IMMP2L	0.00175098292835563	0.0189397862189044	3.35811330428095	2.54822919665995	0.00858544816537883	c7
AC016831.7	4.38438775466412e-06	0.0856393770411895	39.1181748269674	36.9626917856115	3.46474072846196e-05	c7
AC016831.1	1.29574844719253e-07	0.0438334761559661	7.33145347346834	5.41730081033277	1.2677016167428e-06	c7
AC016831.5	2.34004960992152e-05	0.0405979415448191	7.33145347346834	5.77310682407141	0.000164322830438752	c7
AC091736.1	0.000414988095270809	0.000435988527353694	0.0256344527044348	0	0.00228536465339776	c7
ZC3HAV1	6.80413884139078e-14	0.13389739845721	36.734170725455	33.2894574472461	1.33997186413719e-12	c7
TBXAS1	0.00159586256002251	0.0179062611485977	2.76852089207895	2.03611533873555	0.00788480237743591	c7
KDM7A	0.00866919967761225	0.0235082591052088	5.20379389900026	4.36016617991856	0.0368081553092492	c7
MGAM	0.0113346425903337	0.00108892213321802	0.102537810817739	0.0267368680844062	0.0468962796933889	c7
TRBV2	1.64581217646409e-10	0.0511821096459832	5.02435273006921	3.14055365883756	2.29034227279057e-09	c7
TRBV5-1	0.00222874079475626	0.0436120625728989	6.53678543963086	5.42758422113447	0.0106934919562998	c7
TRBV6-1	0.00159083480323496	0.0166037974966964	3.25557549346322	2.42894163136029	0.00786227787074773	c7
TRBV6-4	0.000157163818570889	0.0119687855587645	1.07664701358626	0.584097733536259	0.000955230182535427	c7
TRBV19	1.82511227163699e-06	0.0366102339424126	4.92181491925147	3.45316934720908	1.52644926100153e-05	c7
TRBV20-1	0.000439539363160183	0.0360371234642183	9.86926429120738	8.15885813006458	0.00240909808165815	c7
TRBV29-1	0.00592810971743919	0.014055210186078	2.02512176365035	1.46641438032167	0.0260163496078874	c7
TRBV30	1.35520165977898e-05	0.0216114597972873	2.53781081773904	1.60626876722471	9.86130467903393e-05	c7
OR9A2	0.000414988095270809	0.000574870688131059	0.0256344527044348	0	0.00228536465339776	c7
GSTK1	5.70527348924367e-06	0.07587409481015	52.0892078954114	51.7008761466003	4.43540709972773e-05	c7
OR2A42	0.000414988095270809	0.000532359333943552	0.0256344527044348	0	0.00228536465339776	c7
GIMAP8	0.00015005303246636	0.0185448257808382	2.48654191233017	1.67619596067624	0.000915495470776202	c7
GIMAP7	1.05136709797108e-17	0.128478942218379	25.5575493463215	20.6861091686891	2.97057706248981e-16	c7
GIMAP4	0.000172528630835885	0.0636382628358063	23.9169443732376	22.0496894409938	0.00103976014752451	c7
GIMAP1	1.95665834140254e-10	0.0749575259226712	16.5598564470649	13.2943934844309	2.69385909088499e-09	c7
GIMAP5	0.000941738896219561	0.0331353210338921	7.84414252755704	6.57726954876393	0.00484715148885998	c7
WDR86	0.00654866508926021	0.00762883691970143	1.07664701358626	0.695158570194562	0.0284899636481527	c7
DNAJB6	0.0110140386559565	0.055400343386717	44.5526788003076	45.606926905516	0.0457107818888095	c7
P2RY8	5.41638393940011e-08	0.056938194332559	15.3806716226609	12.5149109456625	5.58593740958183e-07	c7
CA5B	0.000195285427246541	0.0396888238771213	9.63855421686747	8.09304430093373	0.00116580325008802	c7
GRPR	0.000414988095270809	0.000458987583147789	0.0256344527044348	0	0.00228536465339776	c7
SCML1	0.00581131931324686	0.0113698882975996	2.81978979748782	2.14923285755419	0.0255573075173975	c7
DYNLT3	3.46704796988284e-06	0.0531560235870807	13.4837221225327	11.2726749208177	2.77512779985515e-05	c7
SRPX	0.00547222852149896	0.000596837011893229	0.0512689054088695	0.00617004648101682	0.0242425098844571	c7
AC091806.1	0.000414988095270809	0.000412899036808549	0.0256344527044348	0	0.00228536465339776	c7
DDX3X	1.84000968426979e-08	0.104633270914477	42.0917713406819	40.0888486693266	2.01733392582675e-07	c7
AC234772.2	0.000130331916593919	0.00626033001321175	0.563957959497565	0.238575130599317	0.000803653579468073	c7
TIMP1	4.38216642937054e-13	0.073341718959376	13.7144321968726	10.1805766936778	8.10193482404792e-12	c7
TSPYL2	3.34830655430849e-14	0.135465236977579	33.8887464752628	29.4907654971001	6.8264744813616e-13	c7
FOXO4	0.00480265516610667	0.0106956525539782	1.94821840553704	1.3944305047098	0.0215595568144673	c7
GCNA	0.000313758424172948	0.014524910446194	1.74314278390156	1.10855168442269	0.00180308944995071	c7
NHSL2	5.06845705495285e-07	0.0111826170102085	1.179184824404	0.540907408169142	4.56215546723051e-06	c7
RTL5	0.00651707650293906	0.00249349617170974	0.333247885157652	0.150137797704743	0.028370938701398	c7
RPS4X	1.81285589575829e-50	0.149977211729662	94.9756472699308	95.3724651392374	3.21690799110802e-48	c7
SLC16A2	9.10891313397752e-05	0.000922960300057999	0.0512689054088695	0.00205668216033894	0.000577149881761107	c7
CYSLTR1	6.77720079497487e-06	0.0270275612551436	3.79389900025634	2.60787297930978	5.19647371426308e-05	c7
RPL36A	2.55133951519831e-50	0.266922154249804	65.3165854908998	60.4356052815598	4.47993846391208e-48	c7
ZMAT1	5.37196383355022e-06	0.016013534598234	2.48654191233017	1.53634157377319	4.189489194012e-05	c7
BEX2	2.72698977538706e-06	0.0285914477955964	6.0497308382466	4.44654683065279	2.217696001138e-05	c7
RAB40A	9.1120777146075e-05	0.000850813764250168	0.0512689054088695	0.00205668216033894	0.000577149881761107	c7
CXorf57	0.00153943306668147	0.0125066403648325	1.92258395283261	1.31627658261692	0.00762509321966668	c7
TSC22D3	3.84748012829063e-15	0.147644766954744	80.0051268905409	80.315495043396	8.66600326008133e-14	c7
VSIG1	0.00128933625950517	0.00508176059787685	0.820302486541912	0.450413393114228	0.00648010781826529	c7
RPL39	1.30400376556128e-171	0.249884252247752	99.000256344527	99.2122907325902	3.36412909918417e-168	c7
FHL1	3.01548461415635e-10	0.0205879359671405	2.358369648808	1.18876228867591	4.06484417160674e-09	c7
CD40LG	8.78243465394223e-161	0.215317027012355	15.2781338118431	5.00596437826498	1.96363528949276e-157	c7
FMR1NB	0.000414988095270809	0.000367938575524587	0.0256344527044348	0	0.00228536465339776	c7
IDS	4.57431949702928e-15	0.138243504588155	49.0387080235837	45.8125951215499	1.02412234506921e-13	c7
RPL10	7.50306977227561e-116	0.187026345617957	98.8464496283004	99.4159022664637	7.40111629478175e-113	c7
ARHGEF10	0.000794452030585575	0.00327131925999491	0.281978979748782	0.0966640615359302	0.00414956115897508	c7
AF287957.1	0.000414988095270809	0.000536629258996635	0.0256344527044348	0	0.00228536465339776	c7
MFHAS1	0.00893953016570428	0.0319070422224107	6.81876441937965	5.91296121097446	0.0378409646216572	c7
AC145124.1	0.00150219741254465	0.00999586183983929	1.12791591899513	0.684875159392867	0.00745276580205954	c7
C8orf48	0.000414988095270809	0.000402691590110658	0.0256344527044348	0	0.00228536465339776	c7
LGI3	0.000414988095270809	0.000614920497284943	0.0256344527044348	0	0.00228536465339776	c7
SORBS3	2.64808811329768e-10	0.0312680737412556	4.89618046654704	3.05828637242401	3.58544929930471e-09	c7
TNFRSF10D	0.00154051380433497	0.0142297353843134	2.23019738528582	1.57130517049895	0.00762931954663118	c7
TNFRSF10A	0.00746297814160832	0.0185328299504253	3.38374775698539	2.68397021924232	0.0320683357992646	c7
AF106564.1	0.00254518198010519	0.00137704583480369	0.102537810817739	0.0205668216033894	0.0120787198597379	c7
CLU	3.65352965071612e-12	0.0346533383008672	3.46065111509869	1.8695240837481	6.15499814496905e-11	c7
SCARA5	9.1120777146075e-05	0.000664371929402592	0.0512689054088695	0.00205668216033894	0.000577149881761107	c7
SARAF	6.90832380246724e-63	0.258031856506725	88.3363240194822	85.4325202583193	1.72904002751602e-60	c7
LEPROTL1	1.65067042962406e-16	0.141227247286653	59.2412201999487	56.5258524947555	4.2584757591332e-15	c7
AC026979.2	0.000352505021194848	0.0422504789581751	12.1507305819021	10.4993624285303	0.00200854797839497	c7
AP3M2	0.000759987594447905	0.0381305606163199	9.20276852089208	7.8482991238534	0.00399065040582629	c7
RPS20	8.23637931110312e-06	0.0798098776665483	38.0671622660856	37.3555180782362	6.22423815538027e-05	c7
CHD7	0.000870449767794614	0.0221317305148857	3.64009228402974	2.75595409485418	0.00451207794625901	c7
SGK3	0.00925908894706134	0.0206270238090739	4.2040502435273	3.44699930072807	0.0390556313805236	c7
C8orf44	6.00015847289672e-05	0.0123821629361921	1.48679825685722	0.857636460861338	0.000392497200827014	c7
RPL7	0.0031577895573079	0.0344131192463075	63.9323250448603	64.9171157089383	0.0146826488524875	c7
STAU2-AS1	0.000414988095270809	0.000359835731484905	0.0256344527044348	0	0.00228536465339776	c7
AC009686.1	0.000414988095270809	0.000511302826889183	0.0256344527044348	0	0.00228536465339776	c7
CA3-AS1	4.37333018469589e-06	0.00118531596972453	0.102537810817739	0.00822672864135576	3.46007897462445e-05	c7
CA2	1.63279351992151e-08	0.0133235661140301	1.28172263522174	0.553247501131175	1.80489878283215e-07	c7
TRIQK	0.00171506741497371	0.0044417390066668	0.435785695975391	0.195384805232199	0.00841981697914058	c7
MATN2	0.000201640827233997	0.00321536751400721	0.307613432453217	0.0987207436962692	0.00120032482495098	c7
RPL30	2.15545692434303e-176	0.277426659951913	98.8720840810049	98.9922257414339	6.57179221169242e-173	c7
PABPC1	1.39248231730127e-51	0.242007813322417	78.3901563701615	75.066842170211	2.52438226798108e-49	c7
AP000426.1	0.000414988095270809	0.000386622153216341	0.0256344527044348	0	0.00228536465339776	c7
EIF3E	8.14976863395066e-11	0.104755966157613	45.3217123814407	42.9743737402822	1.17458934441529e-09	c7
AC087620.1	0.000414988095270809	0.000359835731484905	0.0256344527044348	0	0.00228536465339776	c7
LINC00861	2.7638627151469e-09	0.0757752487046048	16.4829530889516	13.3972275924479	3.35484718568935e-08	c7
FAM84B	0.00467907415119675	0.00714352586102618	1.2560881825173	0.822672864135576	0.0210470478651873	c7
PCAT1	0.00277150603457721	0.00580115658064951	0.948474750064086	0.565587594093209	0.0130385297495398	c7
HPYR1	0.000414988095270809	0.000371543215297333	0.0256344527044348	0	0.00228536465339776	c7
TMEM71	0.00133515767214755	0.0270045685418754	6.20353755447321	5.08411830035786	0.00668835220440396	c7
RHPN1	0.00358551332306478	0.0111377467267924	2.10202512176365	1.50754802352844	0.0165089162313216	c7
MAFA	0.000641274288127153	0.00188770705729094	0.153806716226609	0.034963596725762	0.00340678870191802	c7
EEF1D	2.69219609930352e-23	0.0926963612782479	88.0030761343245	88.5998107852412	1.1546147414123e-21	c7
EPPK1	0.000986988659017284	0.00228074770963387	0.205075621635478	0.0596437826498293	0.00506218468360937	c7
KIFC2	3.37949856311317e-05	0.020783511125117	2.92232760830556	1.96207478096335	0.000230791331316818	c7
ARHGAP39	0.00648357332521726	0.000615005698474539	0.0769033581133043	0.0143967751223726	0.0282617730934672	c7
RPL8	1.09398577949916e-33	0.100559118943789	95.7703153037683	96.2218748714574	9.10424195355904e-32	c7
AL162253.1	0.000414988095270809	0.000439303806176066	0.0256344527044348	0	0.00228536465339776	c7
UHRF2	0.0083257137121777	0.000514335648648029	10.2537810817739	12.0644975525482	0.0354170201013465	c7
TTC39B	0.000187331255464021	0.0299718388631608	6.40861317610869	5.08823166467854	0.00112191350817006	c7
PLIN2	0.00572052022530138	0.0617496613760675	17.277621122789	16.3362263995722	0.0252043963739735	c7
AL391834.1	0.00732646256689611	0.00154047323540609	0.102537810817739	0.0246801859240673	0.0315423493669527	c7
RPS6	2.18126525327266e-53	0.163434033894305	92.5660087157139	92.8571428571429	4.15654966274196e-51	c7
DNAJA1	5.71708820269336e-15	0.166270828218026	58.4721866188157	56.7541442145531	1.26979936517834e-13	c7
AQP3	2.17129329950672e-15	0.0958386259408658	18.5337093053063	14.2692608284316	5.02559245540762e-14	c7
RMRP	8.19755666108414e-11	0.0411052952260593	3.6144578313253	2.06079552465962	1.18046223829729e-09	c7
CNTNAP3	0.00116588697209507	0.000707449144117165	0.0512689054088695	0.00411336432067788	0.00590211581435842	c7
KLF9	6.8135792623742e-05	0.0389182038660903	9.43347859523199	7.75986179095882	0.00044162953013605	c7
ANXA1	5.10373285522738e-111	0.513438177480982	56.600871571392	41.7979515445683	4.38894852560553e-108	c7
NMRK1	5.25963541737059e-06	0.0580427050254011	15.6626506024096	13.3992842746082	4.10895999598823e-05	c7
TLE4	0.000262868477097205	0.0498026277132425	13.0992053319662	11.4474929044465	0.00153296522081135	c7
CTSL	0.000395464306917043	0.0233914120480292	3.92207126377852	2.93488544280367	0.00223021387680911	c7
AL390760.1	0.00547332234614793	0.000705423999444515	0.0512689054088695	0.00617004648101682	0.0242425098844571	c7
TNFSF8	1.52215209450863e-18	0.0736964752581849	11.0484491156114	7.28888157624121	4.61572666777852e-17	c7
STOM	0.00158516172430138	0.0527411887610494	19.2771084337349	17.8663979268644	0.00783770513189146	c7
RPL35	7.90180304305224e-08	0.0237260614172197	90.3101768777237	91.814405001851	7.97504274624995e-07	c7
RPL12	3.68073058329014e-17	0.0645673829967763	97.3083824660343	97.7067993912221	9.96322375321911e-16	c7
FAM102A	0.000157642212200975	0.0459984814265086	13.1248397846706	11.3508288429106	0.000957790672608024	c7
RPL7A	1.24370765285938e-23	0.0791606464183534	94.9500128172264	95.728271152976	5.41707367033738e-22	c7
LHX3	9.1120777146075e-05	0.000844269489469072	0.0512689054088695	0.00205668216033894	0.000577149881761107	c7
TUBB4B	1.20244056288276e-05	0.0940730121835617	44.6039477057165	43.4844309160462	8.83598851839657e-05	c7
RPLP2	1.61887454496248e-99	0.219300391773018	95.9753909254037	95.3601250462753	1.08587628977903e-96	c7
AP006285.1	0.000414988095270809	0.000329916447959127	0.0256344527044348	0	0.00228536465339776	c7
TRIM22	0.00750107085411178	0.0560822066333652	30.3255575493463	29.7067171239357	0.0322196355411374	c7
OR10A4	0.000414988095270809	0.000491536981938964	0.0256344527044348	0	0.00228536465339776	c7
RPL27A	2.53990705884777e-18	0.129026962065346	68.4952576262497	66.753732878121	7.62608799817696e-17	c7
NRIP3	1.15869087659426e-08	0.0129146494585351	1.30735708792617	0.56353091193287	1.30315810258948e-07	c7
AC079296.1	0.00116529219566315	0.000763377461593754	0.0512689054088695	0.00411336432067788	0.00590177735701461	c7
SBF2	3.47866508626399e-05	0.0121060648425376	1.61497052037939	0.935790382954218	0.000236888263275374	c7
SPON1	3.31238065761465e-10	0.0130665225608563	1.35862599333504	0.547077454650158	4.44896365619064e-09	c7
RPS13	1.09407177836469e-83	0.197482896987529	96.4368110740836	96.4049195837275	4.58662241284936e-81	c7
CD44	1.51910652924014e-20	0.16383785932952	60.1640604973084	55.8101271029575	5.36857689964759e-19	c7
AC090692.1	0.000414988095270809	0.000559632767900842	0.0256344527044348	0	0.00228536465339776	c7
YPEL4	0.00114646855410485	0.00416733913024674	0.384516790566521	0.158364526346098	0.00581880304288369	c7
STX3	5.40130676017604e-08	0.0195238419696342	2.17892847987695	1.17847887787421	5.57210169556395e-07	c7
CD6	1.10483069513308e-31	0.184305621552726	39.3745193540118	32.0554481510427	8.12583593275729e-30	c7
SYT7	0.000414988095270809	0.000345504771723746	0.0256344527044348	0	0.00228536465339776	c7
FTH1	4.23907785518202e-20	0.113969102511667	94.8218405537042	96.3493891653984	1.46567209388757e-18	c7
AHNAK	1.04755275904345e-44	0.229888145178187	36.8879774416816	28.1786022788038	1.43399283399181e-42	c7
EEF1G	1.90103795227787e-13	0.113063096631886	64.4706485516534	63.3540372670807	3.62874279132015e-12	c7
NXF1	0.00314945875371804	0.0369053656906712	11.3304280953602	10.0201554851713	0.014650006613342	c7
AP001160.1	0.0112848641018194	0.00171755295110255	0.153806716226609	0.0514170540084735	0.0467306793736041	c7
AP000753.2	0.000414988095270809	0.000221141712003265	0.0256344527044348	0	0.00228536465339776	c7
RASGRP2	1.32894947339773e-24	0.0899346397097759	13.5349910279416	8.79437291760931	6.14762861225007e-23	c7
PYGM	0.000418359098471221	0.00745140247773957	0.922840297359651	0.497717082802024	0.00230203895726461	c7
SF1	2.10428010312905e-06	0.0771248005804683	47.346834145091	47.1514952079306	1.74040310971004e-05	c7
FAU	1.16579583989782e-58	0.12470386594036	97.7698026147142	98.0440952655177	2.57226716305877e-56	c7
NEAT1	0.00160428576105763	0.0639987126099022	53.0889515508844	53.2618979062976	0.00792186978722817	c7
AP000769.3	9.10891313397752e-05	0.00110548924030917	0.0512689054088695	0.00205668216033894	0.000577149881761107	c7
MALAT1	3.89751970697468e-54	0.22198288443789	99.9230966418867	99.6873843116285	7.68911858426569e-52	c7
FOSL1	7.71659021103466e-06	0.0194044404470386	2.51217636503461	1.57541853481963	5.85915785595835e-05	c7
ANO1	0.00547113489417051	0.00105826353000274	0.0512689054088695	0.00617004648101682	0.0242425098844571	c7
RPS3	5.15150151662855e-95	0.186355464011868	97.6672648038964	98.0029616223109	2.87951763107814e-92	c7
AP001189.3	0.000414988095270809	0.000476302256792106	0.0256344527044348	0	0.00228536465339776	c7
GAB2	0.007085717891129	0.0100311198043123	1.40989489874391	0.968697297519641	0.0305804666880304	c7
SYTL2	0.00658687004097113	0.0411442522908455	12.4070751089464	11.2665048743367	0.0286450268975739	c7
TMEM123	5.48434958480149e-11	0.104538917722431	29.8128684952576	26.4263090781951	8.11354725959737e-10	c7
ATM	0.000104184686632808	0.0623504146343485	19.1233017175083	17.3357739294969	0.000653600078617865	c7
EXPH5	0.000152189767141939	0.0042118295261309	0.307613432453217	0.0966640615359302	0.000926509422836514	c7
AP002884.3	0.00547222852149896	0.000699647573223647	0.0512689054088695	0.00617004648101682	0.0242425098844571	c7
ZBTB16	3.18365529320558e-05	0.0200206444575524	2.94796206101	1.98264160256674	0.000218260251760911	c7
FXYD2	0.000576952960949043	0.0216700241832795	4.2040502435273	3.19608407716671	0.00309251213110261	c7
RPS25	2.23863015988604e-97	0.18923872348264	95.3857985132017	96.0552836164699	1.36507596913196e-94	c7
MCAM	0.00618845261541888	0.0143584540113954	2.05075621635478	1.50137797704743	0.0270950814381095	c7
SORL1	5.26774882190794e-12	0.0680806018337068	13.6887977441682	10.3080909876188	8.74170014790443e-11	c7
HSPA8	1.40806749765784e-14	0.130027930208719	81.0817739041271	80.7823618937929	3.01942248954275e-13	c7
KLF6	3.65301726560632e-44	0.290250115765315	80.4409125865163	77.8495331331496	4.92027682947409e-42	c7
FAM208B	0.0108354341230994	0.0014262247143102	5.61394514227121	6.82201472584427	0.0450337241302717	c7
PFKFB3	0.00285441189823665	0.0496011377980455	18.2260958728531	16.8668503969397	0.013387115961832	c7
CAMK1D	3.80618142795605e-17	0.0535066627292696	7.92104588567034	4.88462013080499	1.02779156788076e-15	c7
FAM107B	0.00365932720778148	0.0624536085883195	27.2494232248142	26.5435399613344	0.0168187633129471	c7
ITGA8	0.000414988095270809	0.000458987583147789	0.0256344527044348	0	0.00228536465339776	c7
VIM	2.85158271095189e-11	0.111482133434881	82.0302486541912	81.899140306857	4.3749488087788e-10	c7
AL157895.1	0.00648267226359557	0.000813189030753131	0.0769033581133043	0.0143967751223726	0.0282615185722694	c7
MPP7	0.000791334488896098	0.0138029469561041	2.74288643937452	1.96207478096335	0.00413456552244856	c7
SVIL	4.11706760846245e-14	0.0213953866875778	2.64034862855678	1.20727242811896	8.29796955845034e-13	c7
AL121748.1	1.13372397108144e-07	0.0121161454445556	1.33299154063061	0.614947965941343	1.11700454001555e-06	c7
ZNF239	0.00523480590289638	0.00287904848237453	0.256344527044348	0.100777425856608	0.0233092034481332	c7
C10orf142	0.000414988095270809	0.000383905639915806	0.0256344527044348	0	0.00228536465339776	c7
MARCH8	0.00487969565374206	0.0187482932833483	3.38374775698539	2.65106330467689	0.0218644265644892	c7
ANTXRL	0.000414988095270809	0.000476536560311231	0.0256344527044348	0	0.00228536465339776	c7
ANK3	3.17683755336441e-23	0.050413966248342	5.69084850038452	2.85878820287113	1.352091089654e-21	c7
AL596223.1	5.41203668822256e-05	0.0021247909459209	0.128172263522174	0.0185101394430505	0.000356739163619513	c7
TSPAN15	6.28029736376674e-06	0.00521536774633412	0.563957959497565	0.203611533873555	4.84426432810508e-05	c7
SPOCK2	1.6267528850578e-07	0.0941043955227449	47.3981030504999	44.0726420139032	1.56821035524773e-06	c7
RPS24	2.910441179173e-11	0.0479202958670024	97.6928992566009	98.0194150795936	4.45913093956619e-10	c7
ZMIZ1-AS1	0.000227973273030772	0.00259388170770582	0.205075621635478	0.0514170540084735	0.00134466542928351	c7
CH25H	0.00650506797961203	0.0245423241806644	3.94770571648295	3.16317716260129	0.028329693533337	c7
GOLGA7B	0.00587857021534847	0.00434735809206552	0.53832350679313	0.285878820287113	0.0258293577731373	c7
PYROXD2	0.00218533506670315	0.00807230958628747	0.922840297359651	0.540907408169142	0.0105092869898323	c7
ABCC2	0.000151899255716578	0.00359957529497085	0.256344527044348	0.0719838756118629	0.000924908721536416	c7
MXI1	2.42604277784622e-05	0.0227287477449096	4.07587798000513	2.89992184607791	0.000169828058199554	c7
PDCD4	1.2969797477851e-21	0.153451843998143	34.9141245834401	29.4311217144502	4.90949286469715e-20	c7
AL731571.1	0.000371270738410105	0.00396246934016751	0.333247885157652	0.11723088313932	0.00210652648025683	c7
BNIP3	4.6731763468715e-05	0.0310072056441106	7.69033581133043	6.10834601620666	0.000311464603182385	c7
AL162274.1	0.000414988095270809	0.000452288175696445	0.0256344527044348	0	0.00228536465339776	c7
SCART1	4.80722406363076e-08	0.0121376939291579	1.10228146629069	0.458640121755584	5.00076552872359e-07	c7
FBXL14	0.00514945528502109	0.010246425872088	1.87131504742374	1.33273003989963	0.0229626952996992	c7
CACNA2D4	0.010556751759357	0.013170993054724	2.40963855421687	1.84278721566369	0.0440308842812233	c7
PIANP	0.00419296475737272	0.00143920909232076	0.128172263522174	0.0329069145654231	0.0190186167206879	c7
CD4	3.56523260242365e-08	0.0664534939416221	14.2014867982569	11.5750071983876	3.78029626999951e-07	c7
MIR200CHG	0.00547113489417051	0.000934921149315692	0.0512689054088695	0.00617004648101682	0.0242425098844571	c7
SLC2A3	7.73553624756247e-22	0.177205481717699	44.6039477057165	39.1571716506931	2.97858110988232e-20	c7
KLRB1	1.1377749157609e-95	0.425083263532816	39.1438092796719	26.2700012340093	6.57908536634293e-93	c7
CD69	9.68209001842777e-18	0.194484524776694	65.624198923353	63.7674303813089	2.75418095876192e-16	c7
LRP6	0.00646661743642954	0.0022558066428668	0.205075621635478	0.0740405577722019	0.0282172021315345	c7
EMP1	1.47151482035037e-14	0.0278681708623038	2.94796206101	1.39237382254946	3.14542154524606e-13	c7
PLEKHA5	0.00221954482595452	0.0132086236988082	2.53781081773904	1.84895726214471	0.0106569927520204	c7
KIAA1551	0.00649975728767551	0.0657758713164173	35.4524480902333	35.2638723211715	0.0283212758105835	c7
C12orf40	0.00764654375404386	0.00214891818529938	0.179441168931043	0.0617004648101682	0.0327898969982257	c7
CCDC184	1.20756358767621e-06	0.0168399394658011	2.64034862855678	1.60421208506437	1.03631698064188e-05	c7
CCDC65	0.00936440996606602	0.0054367957450082	0.845936939246347	0.526510633046769	0.0394651396634735	c7
FKBP11	3.63157818852274e-10	0.0897064546364017	23.173545244809	19.7050717782074	4.85049260400938e-09	c7
TUBA1A	0.00673749611894754	0.0643443287858398	37.9646244552679	37.6105466661182	0.0292318427991284	c7
TMPRSS12	0.000414988095270809	0.000484315062793247	0.0256344527044348	0	0.00228536465339776	c7
EIF4B	3.48660943124614e-05	0.0709922835579619	36.3752883875929	35.2145119493234	0.000237332874173195	c7
PFDN5	3.21867754143188e-23	0.100860393026377	83.1068956677775	83.7234173830776	1.36816232426543e-21	c7
ITGA5	0.000401442440665698	0.0191579916172721	3.66572673673417	2.71276376948706	0.00226088607473488	c7
OR6C68	0.000414988095270809	0.000441710249462488	0.0256344527044348	0	0.00228536465339776	c7
RPL41	2.01500736499229e-85	0.206759348196823	95.9753909254037	95.8989757722842	8.89201539567256e-83	c7
NACA	1.78684717592332e-23	0.109652969498027	88.9259164316842	88.7417218543046	7.72258770439645e-22	c7
DYRK2	1.19176281818628e-05	0.0356643340889499	5.4601384260446	4.0722306774711	8.76712906258638e-05	c7
IFNG-AS1	0.0029923645241088	0.0105118399569628	1.53806716226609	1.03245444449015	0.013983268971654	c7
IL22	0.00125024271555324	0.00544470501667166	0.410151243270956	0.17481798362881	0.00629872918645403	c7
GLIPR1	1.36467349314207e-07	0.0961603731032672	29.0438349141246	26.9363662539591	1.33241396253272e-06	c7
DUSP6	1.07642181781105e-05	0.035387960672829	5.89592412201999	4.43009337337008	7.98872204597187e-05	c7
ATP2B1	0.00124320695224763	0.0603497941857397	17.6365034606511	16.3917568179014	0.00626532020889054	c7
ATP2B1-AS1	0.00242390346547062	0.0376550902761639	8.66444501409895	7.47603965283205	0.0115373118973638	c7
BTG1	4.60588776974243e-11	0.11233164958033	91.2842860804922	90.8271975648883	6.87766090924407e-10	c7
NTN4	0.00588747247990176	0.00254305333416649	0.281978979748782	0.11723088313932	0.0258616964022194	c7
ELK3	1.1184990890124e-09	0.0655393117798111	11.2278902845424	8.61544156965983	1.40917439696837e-08	c7
CKAP4	8.29692289425958e-05	0.0112675055766307	1.51243270956165	0.886430011106084	0.000530730879320385	c7
AC002996.1	0.000414988095270809	0.000472363396249772	0.0256344527044348	0	0.00228536465339776	c7
RPL6	4.39400864188947e-43	0.139042463776655	93.0017944116893	93.4474106371601	5.64621692841721e-41	c7
KSR2	0.00812411431091459	0.0037838486681803	0.48705460138426	0.257085270042368	0.0346473227059325	c7
RPLP0	8.15162088490336e-29	0.123045732735224	92.924891053576	93.0504709802147	4.98885148244323e-27	c7
PXN	0.000272770602139608	0.0348071513013212	8.30556267623686	6.8713750976924	0.0015843748622373	c7
UBC	0.005000620704114	0.0485860162749816	87.0546013842605	87.9972029122619	0.0223495225445863	c7
AC148477.4	0.000414988095270809	0.000401842491373195	0.0256344527044348	0	0.00228536465339776	c7
LATS2	0.00111496145922063	0.0106448980141116	1.40989489874391	0.8926000575871	0.00566655211688763	c7
C1QTNF9B	0.000414988095270809	0.000430901077387276	0.0256344527044348	0	0.00228536465339776	c7
LINC01053	0.000414988095270809	0.000438921772476076	0.0256344527044348	0	0.00228536465339776	c7
GPR12	9.11524333367656e-05	0.000715467597548678	0.0512689054088695	0.00205668216033894	0.000577241372592229	c7
RPL21	1.93185697125582e-50	0.201712912880188	83.4657780056396	81.9155937641397	3.41003258431462e-48	c7
HSPH1	2.96212568258333e-12	0.183825669654969	37.8108177390413	34.8936695323105	5.04027250849719e-11	c7
SPART	3.40522107840606e-15	0.0303479476426557	3.6144578313253	1.81399366541895	7.72172444405562e-14	c7
ELF1	0.00171226521313042	0.0578737581924593	52.1661112535247	52.4351116778413	0.0084091302852494	c7
RGCC	1.59878464463257e-22	0.231849439277693	56.4214304024609	51.4849245197647	6.53902919654723e-21	c7
TPT1	3.56520336797358e-169	0.325540976519802	97.7698026147142	96.8532762946814	8.54069932536414e-166	c7
AL138963.3	1.36356021913481e-16	0.0872372591064471	13.7913355549859	9.82477067993912	3.54779539405301e-15	c7
LINC00562	5.78209013891836e-05	0.00279206936911995	0.205075621635478	0.0452470075274567	0.000379490683129245	c7
ITM2B	3.25242288032776e-08	0.0855044861802929	69.7000769033581	68.7960182633376	3.4650495095436e-07	c7
LPAR6	1.31123269281231e-07	0.0389771604680759	6.33170981799539	4.53498416354737	1.28210268371834e-06	c7
FAM124A	0.00547222852149896	0.000756741767946436	0.0512689054088695	0.00617004648101682	0.0242425098844571	c7
LINC00383	0.000414988095270809	0.000561251056583467	0.0256344527044348	0	0.00228536465339776	c7
KLHL1	0.000414988095270809	0.000401611662152305	0.0256344527044348	0	0.00228536465339776	c7
LINC00381	0.000414988095270809	0.000443953172942063	0.0256344527044348	0	0.00228536465339776	c7
COMMD6	2.73316037789428e-06	0.0528302753333427	71.4175852345552	72.1957138743779	2.2221753394865e-05	c7
MBNL2	0.00183933860144841	0.0533690872211213	13.6375288387593	12.4100201554852	0.00897798544831564	c7
GPR183	2.10405324278367e-25	0.177720247576742	35.8369648807998	29.0053885072601	1.02715775336941e-23	c7
CLYBL-AS2	0.000414988095270809	0.000349725673315899	0.0256344527044348	0	0.00228536465339776	c7
TNFSF13B	0.000109035183643889	0.0370292527853722	6.30607536529095	4.98128419234092	0.00068122615295245	c7
RASA3	8.59047255848099e-05	0.0397792934099459	10.9971802102025	9.2159927604788	0.000548253603551542	c7
PNP	0.000226745084998518	0.0602470629517892	17.1238144065624	15.5238369462383	0.00133812716183007	c7
ARHGEF40	8.13509851446498e-05	0.0101276319083589	1.05101256088183	0.551190818970836	0.000520776739794095	c7
TRAJ42	0.000619236239708993	0.00151608073674208	0.102537810817739	0.0164534572827115	0.00329964172344458	c7
TRAJ5	9.10891313397752e-05	0.00144987984574199	0.0512689054088695	0.00205668216033894	0.000577149881761107	c7
LTB4R2	7.70151361871771e-06	0.0171052774427229	2.64034862855678	1.67208259635556	5.84903450508502e-05	c7
LTB4R	0.0107781445007643	0.00929649977681817	1.48679825685722	1.0509645839332	0.044820509642484	c7
CTSG	0.000158626476378937	0.00338425747584351	0.281978979748782	0.0843239685738966	0.000963247286763859	c7
G2E3-AS1	0.000414988095270809	0.000747712197986255	0.0256344527044348	0	0.00228536465339776	c7
AL163973.3	0.000414988095270809	0.000426934437717421	0.0256344527044348	0	0.00228536465339776	c7
FAM177A1	0.0111129317478923	0.0589447763873772	37.1955908741348	37.4830323721772	0.0460812938873408	c7
KIAA0391	0.00074963126101305	0.0297971354880211	6.40861317610869	5.23836946238328	0.00393999893932858	c7
NFKBIA	2.00165569873897e-14	0.158834231325983	65.0089720584466	63.4507013286167	4.20097176622701e-13	c7
RPS29	3.25573544903836e-78	0.241445477177696	90.3358113304281	89.9387108716219	1.13740474468592e-75	c7
RPL36AL	0.0117495106416186	0.00278135086194387	77.7492950525506	80.2435111677841	0.0484275639546029	c7
PTGER2	4.98611177553166e-10	0.0487765306599826	8.63881056139451	6.15770638805479	6.5526730692704e-09	c7
FERMT2	0.00618769777694999	0.00165657297921542	0.128172263522174	0.034963596725762	0.0270950814381095	c7
PELI2	0.000496353253180264	0.00807392409630421	1.28172263522174	0.765085763646086	0.00269494826050829	c7
SYNE2	0.000265951617797256	0.0710328640509632	34.6321456036914	32.991238533997	0.00154798426894904	c7
HSPA2	0.00925156304750944	0.0181460415369033	3.81953345296078	3.08707992266875	0.039038616191164	c7
SRSF5	8.90596855959745e-07	0.0654585428151819	64.1630351192002	65.3407922339682	7.74807713493591e-06	c7
PCNX1	0.00442279869252708	0.0441327426769775	10.5613945142271	9.45251120891777	0.0199746596485286	c7
AC013451.2	0.000414988095270809	0.000578175608811364	0.0256344527044348	0	0.00228536465339776	c7
AL691403.1	0.000414988095270809	0.000713883909646606	0.0256344527044348	0	0.00228536465339776	c7
FOS	3.73294891745999e-82	0.573260481031939	71.2637785183286	61.8526592900333	1.45576326504387e-79	c7
IRF2BPL	1.58808862506568e-05	0.0349169114271371	7.07510894642399	5.49956809674633	0.000114319202205307	c7
TC2N	1.80325573110317e-81	0.212248493366451	25.1986670084594	14.0944428448028	6.719732301082e-79	c7
FBLN5	6.23170471608219e-09	0.0215376598023605	2.33273519610356	1.23812266052404	7.24935528158046e-08	c7
BCL11B	0.00801836068604296	0.0514675733061867	21.2509612919764	20.2624326436592	0.0342442099437806	c7
PPP2R5C	3.4959733853903e-22	0.16309265777112	41.6559856447065	36.1482456501172	1.39914027922697e-20	c7
HSP90AA1	3.90495513558585e-25	0.246658100501221	81.1586772622405	78.0222944346181	1.8843796451407e-23	c7
EIF5	0.00279589765268921	0.0509707009650824	48.7567290438349	48.9942824235943	0.0131476185468158	c7
CRIP2	2.43115300413135e-16	0.0331487723047383	3.74263009484748	1.84073053350335	6.19104096071051e-15	c7
IGHV3-35	0.00167839145031782	0.00269505303963707	0.230710074339913	0.0760972399325408	0.00825970542344228	c7
LINC02250	0.000414988095270809	0.000440647412896745	0.0256344527044348	0	0.00228536465339776	c7
LINC02256	0.00395774655858331	0.0163094254476349	3.46065111509869	2.69219694788367	0.0180395357545212	c7
FMN1	9.59164259689418e-08	0.0107060079072591	1.12791591899513	0.483320307679651	9.56091039456838e-07	c7
EXD1	0.00116588697209507	0.00053356076061181	0.0512689054088695	0.00411336432067788	0.00590211581435842	c7
LTK	7.57891631175667e-11	0.0113035348338865	1.02537810817739	0.345522602936942	1.0951387128983e-09	c7
TERB2	0.000414988095270809	0.000482370329161313	0.0256344527044348	0	0.00228536465339776	c7
AC084756.1	0.000414988095270809	0.000530490549048996	0.0256344527044348	0	0.00228536465339776	c7
AC066613.2	0.000414988095270809	0.000432457957413737	0.0256344527044348	0	0.00228536465339776	c7
TMOD2	0.00856627113855409	0.00795380659606321	1.15355037169956	0.767142445806425	0.0364033960269675	c7
AC023906.2	0.000414988095270809	0.000407081905953757	0.0256344527044348	0	0.00228536465339776	c7
LINC01413	0.000414988095270809	0.000517444683019163	0.0256344527044348	0	0.00228536465339776	c7
RORA	1.46138065133194e-16	0.139466886921798	34.2476288131248	29.6100530623997	3.78469376713286e-15	c7
DENND4A	3.95318971115785e-08	0.0682545215665525	15.2524993591387	12.6136316893587	4.16924768971107e-07	c7
RPL4	4.93115082962308e-24	0.144684270749354	75.9548833632402	74.3017564065649	2.1875785254484e-22	c7
SMAD3	0.00171519439446265	0.0263663302517057	5.53704178415791	4.50619061330262	0.00841981697914058	c7
RPLP1	6.78187584780803e-70	0.127252484883983	99.5898487567291	99.8313520628522	1.99518028231391e-67	c7
NEO1	2.41603666961876e-11	0.0121825496597222	1.15355037169956	0.403109703426432	3.72376092948869e-10	c7
CTXND1	0.000414988095270809	0.000421148452364626	0.0256344527044348	0	0.00228536465339776	c7
AC027808.2	0.000414988095270809	0.000388458588062089	0.0256344527044348	0	0.00228536465339776	c7
AC048382.4	0.000414988095270809	0.000676889084526233	0.0256344527044348	0	0.00228536465339776	c7
WDR93	9.10891313397752e-05	0.000667326623506657	0.0512689054088695	0.00205668216033894	0.000577149881761107	c7
Z69706.1	0.00547332234614793	0.000721623747498438	0.0512689054088695	0.00617004648101682	0.0242425098844571	c7
TMEM204	3.36339541604902e-09	0.0332703356809446	4.56293258138939	2.90609189255892	4.04596683871779e-08	c7
RPS2	2.00636604505194e-31	0.212761181167815	87.3622148167137	83.49512566328	1.456482779631e-29	c7
C16orf71	0.00765741899919017	0.00171871282230357	0.179441168931043	0.0617004648101682	0.0328323342361084	c7
SOCS1	0.011052481300931	0.0550489128186386	32.607023840041	31.8682900744519	0.0458476336265459	c7
AC007601.1	0.000414988095270809	0.000214387719437501	0.0256344527044348	0	0.00228536465339776	c7
RPS15A	2.97877961788816e-45	0.0985384044421158	99.0258907972315	99.2739911974004	4.21528737657101e-43	c7
ACSM2B	0.000414988095270809	0.000501701235354773	0.0256344527044348	0	0.00228536465339776	c7
SDR42E2	5.44728442388099e-05	0.00906692861972195	1.02537810817739	0.52445395088643	0.000358921463670178	c7
SLC5A2	0.000464844980719633	0.00356253001850821	0.333247885157652	0.119287565299659	0.00253908321879073	c7
AC007342.4	0.00419590197669419	0.00109422593693355	0.128172263522174	0.0329069145654231	0.0190293658545463	c7
RBL2	6.34252511976428e-07	0.0814205434724344	24.3783645219175	21.9262885113734	5.62293437659673e-06	c7
GNAO1	2.23659167505288e-09	0.0200597737702882	2.28146629069469	1.17642219571387	2.74062154175825e-08	c7
DPEP2	1.22429638104388e-06	0.0178416698452131	2.74288643937452	1.68442268931759	1.0496025569389e-05	c7
WFDC1	0.000414988095270809	0.000622277655464131	0.0256344527044348	0	0.00228536465339776	c7
ATP2C2	0.00116469769964803	0.00102792428372977	0.0512689054088695	0.00411336432067788	0.00590177735701461	c7
LINC02138	0.00116558954881953	0.000759094365847468	0.0512689054088695	0.00411336432067788	0.00590211581435842	c7
SLC22A31	0.00647636798573992	0.00120217066984025	0.0769033581133043	0.0143967751223726	0.0282397689109241	c7
RPL13	1.77606214674698e-112	0.218543565526866	98.5644706485516	98.7495372465139	1.60988033182703e-109	c7
RFLNB	0.00558029477810198	0.0140200155809328	2.61471417585235	1.97647155608572	0.0246659007169689	c7
MIR22HG	0.000193709708516737	0.0257626161248989	7.1520123045373	5.7196330879026	0.00115680844092492	c7
SPNS2	0.00448078484093974	0.00139218314546806	0.102537810817739	0.0226235037637284	0.0202120459980413	c7
CXCL16	0.00905097691821042	0.00946852514848326	1.87131504742374	1.36358027230472	0.0382788983458942	c7
KDM6B	7.59572358541042e-05	0.0515400914505673	16.7905665214048	14.7279009501872	0.000488930419602189	c7
PER1	8.46968173411657e-23	0.137008779237939	26.0958728531146	20.169881946444	3.51554685642081e-21	c7
RPL26	2.15432749703408e-45	0.114732962662861	96.7700589592412	97.2543293159475	3.08768528186021e-43	c7
AC005722.2	0.000414988095270809	0.000516287322392826	0.0256344527044348	0	0.00228536465339776	c7
RPL23A	8.00821939922427e-31	0.112484114455737	91.5918995129454	92.0776603183744	5.57219216205775e-29	c7
AC005899.1	0.000414988095270809	0.000645181001370876	0.0256344527044348	0	0.00228536465339776	c7
AC015849.1	6.01728599241341e-05	0.00493890990343816	0.410151243270956	0.141911069063387	0.000393540829979643	c7
RPL23	0.00149377805782835	0.0462793146028768	57.4980774160472	57.7084447369503	0.00741648090354509	c7
RPL19	2.09769418873342e-86	0.180006702989866	97.8723404255319	98.0728888157624	9.60859227551998e-84	c7
NR1D1	0.00305589079181864	0.0184513447412066	2.89669315560113	2.18625313644029	0.0142463810642221	c7
RARA	7.81681092057335e-06	0.049151401640817	13.4068187644194	11.2192011846489	5.92854375066009e-05	c7
IGFBP4	1.26068148036533e-06	0.0283535437038011	4.40912586516278	3.02949282217926	1.0783151106476e-05	c7
AC004585.1	0.00186136230807491	0.0195186737296663	3.43501666239426	2.62021307227181	0.00907096325024941	c7
CCR7	2.04582002683706e-14	0.0671372168519698	11.4073314534735	7.99432355723746	4.28829450375382e-13	c7
EIF1	2.77805828400797e-24	0.0821767717665942	95.6421430402461	97.1144749290445	1.25566736831616e-22	c7
CCR10	0.00559763001176779	0.00354585258087306	0.333247885157652	0.148081115544404	0.0247310387741626	c7
RPL27	1.34586482779793e-15	0.079681595821985	83.3376057421174	83.7686643906051	3.18094535551001e-14	c7
RND2	0.00647096870915961	0.00115162450875906	0.0769033581133043	0.0143967751223726	0.0282304409041376	c7
STH	0.000414988095270809	0.000524235056689705	0.0256344527044348	0	0.00228536465339776	c7
CA10	0.000152657854734761	0.00620142718841964	0.692130223019738	0.320842417012875	0.000929190405098806	c7
AC005821.1	0.000414988095270809	0.00048068498378068	0.0256344527044348	0	0.00228536465339776	c7
TANC2	0.00786259320194108	0.00480132120184973	0.794668033837478	0.481263625519312	0.0336389400187141	c7
AC005828.2	0.000414988095270809	0.000336280839088099	0.0256344527044348	0	0.00228536465339776	c7
AC005828.3	0.000414988095270809	0.00039631411467758	0.0256344527044348	0	0.00228536465339776	c7
CYB561	3.04513938277052e-18	0.0321770546887628	3.537554473212	1.63094895314878	9.04587109117427e-17	c7
PRR29-AS1	5.93378701633451e-05	0.00176799068645199	0.153806716226609	0.0267368680844062	0.000388610327970761	c7
ERN1	1.52950489757374e-37	0.133750601105808	17.9184824403999	11.3343753856279	1.60301672671337e-35	c7
DDX5	3.39489574610528e-26	0.160210149894952	80.3127403229941	77.9667640162889	1.75706811007529e-24	c7
AXIN2	3.38724761079707e-05	0.00518715413340749	0.589592412202	0.236518448438978	0.000231273433165538	c7
RPL38	2.35553861058539e-33	0.15788164506847	78.185080748526	77.1749413845584	1.88544281436308e-31	c7
H3F3B	3.63194368738912e-05	0.015988137654869	95.4883363240195	96.8039159228333	0.000246475369056367	c7
LINC02080	6.05099969404505e-10	0.00167568157372231	0.102537810817739	0.00205668216033894	7.84758034566446e-09	c7
AC111182.1	0.00216517549618269	0.00865313050064289	1.40989489874391	0.915223561350829	0.0104168205122615	c7
CYTH1	6.87868636776132e-11	0.0985555211531496	26.2496795693412	22.7510180576694	9.99555387356929e-10	c7
AC127496.4	0.000414988095270809	0.000359184041037439	0.0256344527044348	0	0.00228536465339776	c7
LINC00482	0.000414988095270809	0.00032145972224878	0.0256344527044348	0	0.00228536465339776	c7
TGIF1	0.00172756227037028	0.0424748270388962	15.1499615483209	13.5823289868784	0.00847680810880443	c7
NDUFV2-AS1	0.00216982998777082	0.0254362243806022	6.38297872340426	5.28978651639176	0.0104362194363771	c7
ANKRD12	2.43601654366476e-11	0.11557292235904	38.5542168674699	35.3831598864711	3.75283063120941e-10	c7
AC090772.3	0.00547113489417051	0.000805954609764335	0.0512689054088695	0.00617004648101682	0.0242425098844571	c7
DSCAS	0.000414988095270809	0.000314871026052603	0.0256344527044348	0	0.00228536465339776	c7
RNF125	7.22191422836263e-05	0.0555422356277733	19.0720328120995	16.99025132656	0.000466233993052601	c7
GAREM1	0.00233330144144893	0.00186047864645326	0.153806716226609	0.0411336432067788	0.011136226518189	c7
CELF4	0.0113164350408021	0.00132386770945658	0.102537810817739	0.0267368680844062	0.0468382819200814	c7
SMAD7	0.00990731075382039	0.023618138202936	7.43399128428608	6.43330179754021	0.0415131669242414	c7
RPL17	7.63631300328781e-31	0.117933817976404	89.5155088438862	89.7536094771914	5.32446290029661e-29	c7
KDSR	7.75422609886672e-11	0.0790488166374112	15.1499615483209	12.0295339558225	1.1199880917476e-09	c7
C18orf63	0.000414988095270809	0.000383767545284061	0.0256344527044348	0	0.00228536465339776	c7
MBP	4.61403631514486e-08	0.0928142331736553	27.9671879005383	25.3383242153758	4.81473397440349e-07	c7
HSBP1L1	5.71683831731535e-05	0.0167729618203012	2.64034862855678	1.75434988276912	0.000375575560207879	c7
PLCB1	5.56999189413108e-06	0.0123660166212938	1.48679825685722	0.79593599605117	4.33626713429359e-05	c7
ID1	3.43074701299028e-06	0.0298569653345143	4.58856703409382	3.22282094525112	2.74935228964559e-05	c7
CCM2L	0.000414988095270809	0.000614687329607375	0.0256344527044348	0	0.00228536465339776	c7
ITCH-AS1	0.00116529219566315	0.000835313594535399	0.0512689054088695	0.00411336432067788	0.00590177735701461	c7
AL391095.3	0.000414988095270809	0.000597245241508359	0.0256344527044348	0	0.00228536465339776	c7
STK4	2.22975615414387e-05	0.0785964600166568	46.6290694693668	46.0511702521492	0.000157236252938766	c7
ZFAS1	0.000259766697659098	0.0573327062160807	52.1148423481159	52.4741886388877	0.00151698685462142	c7
ZNF831	1.68870505812595e-10	0.0685031242832087	13.150474237375	10.1373863683106	2.34613878373771e-09	c7
RPS21	2.45313633351138e-121	0.244369584389869	95.7703153037683	95.5226029369421	2.83700987425189e-118	c7
LIME1	3.23001787716488e-06	0.0673962753230779	21.6867469879518	19.2011846489244	2.60197148775281e-05	c7
LINC00266-1	0.00303152175141449	0.00155181047308738	0.0769033581133043	0.0123400929620336	0.0141465390982244	c7
ABCA7	0.00988340515294757	0.0191064908044235	4.94744937195591	4.11747768499856	0.0414233494150907	c7
RPS15	1.01279635817611e-23	0.0645097122626832	98.1799538579851	98.4451482867838	4.43435564758621e-22	c7
LINGO3	0.00354574253287273	0.00423716726966949	0.48705460138426	0.240631812759656	0.0163437483600173	c7
GIPC3	0.00547332234614793	0.000533995688900277	0.0512689054088695	0.00617004648101682	0.0242425098844571	c7
TJP3	0.00113615144862974	0.00528892536344348	0.640861317610869	0.322899099173214	0.00576900034582049	c7
EEF2	1.54256431391082e-11	0.0953370599829735	70.1614970520379	69.5179137016165	2.42073524165054e-10	c7
RPL36	2.65338632269191e-87	0.19258545413629	95.9753909254037	95.8681255398791	1.28969957232524e-84	c7
NRTN	0.00276058264570992	0.00252908610122847	0.230710074339913	0.0802106042532187	0.0129997782605756	c7
ACER1	0.00419842107869939	0.00109043304864568	0.128172263522174	0.0329069145654231	0.0190382160813169	c7
RETN	0.00643167134277331	0.00194605019198068	0.153806716226609	0.0473036896877956	0.0280793274529981	c7
RPS28	1.15796538253185e-120	0.205640644416751	98.231222763394	98.513018798075	1.29452809997844e-117	c7
JUNB	1.13476407307185e-52	0.356337083322731	80.2102025121764	76.3193616058574	2.1380740158811e-50	c7
PALM3	0.000414988095270809	0.000487642838820935	0.0256344527044348	0	0.00228536465339776	c7
ADGRE5	2.71089819763529e-05	0.0827882768107729	39.9384773135094	38.7458352186253	0.000187886141252929	c7
DNAJB1	7.65873074137277e-68	0.460923568712581	76.7495513970777	67.8026407798939	2.1227976165633e-65	c7
KLF2	1.55418920292976e-15	0.124642674351225	26.53165854909	21.4697050717782	3.6450627613887e-14	c7
NWD1	0.000414988095270809	0.000369383215343046	0.0256344527044348	0	0.00228536465339776	c7
AC008761.1	9.65749391748156e-10	0.0011722277818422	0.0769033581133043	0	1.22593880016842e-08	c7
RPL18A	3.25046079528856e-83	0.169557776043416	97.8467059728275	97.9865081650282	1.2977851684808e-80	c7
ARRDC2	0.0095336917778831	0.0315230002514938	10.792104588567	9.67257620007404	0.0400939205749731	c7
IQCN	0.00761334005985368	0.00658395672247523	1.10228146629069	0.719838756118629	0.0326642188726331	c7
JUND	1.58280396825035e-07	0.0964436729316542	47.3211996923866	45.7879149356258	1.52980056159021e-06	c7
UBA52	2.09290134121086e-21	0.0957098354460291	88.2337862086644	88.0259964625067	7.79042454844946e-20	c7
TMEM59L	0.00547004146413158	0.000887695298560669	0.0512689054088695	0.00617004648101682	0.0242425098844571	c7
PBX4	2.37905980190616e-05	0.0654445198418787	21.9430915149962	19.8140759327054	0.000166747978341335	c7
ZNF208	3.02412844397892e-07	0.00937154696282204	0.897205844655217	0.359919378059315	2.80019933059539e-06	c7
AC010300.1	0.00547660500432776	0.000571320258643349	0.0512689054088695	0.00617004648101682	0.0242506441292771	c7
KIAA0355	0.00421379473517349	0.0176237698420661	3.17867213534991	2.45362181728436	0.0191001821635692	c7
FXYD1	1.02670892842747e-17	0.0411700877210799	4.92181491925147	2.59553288634774	2.90825709810814e-16	c7
FXYD7	3.70829886093914e-23	0.0463970442254213	5.33196616252243	2.61198634363046	1.57031473735072e-21	c7
FXYD5	1.74291528640097e-31	0.176593585607205	73.5196103563189	70.7436962691786	1.27628587064008e-29	c7
AC012617.1	9.1120777146075e-05	0.000767362276858495	0.0512689054088695	0.00205668216033894	0.000577149881761107	c7
ZFP36	2.57473392854651e-26	0.227573133132008	81.0817739041271	80.9592365595821	1.34448453344106e-24	c7
RPS16	4.53682287157813e-24	0.0737365570308866	91.0279415534478	92.7769322528896	2.02143661798686e-22	c7
TGFB1	0.000112538296332632	0.0674541873214985	28.2235324275827	26.3214182880178	0.000701346436909393	c7
B3GNT8	0.0022457779806476	0.00364832006411577	0.410151243270956	0.183044712270166	0.0107721541640388	c7
RPS19	4.12919072028483e-33	0.0907980413502991	98.5388361958472	98.9983957879149	3.25081686330781e-31	c7
PLAUR	1.00666806507992e-07	0.0234447488986483	4.17841579082287	2.71070708732672	9.99160508039375e-07	c7
FOSB	2.28791501312034e-64	0.376331878578418	52.1404768008203	41.3578215622558	5.99469482109608e-62	c7
MEIS3	1.28430253345427e-06	0.00389640697991846	0.205075621635478	0.0329069145654231	1.09767936715059e-05	c7
NOP53	3.67923393402021e-22	0.161577759772174	49.4744937195591	45.1174365513554	1.46897794856155e-20	c7
RPL18	1.2535704863138e-40	0.109506796640582	96.1804665470392	96.6249845748838	1.48036080880254e-38	c7
PPP1R15A	1.2941203395126e-24	0.201738966756715	64.6500897205845	61.4845131833326	6.01138614218471e-23	c7
FLT3LG	0.000425627983170583	0.0545723343367307	20.8664445014099	19.1621076878779	0.00233858310936681	c7
RPL13A	5.98285704823351e-29	0.167453687758442	68.9310433222251	65.9022664637407	3.70892901448531e-27	c7
RPS11	1.33606942328974e-05	0.0449022133449462	73.5965137144322	74.3305499568097	9.7284186535587e-05	c7
IL4I1	1.16901324190268e-05	0.0228716798281713	2.94796206101	1.94150795935996	8.61678375976526e-05	c7
MYADM	5.44562160479198e-31	0.192951771621361	35.4268136375288	28.0922216280696	3.83687515507381e-29	c7
RPS9	1.04307897096775e-28	0.108748004989667	91.6688028710587	91.6149068322981	6.3260004572001e-27	c7
RPL28	4.11119986691368e-82	0.129120102110519	99.4616764932069	99.6853276294681	1.58484392110978e-79	c7
AC006115.1	9.10891313397752e-05	0.000792880115964129	0.0512689054088695	0.00205668216033894	0.000577149881761107	c7
ZSCAN18	1.10536965624394e-06	0.0169437248321462	2.17892847987695	1.25663279996709	9.5227042206805e-06	c7
RPS5	2.23918941526506e-29	0.114946863485608	89.4129710330684	89.9531076467443	1.4142737214531e-27	c7
AC012313.7	0.0113312266949305	0.00110965158969725	0.102537810817739	0.0267368680844062	0.0468879310172215	c7
RPS4Y1	1.2880620999735e-12	0.111183285335325	61.4201486798257	60.036608942454	2.27124220341279e-11	c7
SLC25A18	0.00116499491261097	0.000738081710892222	0.0512689054088695	0.00411336432067788	0.00590177735701461	c7
IGLV6-57	0.000538736478995789	0.0106625433310106	0.922840297359651	0.503887129283041	0.00290297943967879	c7
IGLV3-1	0.00448048974483655	0.00789523619487866	1.05101256088183	0.6601949734688	0.0202120459980413	c7
AP000350.5	0.000414988095270809	0.00043495924978793	0.0256344527044348	0	0.00228536465339776	c7
Z97353.2	0.00547222852149896	0.00102146425892799	0.0512689054088695	0.00617004648101682	0.0242425098844571	c7
CCDC117	0.00976544632460267	0.00194297563470704	4.28095360164061	5.34120357040023	0.0409935817671062	c7
XBP1	8.1736363254228e-13	0.107913045266189	25.8651627787747	21.868701410884	1.47777582254464e-11	c7
GAS2L1	2.50818955187873e-06	0.012022806738383	1.20481927710843	0.586154415696598	2.05019890789444e-05	c7
SELENOM	2.55640482851756e-10	0.0691270992948249	16.3547808254294	12.9714943852577	3.47252754713738e-09	c7
INPP5J	0.00116499491261097	0.000813355263021909	0.0512689054088695	0.00411336432067788	0.00590177735701461	c7
PIK3IP1	2.88242802838282e-18	0.120553797984362	25.8395283260702	20.5565381925877	8.59296633030248e-17	c7
RFPL2	0.000116555167385319	0.00344573811882529	0.281978979748782	0.0822672864135576	0.000724699147899301	c7
APOBEC3B-AS1	0.000414988095270809	0.000336535133181516	0.0256344527044348	0	0.00228536465339776	c7
RPL3	1.19830434064907e-69	0.207273718625531	91.15611381697	91.0698860598083	3.46454577385246e-67	c7
CACNA1I	1.01125144986117e-10	0.00826380937498867	0.692130223019738	0.185101394430505	1.43709114938322e-09	c7
SMDT1	0.000226510264639103	0.063918999928676	36.0676749551397	35.103451112665	0.00133697663770965	c7
CERK	3.38795988980012e-06	0.0552389639430484	11.9969238656755	9.95639833820081	2.71701097044755e-05	c7
AL118516.1	3.50644484051299e-06	0.0432706522361093	10.6639323250449	8.57842129077372	2.8033169740435e-05	c7
LINC01644	7.30015517429523e-18	0.0109259763903469	0.820302486541912	0.162477890666776	2.09437642630892e-16	c7
BRD1	0.000268222534612101	0.0267471251961246	5.58831068956678	4.38690304800296	0.0015598486849004	c7
AL117328.2	0.000414988095270809	0.000654502618821481	0.0256344527044348	0	0.00228536465339776	c7
ACR	0.000414988095270809	0.000443953172942063	0.0256344527044348	0	0.00228536465339776	c7
RBM11	0.00626913144641817	0.00354112637398061	0.410151243270956	0.199498169552877	0.0274232594821929	c7
AF127936.2	0.000414988095270809	0.000406606019171221	0.0256344527044348	0	0.00228536465339776	c7
AP000302.1	0.000414988095270809	0.000307909985033658	0.0256344527044348	0	0.00228536465339776	c7
LINC00114	9.10891313397752e-05	0.000726362215334156	0.0512689054088695	0.00205668216033894	0.000577149881761107	c7
MX2	0.0116163275581948	0.0412577762271382	13.4068187644194	12.348319690675	0.0479257465428389	c7
ITGB2-AS1	0.00713741680147396	0.0321169955323269	9.35657523711869	8.26374892024187	0.0307719095883576	c7
AP001469.1	0.000414988095270809	0.00047842161269853	0.0256344527044348	0	0.00228536465339776	c7
MT-ND1	5.65737980074973e-36	0.169904777586389	83.901563701615	83.2853440829254	5.45221849878001e-34	c7
MT-ND2	3.96166746833405e-33	0.198496837675955	77.595488336324	75.2272633787175	3.13364159323083e-31	c7
MT-CO1	2.56062743175235e-21	0.0854992464813522	97.0264034862856	97.930977746699	9.51033475150722e-20	c7
MT-ATP8	0.00800385979905873	0.0356254351140128	87.2340425531915	87.0038254288182	0.0341909884015834	c7
MT-ATP6	1.03189661421226e-49	0.157374059314326	95.5396052294283	96.3493891653984	1.73908284660556e-47	c7
MT-CO3	9.70337587788583e-32	0.153500304167029	92.0276852089208	91.9727695281971	7.15234769653923e-30	c7
MT-ND3	7.01049357449803e-105	0.310443472803989	94.2066136887977	92.8221792604171	5.3435893977617e-102	c7
MT-ND4L	1.11945706224298e-33	0.108590623102262	95.103819533453	95.9277693225289	9.29315617661016e-32	c7
MT-ND4	1.52457868379169e-26	0.173803339151978	81.6713663163291	79.3097774669903	8.03951570707638e-25	c7
MT-ND5	2.01150989376323e-15	0.112592243516717	79.4155344783389	78.6475258113611	4.6718849596282e-14	c7
MT-CYB	1.43368816972455e-56	0.232152981377452	91.3099205331966	90.7079099995887	2.98652384075913e-54	c7
