gene	p_val	avg_log2FC	pct.1	pct.2	p_val_adj	cluster
AL390719.2	0.00409371083892456	0.000145973249107151	0.0175963399612881	0	0.0131824171018581	c1
MMP23B	1.06985380634215e-19	0.0202717051892513	1.70684497624494	0.619128949615713	9.71851488545589e-19	c1
AL139246.5	0.000945384356210742	0.0338352888442337	6.31708604610241	5.38855678906917	0.00328392548302391	c1
CHD5	0.00409371083892456	0.000367049732435709	0.0175963399612881	0	0.0131824171018581	c1
ZBTB48	0.00231911003203187	0.000645981772364392	2.55146929438677	3.35610589239966	0.00775920912353201	c1
DHRS3	2.167170575352e-10	0.031671065280299	3.60724969206405	2.26942783945346	1.19288637380856e-09	c1
CELA2B	0.00409371083892456	0.00028382319787005	0.0175963399612881	0	0.0131824171018581	c1
EPHA2	0.00200240898811049	0.00100166145284363	0.0527890198838642	0.00640478223740393	0.00674468139432053	c1
BX284668.5	0.0007156869641165	0.0144050282596453	2.04117543550941	1.46883005977797	0.0025075960512473	c1
AL050344.1	9.32584050258195e-05	0.00252150469371295	0.211156079535457	0.0597779675491033	0.000351941081102277	c1
RSRP1	5.73373951913097e-08	0.109195211420823	33.5914129860989	34.0777113578138	2.72724657484916e-07	c1
MACO1	0.000150282706313839	0.000559426277335059	6.42266408587014	8.09137489325363	0.000557727277232878	c1
LIN28A	0.00409371083892456	0.000354001296827201	0.0175963399612881	0	0.0131824171018581	c1
ARID1A	4.32744008693237e-06	0.0051946707538294	10.4170332570825	13.2813834329633	1.80223128816016e-05	c1
THEMIS2	0.0046950791287	0.000573607467408754	2.67464367411578	3.43082835183604	0.0150194166175449	c1
RCC1	0.00038579052373762	0.00582838599552468	11.7543550941404	14.16951323655	0.00138233360952054	c1
SNHG12	1.2595438547995e-05	0.107713260732432	25.109977124758	25.0704526046114	5.07662321863546e-05	c1
AL360012.1	6.45319604402084e-05	0.0119780384710605	1.02058771775471	0.58070025619129	0.000246640785098998	c1
EPB41	4.24726197114771e-05	0.000654140651386498	11.3144465951082	13.9581554227156	0.000164580787970366	c1
LINC01778	0.00409371083892456	0.000336279680556488	0.0175963399612881	0	0.0131824171018581	c1
HCRTR1	0.00409371083892456	0.000418464153383694	0.0175963399612881	0	0.0131824171018581	c1
AL354919.2	0.00409371083892456	0.000338369114816014	0.0175963399612881	0	0.0131824171018581	c1
MARCKSL1	1.25641697113525e-43	0.184998217046375	21.8370578919585	15.898804440649	3.13291541843375e-42	c1
AC114489.1	0.00409371083892456	0.000358518714753839	0.0175963399612881	0	0.0131824171018581	c1
ZC3H12A	0.0120191271392703	0.0637580615719422	19.5143410170684	19.4513236549957	0.036691924813112	c1
MACF1	0.00101888215149085	0.0104334494689045	20.9396445539328	25.1195559350982	0.00352863172208798	c1
SCMH1	0.003502291440066	0.000126740300509489	1.56607425655464	2.1733561058924	0.0115293937736658	c1
SLC2A1	0.00575226396196484	0.00550326693318261	4.48706669012845	5.48462852263023	0.0182446972532984	c1
TUT4	1.42902482863648e-05	0.00502990615422239	12.6165757522435	15.7685738684885	5.73628183157513e-05	c1
AL591167.1	0.00409371083892456	0.000373616267126567	0.0175963399612881	0	0.0131824171018581	c1
MROH7	0.00409371083892456	0.000206647899391201	0.0175963399612881	0	0.0131824171018581	c1
USP24	0.0029307453360496	0.00700720128038212	4.73341544958649	5.84970111016225	0.00972026672077052	c1
JUN	1.36651400930858e-70	0.394263577847682	69.9630476860813	68.4457728437233	8.69642255107993e-69	c1
DNAJC6	8.41431067675863e-05	0.00541059994200207	0.457504838993489	0.196413321947054	0.000318617084201345	c1
AL513493.1	0.00409371083892456	0.00044013532979165	0.0175963399612881	0	0.0131824171018581	c1
PRKACB	0.000197365453200809	0.00614492163514618	16.2062291043463	19.6242527754056	0.000724523048319696	c1
TGFBR3	1.86191616746777e-14	0.0634285448494701	8.6925919408763	6.22971818958155	1.29071815677003e-13	c1
EPHX4	0.00318325085403618	0.00246628171189614	0.299137779341897	0.13663535439795	0.0105202864744448	c1
AC104836.1	0.0116460568389987	0.000781331736687704	0.0351926799225761	0.00426985482493595	0.035611078605824	c1
DPYD	0.00337456008605432	0.0059261148227438	7.46084814358613	8.92399658411614	0.0111240412980234	c1
SLC30A7	0.000312362447812856	0.00114230014120538	5.87717754707021	7.3868488471392	0.0011290274275116	c1
S1PR1	1.68955153069115e-06	0.0396157551563218	7.17930670420553	5.72374039282664	7.25347916491548e-06	c1
GSTM1	0.00409371083892456	0.000304340704206897	0.0175963399612881	0	0.0131824171018581	c1
PROK1	0.00409371083892456	0.000492818431605438	0.0175963399612881	0	0.0131824171018581	c1
KCNA3	0.00270761183165565	0.036417180565181	6.80978356501848	5.97779675491033	0.00901408433691357	c1
LRIF1	0.000367119868349784	0.00485380180653153	5.71881048741862	7.20538001707942	0.00131712303644791	c1
DENND2D	4.44704945109274e-05	0.00716463953190616	16.8748900228752	20.766438941076	0.000172064079938565	c1
DENND2C	0.00513739628099494	0.00231316461627816	0.263945099419321	0.119555935098207	0.0163734673070425	c1
WARS2	0.000687162383619873	0.00225622984331024	4.18792891078656	5.35866780529462	0.00241168397047335	c1
HAO2	0.00409371083892456	0.000330122777794472	0.0175963399612881	0	0.0131824171018581	c1
AC239800.2	5.51463686798932e-06	0.00221715502740071	0.158367059651592	0.0277540563620837	2.2765865494661e-05	c1
AC246785.3	0.0081216176930259	0.0064667576155166	0.651064578567658	0.407771135781383	0.0253190940870703	c1
NBPF15	0.00400811093085401	0.00239263320704694	3.58965335210276	4.49615713065756	0.013113259623352	c1
PPIAL4D	0.00184549021077178	0.000576940769328545	0.0351926799225761	0.00213492741246798	0.00623767247159376	c1
PDZK1	9.32196740604658e-05	0.0022182314638167	0.158367059651592	0.0362937660119556	0.000351834506936743	c1
NBPF12	0.000482524940020318	0.000291724797107901	3.73042407179307	4.85909479077711	0.00171411094570505	c1
HIST2H2BF	0.0108938686045395	0.000246142947980407	1.09097307759986	1.53287788215201	0.0334884111144862	c1
RPRD2	0.00046603908449261	0.00472602370032722	6.42266408587014	8.00170794192997	0.00165835743402792	c1
MCL1	2.36006509260438e-43	0.1995596420048	57.3112792539152	57.8885567890692	5.81998993204158e-42	c1
GOLPH3L	0.00835469706688826	0.000780652912710993	1.30212915713532	1.80187873612297	0.0259930822892095	c1
DENND4B	0.00255421350182146	0.00188527427595796	3.62484603202534	4.57941929974381	0.00851946418936728	c1
RPS27	8.8508073479532e-207	0.257490371797164	98.8914305824389	99.3701964133219	1.06013706012734e-203	c1
LMNA	6.75392018470086e-24	0.193632088747508	34.9815238430406	30.5785653287788	7.59316369713829e-23	c1
C1orf61	0.0118251951387025	0.0108739007893288	1.60126693647721	1.21477369769428	0.0361294884359848	c1
MEF2D	0.00382901112023407	0.0106612574022692	9.46683089917297	11.2040990606319	0.0125542452781709	c1
PYHIN1	0.00121477056935399	0.0126702377476232	14.9568889670948	17.8821520068318	0.00417899018924956	c1
FCER1A	0.0156559756680214	0.00172428918996969	0.123174379729016	0.0448334756618275	0.047129531635769	c1
FCRL6	1.044457301284e-11	0.0327819567548684	3.62484603202534	2.20538001707942	6.2218488402243e-11	c1
SLAMF7	6.87902791528308e-14	0.0591433494911234	6.475453105754	4.4000853970965	4.62806094729717e-13	c1
LY9	0.000128280581403442	0.0487725191168266	9.41404187928911	8.20452604611443	0.000478508968869828	c1
LINC01675	0.0114432316221675	0.00188035959302901	0.123174379729016	0.0426985482493595	0.035058290138326	c1
MPZL1	0.00846405300856098	3.0092092642351e-05	0.985395037832131	1.42399658411614	0.0263230164874924	c1
XCL2	1.64950066025988e-45	0.174397494205564	14.8161182474045	9.17805294619983	4.41155926186571e-44	c1
XCL1	2.29273562550732e-28	0.113807411962915	11.2264648953018	7.24594363791631	3.12195563979962e-27	c1
COLGALT2	7.93970143918646e-05	0.0111984840586917	1.16135843744501	0.689581554227156	0.000301155515570499	c1
C1orf21	6.67248498780763e-47	0.0802700789709099	7.10892134436037	3.35824081981213	1.88368519798899e-45	c1
CFH	1.29421842339139e-09	0.0148100278866257	1.39011085694176	0.661827497865073	6.80123746219059e-09	c1
NEK7	3.33712290281776e-06	0.000297906722506708	10.4874186169277	13.3411614005124	1.40128243288722e-05	c1
KIF21B	0.0111038702471514	0.00677921614458715	4.80380080943164	5.76216908625107	0.0341027106546669	c1
LGR6	6.51608008431448e-41	0.0320929594723971	2.25233151504487	0.602049530315969	1.46178122988454e-39	c1
BTG2	4.11788615466795e-72	0.310356888008758	45.3809607601619	39.2207514944492	2.80133196460961e-70	c1
AL592146.1	0.00409371083892456	0.000368250470510911	0.0175963399612881	0	0.0131824171018581	c1
RAB29	4.63385764678065e-05	0.00288692292869092	9.37884919936653	11.6929974380871	0.000179023520052678	c1
MARC1	0.00200240898811049	0.00111133037313755	0.0527890198838642	0.00640478223740393	0.00674468139432053	c1
WNT3A	0.00409371083892456	0.000291059630306085	0.0175963399612881	0	0.0131824171018581	c1
HIST3H2A	0.00205903162059439	0.00643098982959975	7.12651768432166	8.60802732707088	0.00692844411472807	c1
PCNX2	0.000495429977617264	0.00205555848482522	4.61024106985747	5.88812980358668	0.00175865057041996	c1
ERO1B	0.0153512108525119	0.0392306299424108	7.77758226288932	7.14133219470538	0.0462494528900058	c1
AC116609.2	0.00409371083892456	0.000258655139005683	0.0175963399612881	0	0.0131824171018581	c1
AC108488.2	0.00409371083892456	0.000336625609884737	0.0175963399612881	0	0.0131824171018581	c1
RPS7	9.58739347000836e-36	0.0427336493999411	94.8618687313039	97.2587532023911	1.76140824234907e-34	c1
RNF144A	0.000372423670386708	0.0151106086230622	2.14675347527714	1.53287788215201	0.00133572292347657	c1
POMC	0.00953409863247421	0.000947187720774068	3.30811191272215	4.07771135781383	0.0294922154524922	c1
LINC01381	0.00409371083892456	0.00031817645783092	0.0175963399612881	0	0.0131824171018581	c1
YPEL5	2.29152372040699e-64	0.278467009096157	54.9709660390639	52.0580700256191	1.20648544011004e-62	c1
AC006369.1	1.91585959969965e-07	0.0351588582642702	5.26130564842513	3.88983774551665	8.7850832997986e-07	c1
SRSF7	2.08012389594654e-67	0.214224238112604	69.2240014077072	70.8518360375747	1.20489110919266e-65	c1
ZFP36L2	2.94045195372861e-113	0.399710283471517	79.8169980644026	75.7600341588386	6.84839427945488e-111	c1
AC104781.1	0.00409371083892456	0.000393030480645274	0.0175963399612881	0	0.0131824171018581	c1
RPS27A	1.81591312999543e-68	0.123047783644062	97.3253563258842	98.4244235695986	1.08948290793894e-66	c1
LINC01805	0.00409371083892456	0.000353705453348371	0.0175963399612881	0	0.0131824171018581	c1
PLEK	2.58127829595057e-24	0.0831283464054431	9.2732711595988	6.0269000853971	2.95363055235723e-23	c1
TGFA	3.06338431296979e-09	0.006930049285316	0.510293858877353	0.149444918872758	1.57624705566709e-08	c1
EGR4	3.06524395173256e-06	0.0130274093239607	1.02058771775471	0.525192143467122	1.29067359263285e-05	c1
CD8A	4.3910298096057e-08	0.106327614291992	46.5775118775295	42.5384286934244	2.10380511077937e-07	c1
CD8B	0.000473481095392074	0.0696739981538148	35.0871018828084	34.2186165670367	0.00168358873804701	c1
AC009237.15	0.00409371083892456	0.000384150523945308	0.0175963399612881	0	0.0131824171018581	c1
ADRA2B	1.98035135199209e-10	0.00930847915362378	0.703853598451522	0.230572160546541	1.09328433980429e-09	c1
ASTL	5.86878544138388e-14	0.0158021189393335	1.51328523667077	0.623398804440649	3.96429659885464e-13	c1
DUSP2	9.71818469930245e-245	0.657520596266349	67.9746612704558	58.0038428693424	2.03705299028254e-241	c1
AC079447.1	0.0151154655803577	0.000840236953319872	0.0527890198838642	0.0106746370623399	0.0455883529347154	c1
ZC3H6	0.000565832171643402	0.000131687553360779	4.73341544958649	6.00128095644748	0.00199967116676253	c1
DPP10-AS1	0.00409371083892456	0.000376147002448646	0.0175963399612881	0	0.0131824171018581	c1
AC009404.1	0.00221973240678336	0.0058778334848453	0.615871898645082	0.352263023057216	0.00744081813680162	c1
PTPN4	0.0059114026293655	0.0112097974617771	11.5080063346824	13.4906063193851	0.0187193486340912	c1
TFCP2L1	0.012996773745746	0.00174396151361965	0.140770719690304	0.0533731853116994	0.0395253715891211	c1
CNTNAP5	0.00409371083892456	0.000223763970290078	0.0175963399612881	0	0.0131824171018581	c1
MGAT5	0.00372458579608237	0.00270130533343781	4.24071793067042	5.24338172502135	0.0122226182415862	c1
CXCR4	5.20763156810614e-138	0.443281033557834	66.9892662326236	60.1558497011102	2.00751204058786e-135	c1
NR4A2	3.49088390884724e-81	0.339268461917799	51.0645785676579	44.8377455166524	3.08910988218783e-79	c1
DLX2	0.00412356296678825	0.00696542603420234	0.686257258490234	0.418445772843723	0.0132747220944658	c1
ITGA6	2.26015743420105e-08	0.0267187953480673	3.237726552877	2.10717335610589	1.10224167555962e-07	c1
AC016737.1	0.00200274641204223	0.000843718561982427	0.0527890198838642	0.00640478223740393	0.00674514050683593	c1
AC012499.1	0.00409371083892456	0.000223763970290078	0.0175963399612881	0	0.0131824171018581	c1
PMS1	0.00032219385101703	0.00514198794191811	5.5956361076896	7.07941929974381	0.00116290759528725	c1
IGFBP2	3.93117722037342e-05	0.0120217392999129	1.05578039767728	0.595644748078565	0.000152738440241988	c1
TUBA4A	2.01087268413962e-59	0.287604196648849	40.805912370227	35.6468830059778	8.81577099093786e-58	c1
EPHA4	2.50258821534417e-41	0.0547283048709083	4.45187401020588	1.78906917164816	5.71742531104991e-40	c1
AC079834.2	2.35070232702606e-06	0.00189483272081737	0.123174379729016	0.0149444918872758	9.99845968849716e-06	c1
ITM2C	7.98778269421393e-26	0.15457369973329	23.0863980292099	18.5439795046968	9.69577473755145e-25	c1
AC017104.3	0.00409371083892456	0.000283710038483852	0.0175963399612881	0	0.0131824171018581	c1
ATG16L1	0.0127523627523626	0.00412192900427973	3.48407531233503	4.25491033304868	0.0388278476612562	c1
SH3BP4	1.55427302943973e-05	0.00121243662319715	0.0879816998064403	0.0085397096498719	6.21968844545395e-05	c1
AGAP1	0.00885087250139989	0.00400842570484382	0.475101178954777	0.275405636208369	0.0274572714783044	c1
AQP12B	0.00409371083892456	0.000278457294519633	0.0175963399612881	0	0.0131824171018581	c1
RTP5	6.03679281126037e-06	0.0142090282844631	1.6188632764385	0.977796754910333	2.48755322894766e-05	c1
IL5RA	0.000229056677677696	0.00744973968697275	0.651064578567658	0.33731853116994	0.000837012732180713	c1
LRRN1	1.06219943018106e-05	0.00113625143113832	0.0703853598451522	0.00426985482493595	4.30294051086029e-05	c1
RPL32	2.90230249901698e-08	9.71221037322501e-05	97.6420904451874	98.8663535439795	1.40783079566143e-07	c1
PLCL2	0.00667232017993077	0.00167136165795626	3.46647897237375	4.2997438087105	0.0209960850248188	c1
LINC02084	1.49815341494411e-12	0.0376583939095093	4.17033257082527	2.58326216908625	9.34965932832074e-12	c1
EOMES	2.64884205724714e-38	0.0871428023102816	7.46084814358613	3.90905209222886	5.34517839446176e-37	c1
CMC1	2.74186871396276e-128	0.339446255628221	28.7172268168221	17.969684030743	8.43640302099845e-126	c1
CLASP2	0.000459491692436633	0.00216684796172886	4.57504838993489	5.84543125533732	0.00163557974749945	c1
AC123023.1	0.00635244812230892	0.000568411089765452	0.0527890198838642	0.0085397096498719	0.0200516146000938	c1
TRANK1	4.0093507540294e-05	0.00153895526762304	7.68960056308288	9.74380871050384	0.000155703572937284	c1
EPM2AIP1	0.00120300566914448	0.00466191206793323	4.36389231039944	5.51878736122972	0.00414021591911417	c1
CSRNP1	1.56424932371485e-11	0.114842214434203	44.6595108217491	45.5358667805295	9.21028683615669e-11	c1
ZNF621	0.012868786201765	0.000865244312052552	1.56607425655464	2.07514944491887	0.0391609973355227	c1
NKTR	4.3435655066573e-05	0.00538499453452607	18.7752947386944	23.0849701110162	0.00016819593576062	c1
ACKR2	0.000399439481958964	0.000957967164446793	0.0527890198838642	0.00426985482493595	0.00142955942225373	c1
PRKAR2A	0.00130668620783246	0.00735844697716748	9.78356501847616	11.7100768573868	0.004479570892189	c1
UBA7	0.000683169248197269	0.0036014180289516	5.84198486714763	7.26729291204099	0.00239867360197236	c1
Z84492.1	0.00409371083892456	0.000316981805345221	0.0175963399612881	0	0.0131824171018581	c1
NISCH	0.00125138851048923	0.00300982944313569	4.94457152912194	6.17207514944492	0.00429702752787835	c1
CLDND1	0.00526626724832689	0.0865360407733654	27.608657399261	29.1823228010248	0.0167666670756016	c1
SENP7	0.00807425043256157	0.0123570815042952	9.07971142002464	10.6746370623399	0.0251737669431301	c1
BBX	0.000341470351125673	0.00369138103384326	14.1826500087982	17.0239111870196	0.00122864849651891	c1
TRAT1	4.73349267442262e-15	0.106362899163169	16.2942108041527	13.3817250213493	3.38706800330245e-14	c1
PLCXD2	0.00183565812023832	0.000241893486170652	3.60724969206405	4.59009393680615	0.00621108777608483	c1
CD200R1	0.00761636461523368	0.000648903162622116	2.63945099419321	3.34970111016225	0.0238236930111646	c1
USF3	0.000485458614332661	0.000847917542443316	4.06475453105754	5.25405636208369	0.00172416721460222	c1
AC093010.2	0.00507725702012724	0.00271830770413904	6.24670068625726	7.46157130657558	0.01619718880824	c1
ZBTB20	4.70529677175797e-05	0.0770654627666284	16.8396973429527	15.7877882152007	0.000181657929240496	c1
UPK1B	0.00409371083892456	0.000475437583841364	0.0175963399612881	0	0.0131824171018581	c1
PARP15	0.000949585836418299	0.00490596473216942	7.30248108393454	8.90478223740393	0.00329749531805725	c1
AC084035.1	0.00184549021077178	0.000726635024595893	0.0351926799225761	0.00213492741246798	0.00623767247159376	c1
PLXND1	6.65499005843272e-09	0.0252116331447782	3.18493753299314	2.02391118701964	3.35631664029649e-08	c1
ASTE1	0.00520157708242802	0.00255699768913172	3.34330459264473	4.19299743808711	0.0165669983086867	c1
NPHP3	0.00710178733970023	3.66920132440045e-05	1.49568889670948	2.03885567890692	0.0222826965851685	c1
AC072039.2	0.0116440272751068	0.000631705179970133	0.0351926799225761	0.00426985482493595	0.035611078605824	c1
MSL2	0.000174826295038234	0.000584660391031472	8.2526834418441	10.1729291204099	0.000645030174146568	c1
NCK1	3.26494693031708e-05	0.0042270792650837	10.6809783565018	13.3219470538002	0.000127696548278687	c1
IL20RB	0.0163108907862213	0.00196254916422245	0.193559739574169	0.087532023911187	0.0489428876432219	c1
GK5	0.0161484971591322	0.00243619101229855	3.18493753299314	3.88556789069172	0.0485033402940153	c1
GYG1	0.00473442528220113	0.0201698506760051	13.989090269224	16.5456874466268	0.0151380641733684	c1
TSC22D2	2.76555524299069e-09	0.0598253052841426	9.02692240014077	7.10930828351836	1.4265024875334e-08	c1
MLF1	1.18846832192254e-09	0.0506199292053235	6.58103114552173	4.83134073441503	6.25629423648377e-09	c1
TERC	0.00281879647574127	0.00391507362618564	0.369523139187049	0.181468830059778	0.00936285987950982	c1
PHC3	1.89468133078194e-05	0.0013918365617831	9.02692240014077	11.4047822374039	7.53603207682219e-05	c1
SKIL	2.86047073353473e-10	0.111109120950698	21.1683969734295	19.4000853970965	1.56551023925078e-09	c1
NAALADL2	6.63790970430174e-05	0.00105024467291104	0.0879816998064403	0.0106746370623399	0.000253498309796028	c1
ZNF639	0.000999549865069503	0.00379433785436115	3.57205701214147	4.62425277540564	0.00346561598001664	c1
EIF4A2	2.61065902336619e-06	0.0682637741024877	47.8444483547422	52.3377455166524	1.10592752716503e-05	c1
TPRG1	2.08178025096115e-16	0.0405265502972285	4.275910610593	2.45730145175064	1.59951308262853e-15	c1
RPL35A	1.15388883026485e-40	0.0575274316816703	93.7884919936653	96.5627668659266	2.5645542471453e-39	c1
LYAR	2.54917509918297e-93	0.240389302263972	24.986802745029	15.7386848847139	3.40614479985651e-91	c1
LDB2	3.37528871552597e-06	0.00598979075904039	0.475101178954777	0.177198975234842	1.41695372313568e-05	c1
DTHD1	1.03257041225278e-19	0.0767462970161344	8.27027978180538	5.49103330486763	9.38746177450086e-19	c1
KLF3	0.000701272640738588	0.0390257935869796	10.2410698574696	9.10119555935098	0.00245837585712248	c1
LNX1-AS1	0.00409371083892456	0.000319837757540513	0.0175963399612881	0	0.0131824171018581	c1
KIT	1.05047042809007e-37	0.0172680168647776	0.985395037832131	0.132365499573015	2.06995753333048e-36	c1
THEGL	0.0151100443481026	0.00100800771929402	0.0527890198838642	0.0106746370623399	0.0455843003819973	c1
SPINK2	4.34856941771744e-05	0.0146987636914421	1.30212915713532	0.783518360375747	0.000168370262215894	c1
SLC4A4	3.90930404457311e-14	0.0169575687373994	1.33732183705789	0.51665243381725	2.66972590199334e-13	c1
AREG	8.1998803358895e-10	0.0953128764465432	15.3088157663206	12.869342442357	4.3596637080701e-09	c1
THAP9-AS1	0.00527850435211113	0.00372022632539268	3.80080943163822	4.70751494449189	0.0168040321747606	c1
PLAC8	8.98187094760723e-05	0.0387538257193339	7.60161886327644	6.40264730999146	0.000339418577848847	c1
AC114781.2	0.0116440272751068	0.00058433594707245	0.0351926799225761	0.00426985482493595	0.035611078605824	c1
HELQ	0.00253308136366211	0.00292821402468621	4.06475453105754	5.08966695132365	0.00845150047498008	c1
AC104785.1	0.00409371083892456	0.000266115827134658	0.0175963399612881	0	0.0131824171018581	c1
RPL34	1.94574058936917e-44	0.0971692138868869	97.008622206581	98.2856532877882	4.97379938157495e-43	c1
SNHG8	6.51295407795205e-06	0.0911768856903397	36.1252859405244	37.3270708795901	2.67882577711989e-05	c1
PGRMC2	0.00174410833413975	0.000124148435057071	3.07935949322541	3.98804440649018	0.00591265594969969	c1
AC110609.1	0.00409371083892456	0.000216198069404436	0.0175963399612881	0	0.0131824171018581	c1
JADE1	0.000323484480850654	0.00383201603365045	6.17631532641211	7.74551665243382	0.00116656156115798	c1
IL15	0.00151577625090596	0.0135495575019603	1.75963399612881	1.26174210076857	0.00516870428127363	c1
NR3C2	2.27913946459672e-05	0.00987483823085953	1.07337673763857	0.597779675491033	9.00327200985217e-05	c1
AC108156.1	0.00409371083892456	0.00026352558530909	0.0175963399612881	0	0.0131824171018581	c1
LINC02273	7.7854204131233e-05	0.0231160772046466	3.51926799225761	2.64944491887276	0.000295504107984755	c1
AC079340.1	0.00409371083892456	0.000208848810916946	0.0175963399612881	0	0.0131824171018581	c1
CDKN2AIP	0.000685032702968715	0.00645332289236397	9.41404187928911	11.3834329632792	0.00240471287336872	c1
AC107214.2	0.0116440272751068	0.000701099359566949	0.0351926799225761	0.00426985482493595	0.035611078605824	c1
TLR3	0.00303633545799746	0.00801012424012433	0.739046278374098	0.452604611443211	0.0100565493373809	c1
CYP4V2	0.00255646448517019	0.00136480663595645	4.06475453105754	5.08539709649872	0.00852527651423266	c1
LPCAT1	0.00136369425549592	0.0444299432183783	7.84796762273447	6.94705380017079	0.00466546750390922	c1
SLC45A2	0.00409371083892456	0.00040152730664131	0.0175963399612881	0	0.0131824171018581	c1
PRKAA1	0.000174314970480077	0.000218343155234016	6.65141650536688	8.33689154568745	0.000643227895676438	c1
AC025171.3	6.17737269917504e-06	0.0242863162514111	3.32570825268344	2.36976942783945	2.54360620730427e-05	c1
PARP8	6.37919065331759e-35	0.190594720429924	32.3948618687313	27.6985482493595	1.13378535310528e-33	c1
GZMK	0	0.935542999875976	50.6774590885096	18.0721605465414	0	c1
TRIM23	0.0108059386135274	0.00261220946324579	2.04117543550941	2.63877028181042	0.0332333396809244	c1
PIK3R1	2.20188010845117e-24	0.177479124194156	31.9901460496217	29.0435525192143	2.52553539935826e-23	c1
TMEM171	1.03136869483378e-28	0.0185916553794063	1.19655111736759	0.260461144321093	1.42345857149527e-27	c1
ENC1	1.47763887358343e-29	0.0591633118612267	5.66602146753475	2.92058070025619	2.11420872620482e-28	c1
FAM169A	0.00304917784779922	0.0117570753872467	1.63645961639979	1.18488471391973	0.0100950964125854	c1
AC116337.3	6.37487967795459e-10	0.00318328364895563	0.211156079535457	0.0256191289496157	3.41643839308471e-09	c1
AC026725.1	0.0116521474139096	0.000525754097489148	0.0351926799225761	0.00426985482493595	0.0356169996324919	c1
F2R	1.25111868292052e-08	0.068247803333276	10.2058771775471	8.34116140051238	6.20710331180301e-08	c1
RPS23	6.80421970242315e-27	0.0379177881546426	95.1786028506071	97.4402220324509	8.69001981644584e-26	c1
AC018754.1	0.000941423948107345	0.00542430820454832	0.54548653879993	0.286080273270709	0.00327050718579077	c1
ARRDC3	0.00252863492801268	0.0026059439824391	6.00035192679923	7.27156276686593	0.00843834410106362	c1
SLF1	0.000119005250091907	0.0103080880366898	7.75998592292803	9.76515798462852	0.000445297118998368	c1
RHOBTB3	0.0161077881425872	0.00375817970979039	0.369523139187049	0.209222886421862	0.0483940695804076	c1
SLCO4C1	0.0070666018573326	0.00492229205790621	0.580679218722506	0.350128095644748	0.0221847508275972	c1
FER	0.00105087768149688	0.011502572642721	1.30212915713532	0.868915456874466	0.0036338112879722	c1
MAN2A1	0.0142562384613339	0.0204556559391519	9.83635403836002	11.4880444064902	0.0431210069910009	c1
EPB41L4A	3.45759490917861e-10	0.00963901175113063	0.756642618335386	0.262596071733561	1.88339805203885e-09	c1
AC010261.2	0.00409371083892456	0.000276367777427034	0.0175963399612881	0	0.0131824171018581	c1
APC	0.000228721822387149	0.00200405518568947	4.90937884919937	6.31298035866781	0.000835880187340112	c1
CCDC112	2.18963116433456e-07	0.0129337862438627	1.30212915713532	0.678906917164816	9.99943491141783e-07	c1
ACSL6	6.42965067328179e-09	0.0219097088149962	2.28752419496745	1.33219470538002	3.24706556663943e-08	c1
AC116366.3	0.00046676318281301	0.0108642182782713	15.2384304064755	18.3219470538002	0.00166075786390651	c1
TCF7	0.00679389427079823	0.0310911795906673	8.21749076192152	7.38257899231426	0.0213686229066896	c1
FAM53C	7.55692698639673e-10	0.0821313939463179	12.70455745205	10.5849701110162	4.02931982940816e-09	c1
EGR1	3.02096968609813e-156	0.471213696759969	30.7935949322541	17.8138343296328	1.60821081479935e-153	c1
PSD2	0.00637677957336233	0.00112513031422546	0.0703853598451522	0.0149444918872758	0.0201151649107812	c1
NRG2	0.00771350705037102	0.00529879470530879	0.580679218722506	0.352263023057216	0.0241163046010388	c1
PURA	0.00015938412060521	0.00246829792188775	5.70121414745733	7.26729291204099	0.000590132991483498	c1
PCDHB14	0.00409371083892456	0.000282416489074101	0.0175963399612881	0	0.0131824171018581	c1
AC008781.2	0.0151208885255421	0.000694303186171367	0.0527890198838642	0.0106746370623399	0.0455965077656564	c1
SPRY4	0.00850096269161228	0.00106670562688849	0.0879816998064403	0.0234842015371477	0.0264304520952343	c1
ARHGAP26	8.91519981998577e-06	0.0408314126292736	5.49005806792187	4.32536293766012	3.6321425116944e-05	c1
PPP2R2B	0.00405996763313871	0.04071444675311	7.49604082350871	6.71007685738685	0.0131824171018581	c1
ADRB2	2.77357343296035e-46	0.0820165642712748	7.54882984339257	3.66353543979505	7.63085363368533e-45	c1
AFAP1L1	3.02475952845058e-06	0.00173235035660704	0.105578039767728	0.0106746370623399	1.27426686427805e-05	c1
RPS14	2.28138400220041e-82	0.114551619029199	96.1815942284005	97.7988898377455	2.09052067392889e-80	c1
SGCD	3.0137831429212e-11	0.00517326591744593	0.369523139187049	0.0704526046114432	1.74570395591176e-10	c1
SLIT3	1.84217818107428e-19	0.00350938409022342	0.211156079535457	0.00426985482493595	1.65239293492563e-18	c1
DUSP1	1.56528441362908e-128	0.44947278169169	76.0161886327644	72.3783091374893	4.8607878392863e-126	c1
ERGIC1	0.00411497879319723	0.00479485647503634	4.32869963047686	5.33091374893254	0.0132496312179578	c1
RGS14	5.69417144609176e-05	0.00318338202773899	11.0680978356502	13.6763450042699	0.000218527431009298	c1
N4BP3	0.0112094735309872	0.0110994472942977	1.42530353686433	1.06105892399658	0.0343955465034078	c1
LTC4S	0.000378770891950071	0.0144976854979817	1.98838641562555	1.39837745516652	0.00135776166889926	c1
RNF130	8.97954158645938e-06	0.0255937867749324	3.9767728312511	2.94406490179334	3.65657923417526e-05	c1
GFPT2	0.00478508471055934	0.00633998464328803	1.038184057716	0.700256191289496	0.0152927550050256	c1
OR2V2	0.00409371083892456	0.000316462681314831	0.0175963399612881	0	0.0131824171018581	c1
AL392183.1	0.00409371083892456	0.000235875297475447	0.0175963399612881	0	0.0131824171018581	c1
TUBB2A	3.13961539410938e-30	0.111907244007478	12.8101354918177	8.59735269000854	4.62231874835998e-29	c1
AL136309.3	0.00409371083892456	0.000301159576907224	0.0175963399612881	0	0.0131824171018581	c1
AL031123.2	0.00409371083892456	0.000331364273084939	0.0175963399612881	0	0.0131824171018581	c1
GCM2	0.00409371083892456	0.000272812747945905	0.0175963399612881	0	0.0131824171018581	c1
MYLIP	2.51158812618738e-05	0.0759160113786131	17.9130740805912	16.7634500426986	9.88773829980892e-05	c1
C6orf62	0.0041208726277627	0.0189956684160114	14.4289987682562	17.0602049530316	0.0132673347595186	c1
HIST1H3A	9.09276020086832e-05	0.0209106649768278	2.6570473341545	1.91076003415884	0.000343492894364408	c1
HIST1H1T	0.00409371083892456	0.00035155562788947	0.0175963399612881	0	0.0131824171018581	c1
HIST1H2AC	0.000187943068567778	0.00296862010782072	5.12053492873482	6.57771135781383	0.000691826872311069	c1
HIST1H2AE	0.000829159755997255	0.000338847409149107	1.37251451698047	2.04312553373185	0.00289338881454957	c1
BTN3A2	5.85652166124232e-05	0.00168636009939427	17.9482667605138	21.8830059777968	0.000224424158449206	c1
BTN3A1	0.00194561791857815	0.0627066601080903	13.7779341896885	13.0742954739539	0.00656064083584092	c1
PPP1R10	0.00236686703109089	0.0659334892195322	14.0594756290692	13.4180187873612	0.00791425588122895	c1
IER3	0.00327033838651461	0.0383854019211226	6.29948970614112	5.48889837745517	0.0107953355124928	c1
HLA-B	2.2209061078588e-08	0.0197202405869485	98.1347879641035	98.9282664389411	1.08393443723513e-07	c1
ATP6V1G2	0.00355071963917136	0.00522583162132781	0.492697518916065	0.271135781383433	0.0116749054175029	c1
TNF	5.51007155168579e-51	0.239665876847698	19.2855885975717	12.9931682322801	1.80995866503857e-49	c1
MPIG6B	0.00574118377813403	0.00144782353291542	0.105578039767728	0.0298889837745517	0.0182129986332822	c1
NEU1	2.97159704396016e-43	0.210721055541583	22.8928382896358	17.1712211784799	7.31191648278325e-42	c1
BRD2	3.21967760327009e-18	0.150370895469176	44.413162062291	46.0567890691716	2.71106069441306e-17	c1
RPS18	2.70451304582134e-14	0.00838661136391039	94.2635931726201	96.8104184457728	1.86059402114371e-13	c1
PACSIN1	1.31583424560077e-47	0.0245566053327947	1.54847791659335	0.262596071733561	3.80107225916956e-46	c1
STK38	0.000784635975508171	0.00515508766581352	8.27027978180538	10.0298889837746	0.00274315869348411	c1
KCNK17	6.63140463684439e-05	0.00157106297131296	0.0879816998064403	0.0106746370623399	0.000253278725327966	c1
AL139275.1	0.00409371083892456	0.000243476172668713	0.0175963399612881	0	0.0131824171018581	c1
BICRAL	0.00860558545675491	0.00249809438330971	3.237726552877	4.01793339026473	0.0267433399785625	c1
ENPP5	2.06870070389607e-07	0.00761084296978968	0.598275558683794	0.224167378309137	9.45619247747943e-07	c1
ADGRF2	1.06195427252367e-05	0.00115189060655212	0.0703853598451522	0.00426985482493595	4.30246706836178e-05	c1
ADGRF4	0.0116440272751068	0.000549010747745215	0.0351926799225761	0.00426985482493595	0.035611078605824	c1
OGFRL1	0.0106824502332102	2.10739719671629e-05	1.88280837585782	2.45089666951324	0.0328716410607764	c1
EEF1A1	8.6958714538425e-08	0.0276881771574642	98.3635403836002	99.2356959863365	4.08863222794014e-07	c1
MYO6	0.0048996145893329	0.0120800736465693	1.56607425655464	1.1464560204953	0.0156498356282902	c1
SNAP91	0.00409371083892456	0.000378488403523255	0.0175963399612881	0	0.0131824171018581	c1
PNRC1	4.8909947056909e-10	0.0561012593664374	62.9597043814886	67.764730999146	2.63805372208848e-09	c1
ANKRD6	1.0630195222407e-05	0.00522608527714587	0.439908499032201	0.166524338172502	4.30522264665e-05	c1
MDN1	0.000195101743798791	0.000844722611212947	4.08235087101883	5.35653287788215	0.000716762217496313	c1
SCML4	4.13278512016181e-06	0.0759845270945038	15.0624670068626	13.6293766011956	1.72501988002473e-05	c1
METTL24	4.99407402109187e-06	0.00465209014234996	0.351926799225761	0.113151152860803	2.07086120820202e-05	c1
FYN	0.0109570903070969	0.0509621827826994	39.6269575928207	43.7126387702818	0.0336796714067836	c1
TSPYL1	0.000709667182670047	0.000783817012786375	8.35826148161182	10.1216908625107	0.00248702382156615	c1
FAM162B	0.00409371083892456	0.000347921745140086	0.0175963399612881	0	0.0131824171018581	c1
SERINC1	2.72643019591581e-05	0.00134236742128785	16.8221010029914	20.6212638770282	0.000107146725932299	c1
SAMD3	1.0722044562227e-51	0.165044210300294	18.5289459792363	12.2502134927412	3.60677964421232e-50	c1
ENPP1	0.00878982993940947	0.00159348042717315	0.105578039767728	0.0320239111870196	0.0272754734000661	c1
RPS12	3.25155947765167e-174	0.219946408251355	98.9266232623614	99.265584970111	2.2718917033642e-171	c1
TBPL1	9.1632930072693e-06	0.00128160057523455	12.3878233327468	15.4483347566183	3.72823633237654e-05	c1
AL023284.4	0.00409371083892456	0.000127903251501473	0.0175963399612881	0	0.0131824171018581	c1
IFNGR1	7.27034610208016e-11	0.0806834812813269	12.6341720922048	10.3714773697694	4.11810281323365e-10	c1
AL357060.1	0.000430437791753512	0.000172016465829081	5.20851662854126	6.57557643040137	0.0015350938600414	c1
TNFAIP3	9.55287462474459e-20	0.0959704403015924	74.9076192152032	78.6976942783945	8.70609535773598e-19	c1
CITED2	1.96677889130646e-13	0.155575667033277	34.4008446243181	33.2557643040137	1.29083816940579e-12	c1
HIVEP2	0.0151027566904577	0.0120178561996782	7.90075664261834	9.22929120409906	0.0455746134501142	c1
ULBP2	0.0105373321784906	0.0162681649443695	3.16734119303185	2.61101622544833	0.0324578477775732	c1
SYNE1	7.23533768774193e-16	0.124223361964033	18.9160654583847	16.1293766011956	5.41528130710754e-15	c1
RGS17	0.000306540392134553	0.00291144307272909	0.211156079535457	0.0661827497865073	0.0011087954779345	c1
C6orf99	0.00990170834648631	0.0114736442702609	1.28453281717403	0.935098206660974	0.0305701458643522	c1
TAGAP	1.20588986843626e-21	0.183050838413858	35.6501847615696	33.5631938514091	1.22147793438887e-20	c1
SLC22A3	0.00409371083892456	0.000437268752669414	0.0175963399612881	0	0.0131824171018581	c1
GPR31	0.00409371083892456	0.000197815341066152	0.0175963399612881	0	0.0131824171018581	c1
DLL1	1.53304790165342e-05	0.00545940990612689	0.492697518916065	0.20068317677199	6.13621679504145e-05	c1
FAM120B	0.00134891353618238	9.26088542663184e-05	2.7978180538448	3.68701964133219	0.00461914051219977	c1
TNRC18	0.000409741204718278	0.000701092141120387	3.27291923279958	4.3467122117848	0.00146408486297055	c1
RNF216	8.629436777714e-05	0.00100073366461202	5.64842512757347	7.26942783945346	0.000326394553570511	c1
AC007128.2	0.00409371083892456	0.00030155272706191	0.0175963399612881	0	0.0131824171018581	c1
AC004520.1	0.0156941481521943	0.00614356643614037	0.703853598451522	0.467549103330487	0.0472359634504435	c1
KIAA0087	0.00409371083892456	0.000239644434857888	0.0175963399612881	0	0.0131824171018581	c1
HOXA2	3.59115925662968e-05	0.00105619587050337	0.0527890198838642	0.00213492741246798	0.000139916704401541	c1
HERPUD2	0.00173372693709987	0.0101198532273253	19.7254970966039	23.3625106746371	0.00587983962144358	c1
AOAH	1.95887216118018e-86	0.150839877753839	12.4054196727081	5.85824081981213	2.0214355243588e-84	c1
TRGV9	1.93304085442855e-10	0.0493113758913503	6.26429702621855	4.4598633646456	1.06804487933813e-09	c1
STK17A	0.00176610423082049	0.0500496337322996	43.4277670244589	48.1639624252775	0.00598299027204624	c1
POLM	0.00397681351100138	0.00567383458171621	3.69523139187049	4.63065755764304	0.0130172136962682	c1
IGFBP3	5.69091798491042e-11	0.0186418698402048	1.90040471581911	0.960717335610589	3.24705694756593e-10	c1
AC092634.3	0.00149541521659103	0.00196403904567701	0.175963399612881	0.0576430401366353	0.0051015395721727	c1
ZNF92	0.00105159922067953	0.00362626753206906	5.1557276086574	6.42613151152861	0.00363593140857217	c1
AUTS2	4.05164002255429e-35	0.099823288048928	10.997712475805	6.75918018787361	7.2860001649558e-34	c1
TRIM50	0.00409371083892456	0.000412946298518324	0.0175963399612881	0	0.0131824171018581	c1
GRM3	0.00409371083892456	0.000340849633768319	0.0175963399612881	0	0.0131824171018581	c1
ABCB1	0.00106174988256881	0.000105329687189806	3.64244237198663	4.68403074295474	0.00366989256535018	c1
AC079760.2	0.00409371083892456	0.000356895142409171	0.0175963399612881	0	0.0131824171018581	c1
AKAP9	2.16066857660613e-05	0.00296300262807758	16.8748900228752	20.7877882152007	8.5584625867741e-05	c1
VPS50	0.00325350193022951	0.000146981641633154	2.30512053492873	3.04227156276687	0.0107408158023464	c1
SMURF1	0.00780859478436626	0.000355132314520955	1.42530353686433	1.95132365499573	0.0243795058534794	c1
PILRB	0.000689278333183677	0.0368272683480002	5.66602146753475	4.77156276686593	0.00241885704073602	c1
MEPCE	0.000217184312074614	0.0383727019422033	6.19391166637339	5.16438941076003	0.000795015003095219	c1
SRRT	0.00174788258788357	0.0142270013163709	17.2972021819462	20.5038428693424	0.00592425328271238	c1
ACHE	6.74798577960624e-05	0.0037698342642205	0.299137779341897	0.102476515798463	0.000257555419456509	c1
CUX1	0.00511216661346527	0.00234288713368479	4.02956185113496	4.96584116140051	0.0162977037911025	c1
AC005096.1	0.0116440272751068	0.000592353149260417	0.0351926799225761	0.00426985482493595	0.035611078605824	c1
AC005064.1	0.0151245047741811	0.000741312321277295	0.0527890198838642	0.0106746370623399	0.0456033121564762	c1
KMT2E-AS1	8.03663950772407e-17	0.106798148085042	15.5023755058948	12.2865072587532	6.31372255352659e-16	c1
COG5	0.000408693060388075	0.00016479336343117	5.03255322892838	6.37702818104185	0.00146065088014655	c1
IFRD1	4.37546312072757e-23	0.175942863649164	31.5502375505895	28.9517506404782	4.74746949669884e-22	c1
TES	2.2350968132646e-05	0.00592668940803351	11.6839697342953	14.5495303159693	8.83449345000212e-05	c1
FAM71F1	0.00409371083892456	0.000409821703019979	0.0175963399612881	0	0.0131824171018581	c1
AC016831.5	0.00286142269087945	0.00290070540008082	4.89178250923808	6.00982066609735	0.00950162318878368	c1
AC009276.1	0.00409371083892456	0.000297740753919344	0.0175963399612881	0	0.0131824171018581	c1
AKR1D1	0.00409371083892456	0.000347450888980811	0.0175963399612881	0	0.0131824171018581	c1
BRAF	0.00886190735610327	0.00811548690604963	8.07672004223122	9.46199829205807	0.0274864190242293	c1
WEE2	0.00409371083892456	0.000317577718499779	0.0175963399612881	0	0.0131824171018581	c1
TRBV11-2	0.00121673695591172	0.0257846690392403	2.9385887735351	2.26088812980359	0.00418489632113293	c1
TRBV6-6	6.75786555504037e-08	0.0218686120050813	2.63945099419321	1.63962425277541	3.19759163353476e-07	c1
TRBV5-5	3.30783152789598e-17	0.034219023174909	2.41069857469646	1.09948761742101	2.64705449254535e-16	c1
TRBV6-7	0.016351884992551	0.00227657850829462	0.193559739574169	0.087532023911187	0.0490615064305043	c1
TRBV16	2.69466949430047e-08	0.0055730555211595	0.246348759458033	0.0448334756618275	1.3091963711408e-07	c1
EPHA1	3.85247435674869e-31	0.0414674624935384	3.22013021291571	1.26814688300598	5.91053453690017e-30	c1
EPHA1-AS1	1.20539334733806e-10	0.0259406508171068	2.26992785500616	1.24039282664389	6.75012223794019e-10	c1
GIMAP2	7.35891304500505e-05	0.00264948139710883	8.04152736230864	10.0918018787361	0.000279949212458461	c1
GIMAP5	0.00512571581435484	0.00673433753620839	5.63082878761218	6.79760888129804	0.0163393457828945	c1
SMARCD3	5.89960463437164e-19	0.0336996479775711	2.55146929438677	1.15072587532024	5.15531371098374e-18	c1
KMT2C	6.82865823314636e-05	0.00741056717695737	12.4582086925919	15.3458582408198	0.000260515913801914	c1
VIPR2	0.00181729967141159	0.0076284645068068	0.791835298257962	0.480358667805295	0.00615207392548722	c1
P2RY8	1.2515486865456e-09	0.0822991666204243	14.6401548477917	12.4957301451751	6.58216086707955e-09	c1
CD99	7.19237053351493e-11	0.0392626115343824	67.8162942108041	72.0964987190436	4.07737868412819e-10	c1
GYG2	0.00184593295010341	0.000491288964820349	0.0351926799225761	0.00213492741246798	0.00623767247159376	c1
TXLNG	0.00792119866557336	0.00548187022548412	4.75101178954777	5.74295473953886	0.0247195646083557	c1
DYNLT3	0.00361866253667902	0.00745640906445322	9.85395037832131	11.6289496157131	0.0118924746844822	c1
RPGR	0.0108001265476294	0.001496577114626	2.21713883512229	2.83518360375747	0.0332185110192951	c1
DDX3X	8.13728935672732e-10	0.11807626179742	38.8879113144466	40.401366353544	4.32844425766726e-09	c1
AC233976.1	0.00438730183788905	0.00459912998503106	0.439908499032201	0.236976942783945	0.0140670486653081	c1
MAGED4	0.00409371083892456	0.000255171406614432	0.0175963399612881	0	0.0131824171018581	c1
TSPYL2	1.25315817393633e-05	0.100168815069901	29.808199894422	29.8185311699402	5.05209987227751e-05	c1
ARR3	0.00409371083892456	0.000318552115574356	0.0175963399612881	0	0.0131824171018581	c1
GJB1	0.00409371083892456	0.000333375747789275	0.0175963399612881	0	0.0131824171018581	c1
ZMAT1	2.95442528557079e-05	0.0186034465896949	2.25233151504487	1.52860802732707	0.000115848842777356	c1
TSC22D3	2.34422681860325e-11	0.0689256116618306	76.5264824916417	80.7493595217763	1.36660314692014e-10	c1
LINC01285	0.00409371083892456	0.000277220453728048	0.0175963399612881	0	0.0131824171018581	c1
RPL39	1.19200119121538e-129	0.167537371012422	98.6978708428647	99.2570452604611	3.84397461067128e-127	c1
RAP2C	0.000126363982697896	0.00111841900373358	7.54882984339257	9.41289496157131	0.000471674485444855	c1
ATP11C	0.0157139375169932	0.00364512665918058	2.19954249516101	2.78608027327071	0.0472912810880222	c1
IDS	5.34277763966971e-06	0.0767020088607592	43.1638219250396	46.4026473099915	2.20754067363857e-05	c1
PDZD4	0.00226373160725424	0.00501377056037106	0.598275558683794	0.339453458582408	0.0075814889798375	c1
AC245140.1	4.90568470584512e-05	0.00064424964902518	0.0351926799225761	0	0.000189067862174941	c1
RPL10	4.52531850244607e-106	0.146961837752875	98.9442196023227	99.4257045260461	8.62330295085434e-104	c1
BX571846.1	0.00161393725290707	0.00198949901217559	0.158367059651592	0.0491033304867634	0.00549023507333375	c1
IL9R	0.0097287753290109	0.00272391688777408	2.62185465423192	3.3134073441503	0.0300583755858469	c1
LONRF1	0.0094931416167153	7.31026498198076e-06	1.038184057716	1.47950469684031	0.0293790701800681	c1
SORBS3	1.23678688423315e-07	0.0320273329118825	4.31110329051557	3.05935098206661	5.74745164520041e-07	c1
EGR3	0.00299954331579496	0.0135482215708838	1.88280837585782	1.39410760034159	0.00993861724215879	c1
ADAM28	0.0124194219205269	0.000253525883536308	1.40770719690304	1.89154568744663	0.0378519240613079	c1
CLU	0.00363005590919471	0.0155104784966028	2.48108393454162	1.92783945345858	0.0119275805900433	c1
AC044849.1	0.00161575197826878	0.0309205692935534	6.49304944571529	5.58070025619129	0.00549529356527516	c1
ZNF703	0.00569111879395482	0.00633288657733523	0.879816998064403	0.578565328778821	0.0180610089053422	c1
KAT6A	1.99009342633477e-05	0.00392505899348253	10.1002991377793	12.6878736122972	7.90334556926177e-05	c1
AC103724.3	0.01348076944178	0.00752195076653985	0.985395037832131	0.693851409052092	0.0409490123664902	c1
AC083973.1	0.00402162646992306	0.003410726545357	0.281541439380609	0.128095644748079	0.0131561947471985	c1
PCMTD1	0.000142466594726754	0.00201645750782317	9.1325004399085	11.2617421007686	0.000529599274434259	c1
PENK	0.00409371083892456	0.000441224654860391	0.0175963399612881	0	0.0131824171018581	c1
PDE7A	0.00118762339210764	0.0135802943749513	9.44923455921168	11.4047822374039	0.00408895527404845	c1
MYBL1	1.60889550592926e-07	0.0423109464658013	5.47246172796058	4.08838599487617	7.41400624867484e-07	c1
PRDM14	0.00184549021077178	0.000796252596630908	0.0351926799225761	0.00213492741246798	0.00623767247159376	c1
NCOA2	1.69392172250648e-05	0.00017554107342263	7.8127749428119	9.97651579846285	6.76398937128497e-05	c1
AC036214.1	0.00409371083892456	0.000396878945974508	0.0175963399612881	0	0.0131824171018581	c1
OTUD6B-AS1	0.000133379962293495	0.00291266670322518	9.32606017948267	11.4795046968403	0.000496812214060333	c1
RPL30	2.63721487536164e-133	0.184242074867881	98.3635403836002	99.0584970111016	9.21322005102903e-131	c1
KLF10	0.00989743117009319	0.0104872460429683	9.46683089917297	11.031169940222	0.0305597538742944	c1
BAALC-AS2	0.00409371083892456	0.000308923185930921	0.0175963399612881	0	0.0131824171018581	c1
AC016405.3	0.000458864818874422	0.00485238253368821	0.387119479148337	0.170794192997438	0.00163352173818176	c1
RNF139	0.00292462785003113	0.00676440668597864	12.2118599331339	14.3360375747225	0.0097018960271359	c1
LINC00861	3.81954758400256e-11	0.0946508430506327	15.7839169452754	13.3646456020495	2.19612526782578e-10	c1
FAM84B	9.12810286715909e-05	0.0123687029477648	1.30212915713532	0.800597779675491	0.000344789181167678	c1
PCAT1	8.80956866703423e-06	0.00937414705273616	1.02058771775471	0.542271562766866	3.5904157729371e-05	c1
PRNCR1	0.00353590457821381	0.00273414459566518	0.228752419496745	0.0939368061485909	0.0116341771553159	c1
CASC8	4.10392160864847e-05	0.00124428140552241	0.105578039767728	0.0149444918872758	0.000159247162918954	c1
TMEM71	0.0108466614870126	0.0314290008813149	5.75400316734119	5.09607173356106	0.0333555229187078	c1
NDRG1	0.00152796144427227	0.0001086683071993	6.95055428470878	8.40734415029889	0.0052078019225613	c1
GLI4	0.00219179285747884	0.000293301983363359	2.44589125461904	3.23868488471392	0.00735304079765182	c1
DENND4C	0.000961734378549403	0.00468444535111603	7.00334330459264	8.57600341588386	0.00333829927424859	c1
IFNA14	0.00409371083892456	0.000369351237479988	0.0175963399612881	0	0.0131824171018581	c1
DNAJA1	8.31344013705639e-07	0.0929389705175498	53.3521027626254	57.3099914602904	3.64799365846654e-06	c1
B4GALT1	7.23484110334638e-05	0.00218356894747435	12.2822452929791	15.0384286934244	0.000275354177172073	c1
AL354989.1	0.00409371083892456	0.000305419665070841	0.0175963399612881	0	0.0131824171018581	c1
BX088645.1	4.90568470584512e-05	0.000642731245338801	0.0351926799225761	0	0.000189067862174941	c1
AL353608.3	0.00409371083892456	0.000390693201090699	0.0175963399612881	0	0.0131824171018581	c1
ANXA1	8.35384538277308e-110	0.43084857140603	53.633644202006	41.5947907771136	1.75107041529652e-107	c1
AL161782.1	0.00409371083892456	0.000195548983041211	0.0175963399612881	0	0.0131824171018581	c1
AL162726.4	0.00409371083892456	0.000239113731744682	0.0175963399612881	0	0.0131824171018581	c1
GAS1	0.000138251735713455	0.00329209479401925	0.228752419496745	0.0704526046114432	0.0005144443262352	c1
AL354861.3	0.00409371083892456	0.000335676500412645	0.0175963399612881	0	0.0131824171018581	c1
NR4A3	1.54358398772785e-27	0.122929787354724	17.3323948618687	12.8565328778822	2.02538027309924e-26	c1
ZNF618	1.89115498805644e-05	0.00328738397375493	0.263945099419321	0.0768573868488471	7.52289835006961e-05	c1
AKNA	0.00052452814285422	0.0826633655409088	27.0455745204997	27.7070879590094	0.00185840110448392	c1
STOM	0.0161775430615702	0.0619440950468812	18.0010557803977	17.9675491033305	0.0485775305935126	c1
MIR181A2HG	0.00146496192457969	0.00299709999691878	0.281541439380609	0.117421007685739	0.00500121060938046	c1
LMX1B	0.00409371083892456	0.000247370609773618	0.0175963399612881	0	0.0131824171018581	c1
TTC16	0.00010447084831645	0.0153884011666409	1.67165229632237	1.09735269000854	0.000393060725918454	c1
ENG	0.0157749015714656	0.000170371943060417	1.65405595636108	2.15841161400512	0.0474364430111911	c1
IER5L	0.00709575908406423	0.0228160498673799	3.55446067218019	2.95473953885568	0.0222679487378447	c1
QRFP	0.00409371083892456	0.000326468396308637	0.0175963399612881	0	0.0131824171018581	c1
PRRC2B	0.000522644805831837	0.0103931037886322	11.3496392750308	13.7339880444065	0.00185192408853546	c1
DDX31	0.00395764443775371	0.000310022292980144	1.6188632764385	2.22886421861657	0.0129582621452098	c1
RPL7A	2.6880575223644e-28	0.033470434310455	93.1022347351751	95.9820666097353	3.64545382875282e-27	c1
SNHG7	5.99787358926533e-05	0.00678174488949307	15.8718986450818	19.5046968403074	0.000229657134874735	c1
LCN6	0.0116440272751068	0.000739525094667296	0.0351926799225761	0.00426985482493595	0.035611078605824	c1
LCNL1	0.000692181224243846	0.00280979343097639	0.263945099419321	0.100341588385995	0.00242878990360851	c1
TUBB4B	5.80992662160206e-33	0.243424612681501	44.7650888615168	43.4222886421862	9.63189911197676e-32	c1
SIRT3	0.00212206486565733	0.00151289430198644	2.78022171388351	3.63364645602049	0.00713195825878499	c1
SIGIRR	0.0156198328783173	0.0118326418312454	23.6670772479324	27.6430401366354	0.0470249510837528	c1
RPLP2	2.01643321598352e-75	0.116241290510364	93.5949322540911	95.6255337318531	1.53002572845374e-73	c1
PNPLA2	0.00863053115177708	0.0166415073442731	18.3353862396621	21.4859094790777	0.0268109256917654	c1
DUSP8	3.42799493766676e-06	0.0198381895856869	2.32271687489002	1.51793339026473	1.43853971746081e-05	c1
KRTAP5-AS1	0.0112251707884394	0.00240158987368364	0.246348759458033	0.117421007685739	0.0344405615133731	c1
KCNQ1OT1	0.00209163094275462	0.0160878984570466	2.26992785500616	1.71434671221179	0.00703178814736411	c1
CDKN1C	0.00264639045457768	0.00624779681444256	0.668660918528946	0.394961571306576	0.00881814635525348	c1
OR51E2	0.00409371083892456	0.000343377795694147	0.0175963399612881	0	0.0131824171018581	c1
OR10A5	0.00409371083892456	0.000275679587199743	0.0175963399612881	0	0.0131824171018581	c1
RPL27A	5.89633824515594e-17	0.0545231003300668	61.9039239838114	67.4871904355252	4.66394792608585e-16	c1
SBF2	0.00160722453375593	0.0107215964771707	1.37251451698047	0.939368061485909	0.00546850932465319	c1
AC011092.2	4.90568470584512e-05	0.000580848382221737	0.0351926799225761	0	0.000189067862174941	c1
AC080023.1	0.000580310724643618	0.00161406256678959	0.0879816998064403	0.0149444918872758	0.00204932726999028	c1
DKK3	3.03945734556577e-181	0.0901228199611265	5.26130564842513	0.774978650725875	2.54843301138962e-178	c1
AC009652.2	7.74149459274821e-06	0.00352144465223403	0.211156079535457	0.0491033304867634	3.16549921545464e-05	c1
C11orf91	0.00409371083892456	0.000293921672065334	0.0175963399612881	0	0.0131824171018581	c1
CD44	4.23424245459211e-36	0.174973334382121	55.7803976772831	56.1763450042699	7.88057843740901e-35	c1
TRIM44	0.00161711035695061	0.00302398889468773	4.7158191096252	5.87745516652434	0.00549879825118214	c1
PRR5L	0.00175605106605039	0.0216774375931314	3.37849727256731	2.69214346712212	0.00595133798031509	c1
TRAF6	0.00628781285057135	0.001073684529303	3.20253387295443	4.00725875320239	0.0198550670730121	c1
DGKZ	0.000108371454719931	0.00429539221681494	11.2616575752244	13.7959009393681	0.00040682357828487	c1
MADD	0.00190890177635519	0.0024427448407936	4.29350695055428	5.37574722459436	0.00644396052092607	c1
PRG3	0.00409371083892456	0.000272709838253683	0.0175963399612881	0	0.0131824171018581	c1
AP002893.1	0.00409371083892456	0.00031557770244545	0.0175963399612881	0	0.0131824171018581	c1
YPEL4	0.00682745045763876	0.00289816248737965	0.316734119303185	0.15798462852263	0.0214701390950107	c1
MS4A1	3.45752668274121e-15	0.0353951536233905	4.29350695055428	2.50853970964987	2.49212400356275e-14	c1
AHNAK	1.0028901359311e-12	0.124099804587948	30.4592644729896	28.6272416737831	6.33903682224973e-12	c1
CSKMT	6.34862236500476e-22	0.0872102375692575	9.90673939820517	6.69940222032451	6.52128933774976e-21	c1
NXF1	0.00222341456836241	0.0521884557124762	10.874538096076	10.0256191289496	0.00745167160924739	c1
RARRES3	2.72143007226980e-09	0.0877303114822039	49.7624494105226	51.3727583262169	1.40460636755593e-08	c1
PPP1R14B	7.6993464809724e-08	0.0855863725067904	10.0651064578568	8.43082835183604	3.63281770229111e-07	c1
FAU	1.15861726653769e-76	0.0894378786617858	96.4983283477037	98.2087959009394	9.16455327479745e-75	c1
MALAT1	5.3053086358435e-130	0.291201140169071	99.7712475805033	99.6968403074295	1.72747030125165e-127	c1
CTSW	1.77535166437853e-06	0.071693921390797	27.3095196199191	24.9039282664389	7.6111139102553e-06	c1
FOSL1	0.000917966312089981	0.0135143314102979	2.16434981523843	1.58198121263877	0.00319099856704745	c1
GRK2	9.80694372114104e-05	0.0105719937230025	11.7191624142178	14.4257045260461	0.000369556492718683	c1
ANKRD13D	0.00159298648599955	0.00981793184133567	8.0943163821925	9.77583262169086	0.00542061493176267	c1
AP003555.3	0.00409371083892456	0.000422583070860556	0.0175963399612881	0	0.0131824171018581	c1
AP002892.1	0.00409371083892456	0.000274524246687035	0.0175963399612881	0	0.0131824171018581	c1
FCHSD2	0.000312492100476486	0.0010215464259396	3.69523139187049	4.85909479077711	0.00112931668482548	c1
RPS3	3.3123754742128e-106	0.130306464769535	96.3575576280134	98.1746370623399	6.38450854334188e-104	c1
WNT11	0.000648511865140901	0.00194819398886809	0.140770719690304	0.0362937660119556	0.00228080861295046	c1
B3GNT6	0.00409371083892456	0.000324088647095933	0.0175963399612881	0	0.0131824171018581	c1
AP003032.2	0.00409371083892456	0.00033810610440645	0.0175963399612881	0	0.0131824171018581	c1
GRM5	0.00409371083892456	0.000287853831838467	0.0175963399612881	0	0.0131824171018581	c1
AP000943.1	0.00409371083892456	0.000322604061388656	0.0175963399612881	0	0.0131824171018581	c1
CNTN5	0.0116440272751068	0.000691204391967672	0.0351926799225761	0.00426985482493595	0.035611078605824	c1
PDGFD	2.31056767777449e-08	0.0176337675525429	1.74203765616752	0.954312553373185	1.12600724756177e-07	c1
GRIA4	0.00409371083892456	0.000213616350378894	0.0175963399612881	0	0.0131824171018581	c1
CWF19L2	0.0087831912757253	0.00761621007749802	5.54284708780574	6.62894961571307	0.0272599175462961	c1
AP002433.1	0.0151172730384048	0.000669873837559056	0.0527890198838642	0.0106746370623399	0.0455897044476234	c1
ATM	1.15617915821087e-06	0.0954809608202244	18.4761569593525	17.3462852263023	5.02474233615086e-06	c1
ARHGAP20	0.00151288942252531	0.00185616244469723	0.123174379729016	0.0320239111870196	0.0051595775323016	c1
NCAM1-AS1	0.00409371083892456	0.000336279680556488	0.0175963399612881	0	0.0131824171018581	c1
BACE1	0.00421357754244775	0.00266572533193795	0.193559739574169	0.0747224594363792	0.0135402692993958	c1
FXYD2	0.00162468245198229	0.0242421863145542	3.94158015132852	3.18958155422716	0.00552286641745207	c1
AP002954.1	0.00266640385622898	0.00259469923091104	0.211156079535457	0.0811272416737831	0.00888218638559869	c1
BCL9L	0.00146346248789981	0.0398862531509662	7.60161886327644	6.68872758326217	0.00499660031753881	c1
RPS25	6.66746359459545e-68	0.0931518819835055	93.5421432342073	96.3044406490179	3.90932507055144e-66	c1
H2AFX	6.04129726092195e-14	0.138112945426612	29.139538975893	27.2694278394535	4.07672087599196e-13	c1
SORL1	2.00508358573807e-08	0.0673498955137109	12.3350343128629	10.3437233134073	9.81700632094648e-08	c1
CRTAM	3.16255927411778e-59	0.125875725146349	10.7337673763857	5.51024765157985	1.37927064935451e-57	c1
ROBO4	0.00409371083892456	0.000439773980134412	0.0175963399612881	0	0.0131824171018581	c1
FEZ1	0.000442554155639988	0.00863667575251107	1.00299137779342	0.608454312553373	0.00157662856085128	c1
ZMYND11	7.35811982664061e-05	0.00102174939699232	5.66602146753475	7.31212638770282	0.000279949212458461	c1
WDR37	0.00365268599224501	0.00090293834295474	3.94158015132852	4.89965841161401	0.0119972365887683	c1
AL450322.1	0.00184549021077178	0.000499400445160623	0.0351926799225761	0.00213492741246798	0.00623767247159376	c1
KLF6	1.37820804436419e-13	0.081354707369798	73.6054900580679	78.5802732707088	9.13124089132481e-13	c1
CELF2-AS1	0.0120300410002442	0.00113134112367528	0.0703853598451522	0.0170794192997438	0.0367185579783572	c1
AL512641.1	0.00409371083892456	0.000246474725221706	0.0175963399612881	0	0.0131824171018581	c1
MALRD1	0.00409371083892456	0.000274472006078227	0.0175963399612881	0	0.0131824171018581	c1
AL157895.1	0.00296699923762599	0.00124684432167431	0.0703853598451522	0.0128095644748079	0.00983467290289589	c1
ARMC4	0.00409371083892456	0.000329793716029152	0.0175963399612881	0	0.0131824171018581	c1
MPP7	0.0119858644525422	0.0150940367349428	2.44589125461904	1.96840307429547	0.0365937116075885	c1
LINC00840	0.00409371083892456	0.000312241917877843	0.0175963399612881	0	0.0131824171018581	c1
ANK3	2.19543575281833e-10	0.0357575525451925	4.39908499032201	2.90777113578138	1.20745366149592e-09	c1
AL451049.1	0.00409371083892456	0.000327432798922483	0.0175963399612881	0	0.0131824171018581	c1
AL590502.1	0.00409371083892456	0.000273225314990395	0.0175963399612881	0	0.0131824171018581	c1
UNC5B-AS1	1.35293862262325e-05	0.00310390867389114	0.211156079535457	0.0512382578992314	5.44128259090281e-05	c1
SEC24C	2.55650974748166e-05	0.000608072665126927	3.88879113144466	5.31596925704526	0.000100586841753918	c1
AC018511.1	0.00409371083892456	0.000346981693108634	0.0175963399612881	0	0.0131824171018581	c1
ZNF503-AS1	0.00409371083892456	0.000241872268338467	0.0175963399612881	0	0.0131824171018581	c1
RPS24	1.89663033598169e-30	0.0342421625131473	96.1639978884392	98.2173356105892	2.82080657242368e-29	c1
AL135925.1	0.00688252368595991	0.00381624083538561	3.66003871194791	4.51964133219471	0.0216331845716704	c1
CDHR1	1.72129620472989e-06	0.00438287902715872	0.334330459264473	0.0982066609735269	7.38220359517023e-06	c1
CCSER2	4.17629496640622e-05	0.00277181377205959	15.3440084462432	18.8065755764304	0.00016194309236135	c1
AL358613.1	0.00409371083892456	0.000269539831393713	0.0175963399612881	0	0.0131824171018581	c1
CYP26C1	0.000399605485919818	0.00069514981001824	0.0527890198838642	0.00426985482493595	0.00142999288646877	c1
ENTPD1-AS1	0.00536546370641011	0.000876642259973252	1.54847791659335	2.12211784799317	0.0170679049402999	c1
RRP12	0.0114042678385435	0.00295596473061358	4.18792891078656	5.0469684030743	0.03495168918661	c1
SFRP5	0.00409371083892456	0.000280585148192899	0.0175963399612881	0	0.0131824171018581	c1
HPSE2	0.00637177978393774	0.0013012718416777	0.0703853598451522	0.0149444918872758	0.0201031750135187	c1
ELOVL3	0.00233423673505719	0.00212907677632165	0.158367059651592	0.0512382578992314	0.0078082616816625	c1
AL356608.1	0.00409371083892456	0.00031433455042787	0.0175963399612881	0	0.0131824171018581	c1
TCF7L2	8.78541487650268e-05	0.00787391080140139	0.774238958296674	0.407771135781383	0.000332144340128674	c1
AL137025.1	0.00849406404914656	0.00173266806343334	0.0879816998064403	0.0234842015371477	0.0264114518895121	c1
FAM160B1	4.71353141853871e-05	0.00359007845617329	7.35527010381841	9.34457728437233	0.0001819339587006	c1
PDZD8	0.00430726392497594	0.00349089389449216	4.09994721098012	5.07045260461144	0.0138196706702232	c1
PTPRE	0.00419275833988953	0.00590393619812482	8.60461024106986	10.1558497011102	0.013483241845164	c1
C10orf91	0.000239266795210554	0.00994963664680074	1.24934013725145	0.783518360375747	0.000872895657323133	c1
CACNA1C-AS1	0.00165991881594436	0.00787426449715393	0.897413338025691	0.55935098206661	0.00563864653592038	c1
P3H3	0.000894001925990584	0.0013978297509599	0.123174379729016	0.0298889837745517	0.00311080654055591	c1
AC018653.3	0.000886283672744387	0.00410903092377539	0.351926799225761	0.155849701110162	0.00308630275324486	c1
ZNF705A	0.00409371083892456	0.000427483903176399	0.0175963399612881	0	0.0131824171018581	c1
KLRG1	1.39018005357604e-137	0.198626234762246	15.9950730248108	6.91502988898377	5.23863580189138e-135	c1
A2M-AS1	3.47596490102489e-18	0.0169061587289931	1.21414745732888	0.3800170794193	2.92172708898678e-17	c1
PZP	3.69933284844863e-07	0.00387492347466388	0.263945099419321	0.0597779675491033	1.6628900291016e-06	c1
AC010175.1	0.0129446441513949	0.00144614965857837	0.105578039767728	0.0341588385994876	0.0393704067787686	c1
CD69	1.63108962088391e-52	0.293121921786142	65.1064578567658	63.7596071733561	5.64535435554225e-51	c1
KLRF1	0.001115528547547	0.015903631635904	2.30512053492873	1.71221178479932	0.00385101352832024	c1
KLRK1	0.00467000666552972	0.0280370242215378	4.55745204997361	3.86208368915457	0.0149420610139798	c1
YBX3	9.12642417407888e-13	0.0545569344303416	6.65141650536688	4.6199829205807	5.77840313291028e-12	c1
AC087239.1	2.4406081877998e-14	0.0606859641794048	6.70420552525075	4.54739538855679	1.68456714143712e-13	c1
RASSF8	0.00286902210593961	0.00203530695775444	0.175963399612881	0.0619128949615713	0.00952497162829169	c1
CPNE8	0.00313342589130707	0.00818807546163028	0.932606017948267	0.604184457728437	0.0103627687153788	c1
SLC38A2	5.92046358541638e-08	0.109362215591356	29.7554108745381	29.6221178479932	2.81287020438723e-07	c1
WNT10B	0.000146977308610619	0.00517982561255493	0.475101178954777	0.213492741246798	0.000545822719098987	c1
WNT1	0.00400267052029765	0.0081150156173457	0.950202357909555	0.625533731853117	0.0130980157976137	c1
DDN-AS1	9.12876277359599e-10	0.0217462209661781	2.18194615519972	1.21263877028181	4.8404813581164e-09	c1
LMBR1L	0.0123297742908064	0.00306044827391441	5.7364068273799	6.76131511528608	0.0375889437473925	c1
TUBA1A	0.00164787417104441	0.0870263717128643	35.491817701918	37.897096498719	0.00560000040008993	c1
NCKAP5L	0.000175113186193696	0.00977106121149326	1.07337673763857	0.640478223740393	0.000645946550655981	c1
FAM186A	0.00409371083892456	0.00046786465539163	0.0175963399612881	0	0.0131824171018581	c1
POU6F1	0.00884443973047824	0.00586421315780289	0.651064578567658	0.409906063193851	0.0274398538095078	c1
SMAGP	0.000117767260795511	0.0167104492210365	2.0587717754707	1.41759180187874	0.000440910738173684	c1
BIN2	0.00849304383688812	0.0104962462468848	18.5993313390815	21.6438941076003	0.0264107282523462	c1
NR4A1	2.97914361821198e-23	0.178525524970257	23.1743797290164	19.0926558497011	3.25666618864385e-22	c1
CALCOCO1	0.0147652277773695	0.00125100869367351	4.62783740981876	5.49743808710504	0.0446122710988664	c1
AC012531.1	0.00409371083892456	0.000296601200295209	0.0175963399612881	0	0.0131824171018581	c1
ITGA5	2.58836010006776e-17	0.0433509727470266	4.48706669012845	2.57685738684885	2.08473633612086e-16	c1
RPL41	8.56360338673626e-68	0.121500905687628	94.4219602322717	96.0845431255337	4.99488922407584e-66	c1
NXPH4	4.07991724145043e-19	0.025999473955073	2.00598275558684	0.804867634500427	3.59328425535096e-18	c1
MSRB3	1.24220641824751e-05	0.00155272736667093	0.105578039767728	0.0128095644748079	5.00975455209054e-05	c1
HELB	0.000324747138304249	0.00117783370248312	7.47844448354742	9.22288642186166	0.00117086320409029	c1
IFNG-AS1	7.6652860565829e-78	0.0535579282177626	3.46647897237375	0.779248505550811	6.27020399428481e-76	c1
CNOT2	9.45456056617994e-06	0.00196587559985806	16.4173851838818	20.3821520068318	3.84441139995808e-05	c1
AC073525.1	0.0116501169083592	0.00041344365117108	0.0351926799225761	0.00426985482493595	0.0356140389091744	c1
AC126178.1	0.00409371083892456	0.000188945414460748	0.0175963399612881	0	0.0131824171018581	c1
BTG1	1.06226806781914e-49	0.162493672738438	89.5829667429175	91.0162254483348	3.30485588669e-48	c1
C12orf42	0.0128100890667164	0.00788499374741383	1.23174379729016	0.898804440649018	0.0389965296468671	c1
TMEM116	0.0126800285508336	0.000942018522700726	2.99137779341897	3.69128949615713	0.038618125457488	c1
BICDL1	0.00136306178325149	0.00296581777828527	5.4548653879993	6.74423569598634	0.00466377944161278	c1
C12orf65	1.72516809086226e-05	0.0022061800017715	6.21150800633468	8.11058923996584	6.88138527965493e-05	c1
LINC00944	0.00343737666601211	0.0228018433184662	4.04715819109625	3.35183603757472	0.0113233217389956	c1
ADGRD1-AS1	0.0116460568389987	0.000562748004002761	0.0351926799225761	0.00426985482493595	0.035611078605824	c1
AC137590.2	0.00409371083892456	0.000466135915597168	0.0175963399612881	0	0.0131824171018581	c1
LATS2	0.0049164427979197	0.00850170095640695	1.26693647721274	0.890264730999146	0.0156976064886358	c1
PAN3	8.53780681188776e-05	0.000334949147756669	4.55745204997361	5.98633646456021	0.000323110996227817	c1
LINC00384	0.000626795489553132	0.00302978675767604	0.246348759458033	0.089666951323655	0.00220790538059373	c1
N4BP2L2	0.00145750836724774	0.00298848135194696	27.0983635403836	32.6152860802733	0.00497728496291158	c1
RGCC	4.27035942782441e-38	0.275786983490132	53.4224881224705	51.6609735269001	8.53512005306168e-37	c1
VWA8	0.000194107368758133	9.45860807364945e-05	2.95618511349639	4.03928266438941	0.000713343516700666	c1
VWA8-AS1	0.000399439481958964	0.000914893392605346	0.0527890198838642	0.00426985482493595	0.00142955942225373	c1
TNFSF11	5.21231077622527e-09	0.0114720368939103	0.827027978180538	0.324508966695132	2.64623794751806e-08	c1
AL589745.1	0.00409371083892456	0.000469174157963811	0.0175963399612881	0	0.0131824171018581	c1
SPRYD7	0.0139212160094121	0.000260069379681545	2.16434981523843	2.74765157984629	0.0421723188983527	c1
PCDH9	1.2675177851097e-05	0.00548824377064437	0.422312159070913	0.15798462852263	5.10630768492603e-05	c1
DACH1	1.06244464188015e-05	0.00110717633325518	0.0703853598451522	0.00426985482493595	4.30341405789573e-05	c1
LINC00402	1.17369158486639e-05	0.0192177492848081	2.37550589477389	1.59906063193851	4.74141994377848e-05	c1
AL354896.1	1.06195427252367e-05	0.00134962539440062	0.0703853598451522	0.00426985482493595	4.30246706836178e-05	c1
ING1	0.00955357193797598	0.00536859565158158	3.6776350519092	4.51110162254483	0.0295497275344313	c1
AL137002.1	0.00409371083892456	0.000513545745576747	0.0175963399612881	0	0.0131824171018581	c1
RASA3	0.00109223374705277	0.0454001444580911	10.2410698574696	9.2399658411614	0.00377137191482095	c1
RPGRIP1	0.00409371083892456	0.000365321772068336	0.0175963399612881	0	0.0131824171018581	c1
TRAV9-1	1.13068161290073e-06	0.00424267031415037	0.175963399612881	0.0298889837745517	4.91775384949611e-06	c1
TRDV1	0.00445275114110543	0.0129058268955103	1.37251451698047	0.975661827497865	0.0142673514636853	c1
TRDV2	1.65227322864853e-103	0.075904497275545	4.13513989090269	0.841161400512383	2.90125337918399e-101	c1
TRDC	3.06218273447311e-07	0.0377110418702692	4.8565898293155	3.54184457728437	1.38539706662295e-06	c1
TRAJ44	0.00184549021077178	0.000810660769188653	0.0351926799225761	0.00213492741246798	0.00623767247159376	c1
TRAJ26	0.00409371083892456	0.000286109540811124	0.0175963399612881	0	0.0131824171018581	c1
TRAJ7	0.00409371083892456	0.000375452207643112	0.0175963399612881	0	0.0131824171018581	c1
DHRS1	0.006159817962573	0.00257482757267505	3.06176315326412	3.85140905209223	0.0194728979949829	c1
RALGAPA1	1.69256579256697e-16	0.119640670493202	19.3559739574169	16.4111870196413	1.3058493570534e-15	c1
RPS29	2.77183923054732e-62	0.105467427047391	86.4156255498856	90.3992314261315	1.3492299581146e-60	c1
MAP4K5	0.005857564891401	0.0101759827197372	7.58402252331515	9.00512382578992	0.0185593775463209	c1
NIN	0.000253228309146645	0.0106946430981852	12.3174379729016	15.0448334756618	0.000922024865070044	c1
PTGDR	9.47676959260482e-39	0.0515405534003587	4.4166813302833	1.81895815542272	1.95588860674942e-37	c1
GCH1	0.0108488776204295	0.0151440905175201	8.81576632060531	10.3437233134073	0.0333592791449497	c1
HSPA2	3.19738628845181e-12	0.0434310292660931	4.61024106985747	2.96327924850555	1.95896860325351e-11	c1
DCAF5	7.81287879148734e-05	0.00269002421739831	7.35527010381841	9.28479931682323	0.000296445671352984	c1
SRSF5	3.25748333623295e-20	0.0878668686885546	61.147281365476	65.7514944491887	3.04655538568267e-19	c1
ELMSAN1	0.0051089201664795	0.00490120477748232	5.78919584726377	6.95772843723313	0.0162889024188031	c1
FOS	1.75942815765519e-213	0.80211920881156	72.3737462607778	61.3599487617421	2.3603080620576e-210	c1
C14orf178	0.0116440272751068	0.000708601810717721	0.0351926799225761	0.00426985482493595	0.035611078605824	c1
LINC00642	0.0116480867167359	0.000576513461502562	0.0351926799225761	0.00426985482493595	0.035611078605824	c1
CATSPERB	0.00421429869729764	0.0027020691662017	0.193559739574169	0.0747224594363792	0.0135408267589546	c1
TC2N	3.75664659032124e-94	0.234867281749622	23.0336090093261	13.9346712211785	5.18479067268286e-92	c1
AL110118.2	0.0151154655803577	0.000667727179559776	0.0527890198838642	0.0106746370623399	0.0455883529347154	c1
BCL11B	0.00432836637238248	0.0109579100974019	17.6491289811719	20.6618274978651	0.0138833924442391	c1
AL157871.1	0.00409371083892456	0.000279816816555996	0.0175963399612881	0	0.0131824171018581	c1
MEG3	0.0151082376512575	0.00100691062020194	0.0527890198838642	0.0106746370623399	0.0455843003819973	c1
PPP2R5C	9.95015214628969e-15	0.139267527414924	37.0754882984339	36.4944491887276	7.00332009826367e-14	c1
PPP1R13B	1.42420445419374e-06	0.0144935219676974	1.53088157663206	0.879590093936806	6.15607281669667e-06	c1
GPR132	0.0161096229869589	0.00300179302718756	6.40506774590885	7.46797608881298	0.0483952468413317	c1
APBA2	1.58734690462536e-06	0.0374745005746144	5.26130564842513	4.00939368061486	6.83219205432822e-06	c1
CHRFAM7A	0.0057521497306418	0.00324347076609699	0.281541439380609	0.132365499573015	0.0182446972532984	c1
KLF13	0.00166845481875856	0.0111703566397472	8.78057364068274	10.5807002561913	0.00566592119395751	c1
LINC02256	4.08938323625749e-05	0.0252718588321982	3.55446067218019	2.65157984628523	0.000158701382755848	c1
PAK6	0.0156126771789593	0.00252360425035769	0.246348759458033	0.121690862510675	0.047007627904474	c1
MGA	0.000730838887253086	0.0029365667627259	4.50466303008974	5.73228010247652	0.00255961514209419	c1
PLA2G4E	0.00409371083892456	0.000341118200905698	0.0175963399612881	0	0.0131824171018581	c1
SPG11	6.99415361842434e-06	0.000113119508061282	7.44325180362485	9.64560204953032	2.87041023072339e-05	c1
AC122108.2	0.00409371083892456	0.000220064092070306	0.0175963399612881	0	0.0131824171018581	c1
USP50	0.0129408421937546	0.00128250500547945	0.105578039767728	0.0341588385994876	0.0393653038183877	c1
LYSMD2	0.000195950427157427	0.0081497599059896	11.1384831954953	13.6251067463706	0.000719643607753592	c1
AC100830.1	0.00566657910217395	0.00152384359911297	0.123174379729016	0.0384286934244236	0.0179899403567503	c1
DENND4A	0.00162012599278803	0.00798738330017099	10.9625197958825	13.033731853117	0.00550793568637861	c1
NR2E3	0.00409371083892456	0.000290999473091709	0.0175963399612881	0	0.0131824171018581	c1
AC022872.1	0.00409371083892456	0.000245666779508688	0.0175963399612881	0	0.0131824171018581	c1
GOLGA6B	0.00409371083892456	0.000288499894145286	0.0175963399612881	0	0.0131824171018581	c1
ARID3B	0.000198278988180014	0.000481918185644123	3.46647897237375	4.63919726729291	0.000727717301989638	c1
TBC1D2B	0.000522561898406951	0.00366945832895597	5.78919584726377	7.24167378309138	0.00185182596669192	c1
AC090607.1	0.00635066320248719	0.000958650528894421	0.0527890198838642	0.0085397096498719	0.0200478673272793	c1
AC023034.1	0.00409371083892456	0.000223763970290078	0.0175963399612881	0	0.0131824171018581	c1
IDH2-DT	0.0116480867167359	0.00051474649019298	0.0351926799225761	0.00426985482493595	0.035611078605824	c1
MCTP2	0.00934661062572623	0.0071627327677241	4.68062642970262	5.64474807856533	0.0289362713159426	c1
SYNM	4.41240983010382e-26	0.0174233329325166	1.24934013725145	0.305294619982921	5.42461146928233e-25	c1
AC036108.2	0.00380096732129459	0.00148328132480554	0.123174379729016	0.0362937660119556	0.0124659536496751	c1
Z69720.1	0.00409371083892456	0.00026352558530909	0.0175963399612881	0	0.0131824171018581	c1
LUC7L	0.0136584143960456	0.0177811979598894	9.85395037832131	11.4859094790777	0.0414360834024947	c1
AC004754.1	0.00409371083892456	0.000193292094511699	0.0175963399612881	0	0.0131824171018581	c1
BAIAP3	0.0067510432366526	0.00358012815994255	0.369523139187049	0.194278394534586	0.0212378283529552	c1
MAPK8IP3	0.000250055368945545	0.0010415096174833	4.32869963047686	5.62126387702818	0.0009107685668653	c1
AC005606.1	0.00409371083892456	0.000403486074406755	0.0175963399612881	0	0.0131824171018581	c1
AC009065.6	0.00409371083892456	0.00029318441837034	0.0175963399612881	0	0.0131824171018581	c1
E4F1	0.000194931020301869	0.000581278525762785	3.71282773183178	4.92741246797609	0.000716213470517537	c1
PRSS22	0.000348428761961977	0.00282366950361958	0.246348759458033	0.085397096498719	0.00125261054975676	c1
CREBBP	0.000278706378951328	0.00561059678996004	8.2526834418441	10.1793339026473	0.00101259392668938	c1
VASN	4.27678758645136e-06	0.00817179308874966	0.703853598451522	0.318104184457728	1.78268583239381e-05	c1
CIITA	0.000247525108976854	0.000793851373841803	1.72444131620623	2.54910333048676	0.000901846507861566	c1
LITAF	6.53773799790133e-12	0.12205154290803	39.7501319725497	40.1622544833476	3.936492943871e-11	c1
NPIPA3	0.0116440272751068	0.000652375986895745	0.0351926799225761	0.00426985482493595	0.035611078605824	c1
NPIPA1	0.0138657505334472	0.000835174486775239	1.74203765616752	2.27156276686593	0.0420194760450666	c1
RPS15A	1.65022416553684e-152	0.172331098374723	98.9442196023227	99.2933390264731	8.13900265643745e-150	c1
GGA2	0.00642464060766796	0.0125833124582384	10.874538096076	12.7604611443211	0.0202623280703374	c1
PRKCB	0.00197336313438463	0.00966849384762145	9.83635403836002	11.7399658411614	0.00665001115766016	c1
LCMT1-AS2	0.0151100443481026	0.000897640038726285	0.0527890198838642	0.0106746370623399	0.0455843003819973	c1
AC009133.3	0.0139055273607494	0.00540491130062397	0.63346823860637	0.407771135781383	0.042128597707752	c1
ITGAL	0.0012740615472991	0.0142431866058808	16.3997888439205	19.5772843723313	0.00437264389821093	c1
AC135050.3	0.000580842221227976	0.00131054082356344	0.0879816998064403	0.0149444918872758	0.00205098825179447	c1
AC135050.4	0.00409371083892456	0.000297423134197883	0.0175963399612881	0	0.0131824171018581	c1
FUS	5.69966815106946e-09	0.0807995003322869	47.5629069153616	51.9491887275833	2.88580118433828e-08	c1
GNAO1	3.11265532962624e-08	0.0190149133891598	2.02357909554813	1.16567036720752	1.50659885185459e-07	c1
BBS2	2.39916399860498e-07	0.0215885588404263	2.41069857469646	1.5136635354398	1.09265565161887e-06	c1
CNGB1	0.00409371083892456	0.000416601555298962	0.0175963399612881	0	0.0131824171018581	c1
TEPP	0.000101696358740828	0.00655317526799016	0.615871898645082	0.301024765157985	0.00038279376873736	c1
RRAD	0.00136173470573717	0.00409435551755947	0.387119479148337	0.183603757472246	0.0046606652271674	c1
AC009137.1	0.0120360731053014	0.000892852843630044	0.0703853598451522	0.0170794192997438	0.0367302838767605	c1
AC026464.4	0.00409371083892456	0.000380390289960874	0.0175963399612881	0	0.0131824171018581	c1
DUXB	0.00409371083892456	0.000268767165480732	0.0175963399612881	0	0.0131824171018581	c1
ATMIN	0.00243190188406492	0.000910207936917394	2.30512053492873	3.06789069171648	0.0081244272724145	c1
PLCG2	0.000475137741401449	0.0323489812679973	3.88879113144466	3.09777967549103	0.00168930028316779	c1
AC092142.2	0.00409371083892456	0.000229002341711567	0.0175963399612881	0	0.0131824171018581	c1
AC092142.1	0.0129417925905404	0.00143951313100329	0.105578039767728	0.0341588385994876	0.0393653038183877	c1
ZDHHC7	0.0160066874336176	0.00710028410874473	5.1557276086574	6.09948761742101	0.0481032511781961	c1
GSE1	1.97733579700151e-07	0.0369461880137161	4.94457152912194	3.62937660119556	9.05212775864547e-07	c1
SLC7A5	0.0113116836186363	0.0110239568164093	23.6318845680099	27.4893253629377	0.0346869566793294	c1
LINC02182	4.90568470584512e-05	0.000938941904354142	0.0351926799225761	0	0.000189067862174941	c1
RPL13	2.86659152951688e-81	0.142732617620409	98.2579623438325	98.7937660119556	2.56372657911832e-79	c1
CPNE7	0.0011294968287175	0.0435246746278641	6.24670068625726	5.38215200683177	0.00389689977586942	c1
ZNF276	0.000184633963598364	0.0412228023603362	6.88016892486363	5.81554227156277	0.000680019094131553	c1
MIR22HG	0.00126827642614586	0.0304082294625004	6.66901284532817	5.72374039282664	0.00435368012078607	c1
AC012146.3	0.00409371083892456	0.000320065995883692	0.0175963399612881	0	0.0131824171018581	c1
KDM6B	5.8519349453515e-05	0.0661250065597815	15.9774766848496	14.7480785653288	0.000224299650511084	c1
CTC1	0.00590893637719263	0.000854651046186615	2.62185465423192	3.35397096498719	0.0187133057807636	c1
RPL26	1.05310872610495e-16	0.00452506044719048	94.9498504311103	97.4935952177626	8.21949277544979e-16	c1
AC005695.3	7.9537312277483e-05	0.00138785135207856	0.0703853598451522	0.00640478223740393	0.00030161944585733	c1
GAS7	1.71177265545375e-06	0.0120859043218613	1.16135843744501	0.614859094790777	7.34417696285121e-06	c1
TRPV2	0.000198763863423157	0.00209181889740521	6.36987506598627	8.01665243381725	0.000729337248521425	c1
RASD1	1.86734030115826e-09	0.0367056649706996	3.99436917121239	2.64304013663535	9.72617782578748e-09	c1
ALKBH5	0.000904928968283504	0.00281542944833506	6.07073728664438	7.48719043552519	0.00314730973123428	c1
AC007952.4	6.10948095041767e-16	0.0365516028182928	2.9385887735351	1.50725875320239	4.58183748021261e-15	c1
AC007952.8	0.00409371083892456	0.000329547468775291	0.0175963399612881	0	0.0131824171018581	c1
RPL23A	2.00627183572234e-73	0.112268853107115	89.2310399436917	92.3825789923143	1.4316243580097e-71	c1
PHF12	0.000132673769026413	6.43365704727228e-05	5.38448002815414	6.9000853970965	0.000494236683950666	c1
CCL5	1.91563371080048e-236	0.981620578871411	90.6915361604786	61.4261315115286	3.3813959680435e-233	c1
CCL4	1.63612937134434e-120	0.641043140518259	59.3876473693472	45.6959863364646	4.53491792199558e-118	c1
AC243829.1	6.94028447612637e-20	0.0434559527217035	3.99436917121239	2.10717335610589	6.37183850972697e-19	c1
CCL3L1	2.86387157779951e-10	0.108672961227232	12.9333098715467	10.5913748932536	1.56711576074792e-09	c1
CCL4L2	3.9734635883415e-60	0.363598268860116	29.016364596164	20.8923996584116	1.78157783189569e-58	c1
AC243654.1	0.00184593295010341	0.000448680551355468	0.0351926799225761	0.00213492741246798	0.00623767247159376	c1
PLXDC1	2.62441362610585e-34	0.0483710609350157	3.76561675171564	1.5264730999146	4.56049659027658e-33	c1
RPL19	8.50885096290492e-14	0.00686201459846769	96.3047686081295	98.2707087959009	5.6960048621538e-13	c1
KRTAP29-1	0.00409371083892456	0.000256498231037102	0.0175963399612881	0	0.0131824171018581	c1
KRT34	0.00409371083892456	0.000459822235543917	0.0175963399612881	0	0.0131824171018581	c1
EIF1	3.59763288346482e-104	0.17541205802572	95.3017772303361	97.2117847993168	6.52202225111585e-102	c1
GHDC	0.00935574025581161	0.000147703542428941	1.75963399612881	2.32280102476516	0.0289618623499548	c1
RETREG3	0.00118522069043781	0.00307639675674901	5.34928734823157	6.63748932536294	0.00408110179834736	c1
ARL4D	5.57068824157591e-19	0.0417801436723869	3.87119479148337	2.04953031596926	4.87678784249472e-18	c1
HEXIM1	1.33971740030338e-20	0.118551107378038	16.6109449234559	13.0209222886422	1.28009806756054e-19	c1
RPRML	0.00409371083892456	0.000305623026884958	0.0175963399612881	0	0.0131824171018581	c1
SCRN2	1.85333630795059e-05	0.00129678465408492	5.71881048741862	7.50853970964987	7.37595741023459e-05	c1
FAM117A	0.00451777732878845	0.000785189982736412	3.46647897237375	4.33817250213493	0.0144646506971749	c1
OR4D1	0.0080004808702018	0.00434557192671661	0.563082878761218	0.339453458582408	0.0249600118534724	c1
CYB561	0.000128185002156443	0.0168641469397417	2.39310223473518	1.69726729291204	0.00047820562873446	c1
ERN1	3.08998514781011e-06	0.0663859520992393	13.2324476508886	11.6524338172502	1.30027505504712e-05	c1
PECAM1	3.42682984219257e-08	0.0459187148507277	5.78919584726377	4.31041844577284	1.6550838025267e-07	c1
DDX5	8.60716757212974e-50	0.135598114702816	75.6114728136548	78.4479077711358	2.69530519172817e-48	c1
PITPNC1	0.00125785580541028	0.0647435296265231	14.7985219074433	14.1268146883006	0.0043187927929822	c1
AC005332.3	0.00422046061124393	0.00318018307585219	0.263945099419321	0.117421007685739	0.0135567290470165	c1
CD300A	9.14363205555951e-08	0.0296175596186616	4.1175435509414	2.87788215200683	4.2931419834713e-07	c1
CD300LF	8.62440495623857e-05	0.00229842092209068	0.193559739574169	0.0512382578992314	0.000326241025741405	c1
TSEN54	0.00788070872149891	0.0111194912805344	16.5405595636108	19.1460290350128	0.0245977858633439	c1
H3F3B	1.00637319914103e-124	0.208525679733258	95.1082174907619	96.9000853970965	2.9868800312205e-122	c1
FOXJ1	0.0011268247212779	0.00769755120173833	0.80943163821925	0.482493595217763	0.00388840904436857	c1
CYGB	0.00354837732036797	0.00348558330499266	0.316734119303185	0.149444918872758	0.0116683477370822	c1
JMJD6	7.75257218255459e-08	0.093486114027853	20.1654055956361	18.6016225448335	3.65741687802104e-07	c1
SRSF2	1.3138638849093e-24	0.127913304198927	55.5340489178251	58.8087105038429	1.52208521492533e-23	c1
C1QTNF1	0.00635334075151043	0.000645547778036353	0.0527890198838642	0.0085397096498719	0.020052544901577	c1
RBFOX3	0.0120276289086553	0.00117219948658605	0.0703853598451522	0.0170794192997438	0.0367145370290781	c1
LINC02078	0.00409371083892456	0.000318627381219947	0.0175963399612881	0	0.0131824171018581	c1
AC110285.2	0.0116440272751068	0.00080106841654493	0.0351926799225761	0.00426985482493595	0.035611078605824	c1
HEXDC	0.000131639169717797	0.00114021377132537	4.68062642970262	6.09735269000854	0.000490491553604652	c1
AC124283.2	0.00409371083892456	0.000291360871545315	0.0175963399612881	0	0.0131824171018581	c1
AP001178.3	0.00409371083892456	0.000323149006743801	0.0175963399612881	0	0.0131824171018581	c1
YES1	0.000400538277068821	0.032333625393159	5.17332394861869	4.25918018787361	0.00143288029187564	c1
CHMP1B	1.55830130113989e-05	0.0784765212488137	18.7576983987331	17.5064047822374	6.23432053413212e-05	c1
RNF125	7.0007631070951e-10	0.0939678528814935	19.0392398381137	16.9150298889838	3.74110250295977e-09	c1
MAPRE2	0.000852253978999993	0.00435522700234675	22.294562730952	26.5435525192143	0.00297088597315266	c1
LOXHD1	0.00184593295010341	0.000645383093919373	0.0351926799225761	0.00213492741246798	0.00623767247159376	c1
AC090241.3	0.00184549021077178	0.000662288386804959	0.0351926799225761	0.00213492741246798	0.00623767247159376	c1
SMAD7	0.000140894996827729	0.0435822338883326	7.51363716347	6.38556789069172	0.000524047510658575	c1
RAB27B	2.32713141034724e-05	0.0155037289740082	1.72444131620623	1.09521776259607	9.18528106863902e-05	c1
AC007673.1	0.00409371083892456	0.000206647899391201	0.0175963399612881	0	0.0131824171018581	c1
ZNF532	0.000361570240706457	0.00926676985828443	0.791835298257962	0.446199829205807	0.001297836938781	c1
FAM69C	0.00635780559091853	0.000589936848911393	0.0527890198838642	0.0085397096498719	0.0200628607365662	c1
CNDP1	0.000399688512068645	0.000806335241225843	0.0527890198838642	0.00426985482493595	0.00142999288646877	c1
MBP	0.000222789236277581	0.0848823590332111	25.2683441844096	25.565755764304	0.000814820654992095	c1
PLCB1	5.50395050588856e-13	0.0179655679118797	1.67165229632237	0.747224594363792	3.52206624816811e-12	c1
LINC00237	0.0135612011356153	0.00122057984643271	0.0879816998064403	0.0256191289496157	0.0411709571545456	c1
KIZ	0.00228983508635127	0.00122251016040857	3.95917649128981	4.97011101622545	0.00766585038191745	c1
LINC00656	0.00409371083892456	0.000282416489074101	0.0175963399612881	0	0.0131824171018581	c1
AL118508.1	0.00409371083892456	0.00034165698368431	0.0175963399612881	0	0.0131824171018581	c1
CST7	9.57144948060543e-175	0.473904122416396	68.4673587893718	58.3112724167378	6.82994197192649e-172	c1
DEFB118	0.00409371083892456	0.00024383154336653	0.0175963399612881	0	0.0131824171018581	c1
ID1	5.72822723992987e-55	0.0864964901246393	6.7745908850959	2.90563620836892	2.1345920574752e-53	c1
CBFA2T2	0.000990458474869453	0.000786671677067446	4.01196551117368	5.12169086251068	0.00343551518566261	c1
TP53INP2	0.00900928080458388	0.0300520331473301	5.20851662854126	4.54312553373185	0.0279280210392951	c1
SLC32A1	0.0151154655803577	0.000803422680728081	0.0527890198838642	0.0106746370623399	0.0455883529347154	c1
SPATA25	0.00409371083892456	0.000453562552022963	0.0175963399612881	0	0.0131824171018581	c1
ZNF335	0.000182518131090954	0.00254145985272608	6.9153616047862	8.65072587532024	0.000672300173589064	c1
ZFAS1	0.00965270059683078	0.0329850651999559	47.4397325356326	53.0550811272417	0.0298370758171899	c1
SNAI1	1.15780134823475e-14	0.0311304878917928	2.88579975365124	1.51579846285226	8.12860406470529e-14	c1
AL161937.1	0.00409371083892456	0.000230555674629918	0.0175963399612881	0	0.0131824171018581	c1
NFATC2	5.67869560065389e-06	0.0978366813843654	22.5585078303713	22.0473953885568	2.34344891171072e-05	c1
ATP9A	1.62084180011001e-07	0.0101904953200214	0.827027978180538	0.35866780529462	7.46597888917587e-07	c1
RPS21	2.58678636510166e-62	0.0880624607778695	93.0318493753299	95.8454312553373	1.260983155709e-60	c1
AL096828.3	0.00409371083892456	0.00030712467741866	0.0175963399612881	0	0.0131824171018581	c1
AL121845.4	0.0120360731053014	0.000973826487502886	0.0703853598451522	0.0170794192997438	0.0367302838767605	c1
GZMM	7.25603546319928e-72	0.266276813881771	39.6269575928207	32.2374039282664	4.83803016629776e-70	c1
STK11	0.00238187933503444	0.0010848583337581	2.62185465423192	3.43509820666097	0.00796127856671169	c1
MIDN	5.40338030821463e-13	0.106952946620921	18.0362484603203	15.5123825789923	3.45836963314699e-12	c1
RPS15	6.23955208647403e-20	0.016906566300853	97.1142002463488	98.5845431255337	5.74422448191507e-19	c1
PLK5	0.0116480867167359	0.00059876755870271	0.0351926799225761	0.00426985482493595	0.035611078605824	c1
CSNK1G2	0.000598838980869054	0.00778396279539344	6.7745908850959	8.38385994876174	0.00211320094069721	c1
GADD45B	3.73570547299998e-67	0.336868618187466	39.8733063522787	33.0764304013664	2.14902384482802e-65	c1
CACTIN-AS1	0.00409371083892456	0.000278079464625582	0.0175963399612881	0	0.0131824171018581	c1
MATK	2.07982124485248e-63	0.146867487887246	15.8543023051205	9.21648163962425	1.05367137326076e-61	c1
ATCAY	0.00409371083892456	0.000345955255167391	0.0175963399612881	0	0.0131824171018581	c1
TUBB4A	1.36922496541605e-12	0.0144307622612912	1.14376209748372	0.435525192143467	8.57696430521543e-12	c1
TNFSF9	1.14625126695789e-118	0.267965290783929	21.6083054724617	11.769854824936	3.05102976120903e-116	c1
SH2D3A	0.0115033989946972	0.00027151646881899	2.7978180538448	3.48420153714774	0.035239404044954	c1
AC010336.6	0.00409371083892456	0.000289208720688421	0.0175963399612881	0	0.0131824171018581	c1
RPS28	1.11852678025842e-60	0.0866868334352051	97.3429526658455	98.631511528608	5.13175802411859e-59	c1
PRAM1	0.00182032489810148	0.00322117258861063	0.263945099419321	0.108881298035867	0.00616107139292839	c1
ZNF266	0.000243478324677946	0.000455047403576311	4.29350695055428	5.58497011101623	0.000887777348668077	c1
ZNF426	0.000732987697962659	0.000208562424977396	2.19954249516101	3.0401366353544	0.00256687286355556	c1
ZNF121	0.0102472500723224	0.00208602932304351	3.06176315326412	3.800170794193	0.0316020480851079	c1
AC008752.1	0.0018463757870215	0.000493771258597961	0.0351926799225761	0.00213492741246798	0.00623854031282763	c1
S1PR5	0.0016760805283469	0.0149952864701581	2.9385887735351	2.28437233134073	0.00569008895229256	c1
ILF3-DT	0.000149482821279986	0.000325614369775157	6.86257258490234	8.5866780529462	0.000554820148305465	c1
JUNB	7.80558268906918e-114	0.444653942273789	78.8667957064931	76.3343296327925	1.86988308732859e-111	c1
AC138474.1	0.00409371083892456	0.000326468396308637	0.0175963399612881	0	0.0131824171018581	c1
IER2	1.03392703544348e-195	0.578236724588975	59.440436389231	48.83219470538	1.08362015358449e-192	c1
AC011446.2	0.00651959248577855	0.00860603535754714	1.00299137779342	0.683176771989752	0.0205405441792429	c1
AC020916.1	6.97991354219967e-06	0.0595491742171804	10.505014956889	9.01579846285226	2.86526732409171e-05	c1
RFX1	0.00926640611245346	0.00167059572361901	2.41069857469646	3.07429547395389	0.0286985620278386	c1
ADGRE5	7.5523794252081e-11	0.119719648066846	38.5535808551821	38.868488471392	4.27640893403055e-10	c1
DNAJB1	1.06713173514252e-72	0.372465404471253	71.9514341017069	68.0444064901793	7.45613836108535e-71	c1
AC004597.1	0.0116440272751068	0.000483694417008104	0.0351926799225761	0.00426985482493595	0.035611078605824	c1
AC020911.2	5.98632688488254e-11	0.0206924759683294	1.88280837585782	0.952177625960717	3.41212493312696e-10	c1
KLF2	5.20890309583691e-85	0.293935218134779	30.3712827731832	20.8112724167378	5.13812329494642e-83	c1
RPL18A	9.90876871819035e-12	0.00566839109325512	96.3223649480908	98.1767719897524	5.91381864768877e-11	c1
AC008397.2	0.00184549021077178	0.000690684145725087	0.0351926799225761	0.00213492741246798	0.00623767247159376	c1
IQCN	3.0659219151578e-06	0.0119951719381785	1.24934013725145	0.687446626814688	1.29079700214113e-05	c1
JUND	2.72712745900963e-20	0.164856675109937	45.7680802393102	45.9180187873612	2.56197200897101e-19	c1
ELL	0.0039475843323313	0.00645433648453403	6.21150800633468	7.48719043552519	0.0129303724326328	c1
MAU2	0.000194209748367251	0.000179034989896673	3.69523139187049	4.90392826643894	0.000713641562478457	c1
ZNF431	1.82041646048346e-05	0.000449689514206209	5.03255322892838	6.69513236549957	7.25096523179266e-05	c1
ZNF708	0.00147916322182174	0.0017483874905833	3.80080943163822	4.8398804440649	0.00504917823241299	c1
SLC7A9	0.00635512634855648	0.00092556626150358	0.0527890198838642	0.0085397096498719	0.020056293166264	c1
ZNF30	0.00422630876820452	0.00591130075675514	0.598275558683794	0.352263023057216	0.013572914245719	c1
SCN1B	0.00496972672178824	0.00475654534861025	0.439908499032201	0.239111870196413	0.0158601860115457	c1
FXYD7	0.00447453931790908	0.0188994149594624	3.37849727256731	2.74551665243382	0.0143330563174818	c1
DMKN	8.71498282026098e-05	0.00570481026430637	0.580679218722506	0.275405636208369	0.000329518707808244	c1
NFKBID	0.00430783021421341	0.00377885579320428	5.33169100827028	6.45175064047822	0.0138201654605213	c1
HCST	2.53920669861406e-25	0.130037012030267	68.6961112088686	69.2079419299744	3.02307114867299e-24	c1
TYROBP	0.00364535037977785	0.0388081185339912	8.46383952137955	7.49146029035013	0.011975488396218	c1
AF038458.2	0.000399688512068645	0.00100936753334956	0.0527890198838642	0.00426985482493595	0.00142999288646877	c1
AC022148.2	0.00409371083892456	0.000267237489518788	0.0175963399612881	0	0.0131824171018581	c1
ZNF571	0.00421372147050493	0.0107165769877218	1.53088157663206	1.10802732707088	0.0135402692993958	c1
IFNL1	1.98865472691822e-08	0.0125545100744284	1.14376209748372	0.535866780529462	9.73799127338055e-08	c1
ZFP36	1.92079193112674e-151	0.476178344285357	82.65000879817	80.7643040136635	9.20278854087554e-149	c1
FCGBP	0.00311222286141644	0.00681913718872335	0.791835298257962	0.493168232280102	0.0102967081312207	c1
ZNF780B	0.015370354408522	0.000350904023557586	1.42530353686433	1.89795046968403	0.0462988096059827	c1
SERTAD1	4.74529734322709e-89	0.334177667942219	39.767728312511	31.3770281810418	5.46899595522853e-87	c1
SERTAD3	1.5957061592124e-15	0.0719395569622552	9.69558331866972	7.01964133219471	1.17181504636885e-14	c1
TGFB1	1.20309266091548e-10	0.116911736182207	27.8198134787964	26.2980358667805	6.7383636709725e-10	c1
GSK3A	0.000637320884885218	5.28469019010352e-05	2.28752419496745	3.1532877882152	0.00224286126309344	c1
AC006486.1	0.00409371083892456	0.000252008753700304	0.0175963399612881	0	0.0131824171018581	c1
ZNF227	0.00133723579881392	0.000189877313730435	2.00598275558684	2.7668659265585	0.00458102290302565	c1
FOSB	2.19150888505452e-264	0.693232026204388	56.5722329755411	40.4099060631939	6.12490208224654e-261	c1
PNMA8A	0.00409371083892456	0.000398638456848941	0.0175963399612881	0	0.0131824171018581	c1
AC008635.1	0.00409371083892456	0.000415372908768375	0.0175963399612881	0	0.0131824171018581	c1
PPP1R15A	1.37984626167228e-07	0.0655109016812325	57.1881048741862	62.2694278394535	6.38924256854412e-07	c1
RPL13A	3.86563510114299e-12	0.0440315484774585	61.2176667253211	66.7228864218617	2.35933885390598e-11	c1
SHANK1	0.00184549021077178	0.000452776101729913	0.0351926799225761	0.00213492741246798	0.00623767247159376	c1
NKG7	2.07294979985624e-72	0.499256216011581	73.6054900580679	54.1417591801879	1.43345547190884e-70	c1
ZNF841	0.0068520977244948	0.00193399133264052	2.55146929438677	3.26216908625107	0.0215415873157205	c1
ZNF331	1.18060347500288e-06	0.105146821858577	34.5416153440084	34.8761742100769	5.12690396797183e-06	c1
AC008440.1	4.32621088090308e-05	0.00440617248949961	0.351926799225761	0.128095644748079	0.000167543256955805	c1
MYADM	1.07166354350373e-68	0.271007710846323	35.6501847615696	27.7860802732707	6.48762670072708e-67	c1
RPL28	6.59171282371512e-179	0.174888584865577	99.4193207812775	99.698975234842	5.14122941120367e-176	c1
UBE2S	6.63003098617613e-10	0.106659872343448	19.6199190568362	17.764730999146	3.54864314098907e-09	c1
AC006116.9	0.00409371083892456	0.000272709838253683	0.0175963399612881	0	0.0131824171018581	c1
ZNF582-AS1	0.0029590024562557	0.00479960428080063	0.439908499032201	0.230572160546541	0.00981010521727002	c1
SMIM17	0.0116440272751068	0.000792375641836148	0.0351926799225761	0.00426985482493595	0.035611078605824	c1
AC005261.1	0.00952868457227737	0.000148415197107746	2.00598275558684	2.60461144321093	0.0294791655710602	c1
ZNF134	0.00775717298233397	0.00121725970836348	2.02357909554813	2.64304013663535	0.0242392683761778	c1
USP9Y	0.00374092833056414	0.00302480067784966	3.88879113144466	4.84628522630231	0.0122738460526766	c1
DDX3Y	0.00878721690658974	0.0164263335899017	19.1976068977653	22.4146029035013	0.0272698880922741	c1
KDM5D	0.000388680430936596	0.00267291940611337	4.68062642970262	5.98420153714774	0.00139179631568989	c1
GAB4	0.00409371083892456	0.000195862342353817	0.0175963399612881	0	0.0131824171018581	c1
MED15	1.06039123645735e-05	0.000926520322348356	12.2822452929791	15.2903501280956	4.29717270279199e-05	c1
MAPK1	0.00672690723499323	0.018668033618593	9.44923455921168	11.1763450042699	0.0211638850700941	c1
AP000350.7	0.00409371083892456	0.000272555647186819	0.0175963399612881	0	0.0131824171018581	c1
AC004832.6	1.70893137943481e-06	0.0138202455356295	1.46049621678691	0.830486763450043	7.33292484691461e-06	c1
SELENOM	0.00586253579910075	0.0465933181601431	13.9011085694176	13.1404782237404	0.0185716185539096	c1
SFI1	0.00204251698596632	0.0104343902991979	7.91835298257962	9.54739538855679	0.00687494326328164	c1
AL008723.3	0.00409371083892456	0.000369130377717983	0.0175963399612881	0	0.0131824171018581	c1
BPIFC	0.00409371083892456	0.000301225014135051	0.0175963399612881	0	0.0131824171018581	c1
AL031587.3	0.00184549021077178	0.000848931466923871	0.0351926799225761	0.00213492741246798	0.00623767247159376	c1
MAFF	2.64502155950721e-07	0.0612182966411737	10.6105929966567	8.87916310845431	1.20136420724205e-06	c1
GTPBP1	0.000291734905169534	0.000793014034215875	4.99736054900581	6.37916310845431	0.00105740897542157	c1
PDGFB	2.224712664716e-05	0.00611686620765142	0.563082878761218	0.247651579846285	8.79448530754894e-05	c1
RPL3	1.7721222511756e-30	0.0497496073641774	87.6649656871371	91.4901793339026	2.63679840549811e-29	c1
ATF4	0.00783304289674465	0.0117539610555998	22.9984163294035	27.066609735269	0.024453559775763	c1
TNRC6B	0.00116856628390132	0.00993965552834752	17.3147985219074	20.6938514090521	0.00402540838429358	c1
Z93241.1	7.59406859919631e-20	0.0810657877590104	8.42864684145698	5.6063193851409	6.94924618498897e-19	c1
AL118516.1	2.49866208960171e-11	0.0690512137326134	10.8217490761922	8.4799316823228	1.45486335349066e-10	c1
ZBED4	0.0055356066637689	0.000121058749831864	2.23473517508358	2.91417591801879	0.0175891213917083	c1
TUBGCP6	0.00424136766713025	0.000952526030945561	3.48407531233503	4.35952177625961	0.0136173644285099	c1
SBF1	1.86030948041564e-05	0.00188653065985658	6.54583846559915	8.48206660973527	7.40283096276457e-05	c1
AF165147.1	1.76630653906094e-07	0.0277771321685593	3.07935949322541	2.04526046114432	8.11818400808905e-07	c1
LINC00159	0.00409371083892456	0.00041567910042155	0.0175963399612881	0	0.0131824171018581	c1
B3GALT5	3.59115925662968e-05	0.000932708475142088	0.0527890198838642	0.00213492741246798	0.000139916704401541	c1
LINC00313	0.00409371083892456	0.000273587534857117	0.0175963399612881	0	0.0131824171018581	c1
TRAPPC10	4.73562526417725e-05	0.00249788723067584	5.27890198838642	6.91502988898377	0.000182723654061179	c1
TSPEAR-AS1	0.00409371083892456	0.000331032041092989	0.0175963399612881	0	0.0131824171018581	c1
COL6A2	5.88645695857267e-08	0.0131248847693856	1.40770719690304	0.730145175064048	2.79750592995055e-07	c1
MT-ND1	3.37893871408337e-48	0.120991212312251	80.3096955833187	83.6976942783945	1.00731419193714e-46	c1
MT-ND2	4.6989534143741e-76	0.223549787988978	74.221361956713	75.5465414175918	3.65646170791829e-74	c1
MT-CO1	2.48704622889524e-71	0.15899389304848	97.13179658631	97.9526046114432	1.62593677241108e-69	c1
MT-CO2	6.31429239286886e-58	0.122113015333088	98.5219074432518	98.7425277540564	2.63393953074671e-56	c1
MT-ATP8	1.49578037488211e-14	0.0409374820400998	83.3714587365828	87.463706233988	1.04402668496974e-13	c1
MT-ATP6	5.96027485707441e-62	0.149079092697262	95.3193735702974	96.4069171648164	2.86383521714272e-60	c1
MT-CO3	2.08170909851529e-65	0.153745965552078	90.1460496216787	92.198975234842	1.14453048763944e-63	c1
MT-ND3	4.07994304346824e-98	0.201944153219507	91.1490409994721	93.1404782237404	6.24808811834877e-96	c1
MT-ND4L	1.32412982845435e-96	0.152683146546305	94.3339785324653	96.0525192143467	1.9649852295001e-94	c1
MT-ND4	1.24960966067975e-57	0.162752957934758	76.667253211332	79.8270708795901	5.14225874845121e-56	c1
MT-ND5	2.17371215975507e-26	0.0675582608245724	74.4325180362485	79.2228864218617	2.71515673794658e-25	c1
MT-CYB	4.21527348444204e-75	0.186260592045919	89.0726728840401	90.9564474807857	3.16977224487034e-73	c1
