p_val	avg_log2FC	pct.1	pct.2	p_val_adj	cluster	gene
0	10.9590937033401	0.994	0.006	0	c22	TPSAB1
0	11.0313840631593	0.98	0.004	0	c22	TPSB2
0	11.0865341536242	0.972	0.003	0	c22	CPA3
0	11.1771984458395	0.799	0.001	0	c22	TPSD1
0	10.6618857677808	0.797	0.002	0	c22	GATA2
0	6.81191969580638	0.8	0.02	0	c22	CLU
0	6.7606638059985	0.783	0.037	0	c22	LTC4S
0	10.6212385956154	0.728	0.001	0	c22	MS4A2
0	8.21605772130526	0.719	0.011	0	c22	HPGDS
0	9.0045717651478	0.689	0.003	0	c22	KIT
0	7.92476044564066	0.666	0.005	0	c22	IL1RL1
0	9.85103778376279	0.619	0.001	0	c22	HDC
0	9.47067017545758	0.611	0.003	0	c22	SLC18A2
0	3.46692785339586	0.723	0.125	0	c22	CD9
0	6.81095332979046	0.605	0.017	0	c22	VWA5A
0	0.171402974217913	0.801	0.259	0	c22	CST3
0	4.71921018414974	0.625	0.089	0	c22	HPGD
0	10.6073373299142	0.536	0.001	0	c22	AL157895.1
0	0.86371170069259	0.806	0.287	0	c22	FCER1G
0	4.79769330189151	0.536	0.032	0	c22	RGS13
0	4.39365422402426	0.636	0.143	0	c22	NSMCE1
0	2.11428942824325	0.769	0.294	0	c22	GLUL
0	7.45967435390362	0.474	0.01	0	c22	CNRIP1
0	2.34619462470071	0.8	0.339	0	c22	LMNA
0	6.86863058654812	0.461	0.013	0	c22	RHEX
0	2.7573025726192	0.767	0.32	0	c22	LAPTM4A
0	2.71417219626433	0.693	0.253	0	c22	AREG
0	5.23970447039295	0.483	0.044	0	c22	PTGS1
0	8.33218127742691	0.411	0.002	0	c22	MAOB
0	1.8532785635518	0.824	0.449	0	c22	ANXA1
0	6.29892474961881	0.383	0.011	0	c22	BACE2
0	1.64384659243904	0.787	0.423	0	c22	CD63
0	1.66326041360185	0.675	0.319	0	c22	CAPG
0	3.4553230005681	0.456	0.101	0	c22	ALOX5
0	1.52986160236211	0.866	0.511	0	c22	ALOX5AP
0	1.8394206736504	0.894	0.547	0	c22	FOSB
0	5.70697344657869	0.357	0.012	0	c22	RAB27B
0	3.87964593068329	0.398	0.064	0	c22	GALC
0	3.16438209250899	0.455	0.124	0	c22	ACSL4
0	2.75133495419903	0.489	0.166	0	c22	WASHC1
0	3.77304747449568	0.357	0.048	0	c22	ARMH1
0	3.46568318514002	0.373	0.066	0	c22	TSC22D1
0	1.77639653049245	0.716	0.412	0	c22	NFKBIZ
0	2.66584733546359	0.429	0.125	0	c22	DUSP6
0	1.96756821022753	0.414	0.127	0	c22	PTGS2
0	3.35396163763646	0.341	0.056	0	c22	SMYD3
0	1.74808773960714	0.837	0.56	0	c22	CD69
0	9.13132514809073	0.272	0.001	0	c22	GCSAML
0	7.84274192086841	0.269	0.003	0	c22	SLC45A3
0	3.20787448186671	0.346	0.08	0	c22	SLC44A1
0	5.62467474804784	0.273	0.008	0	c22	NTRK1
0	2.59595839108744	0.38	0.115	0	c22	AC020916.1
0	4.09450633914007	0.276	0.032	0	c22	SLC26A2
0	4.71326702575011	0.261	0.019	0	c22	FER
0	3.02795308333114	0.324	0.082	0	c22	FHL3
0	5.12307264869644	0.258	0.019	0	c22	RHOBTB3
0	10.3893673953913	0.238	0	0	c22	CALB2
0	2.44319001456584	0.315	0.082	0	c22	MAST4
0	4.31793957539574	0.252	0.024	0	c22	ABCC4
0	7.25176177514379	0.231	0.003	0	c22	STXBP6
0	6.1008788158025	0.234	0.007	0	c22	AC106739.1
0	5.32441781466319	0.232	0.006	0	c22	TIMP3
0	3.21253251990108	0.295	0.069	0	c22	RAB32
0	7.70855162182914	0.226	0.002	0	c22	SIGLEC6
0	2.75038517374046	0.305	0.081	0	c22	CLCN3
0	3.18302222648839	0.294	0.07	0	c22	BTK
0	5.49714919757136	0.234	0.013	0	c22	SMIM1
0	8.06238850720062	0.224	0.003	0	c22	MLPH
0	3.60321862778802	0.271	0.052	0	c22	LPCAT2
0	2.98137051143747	0.291	0.074	0	c22	ACOT7
0	4.2303007552105	0.249	0.033	0	c22	MITF
0	4.17837948521147	0.241	0.027	0	c22	P2RX1
0	2.61881416861942	0.273	0.063	0	c22	TESPA1
0	5.17730664623155	0.224	0.014	0	c22	GMPR
0	7.13398881814899	0.212	0.003	0	c22	DLC1
0	1.74167480215923	0.91	0.711	0	c22	FOS
0	4.03578942436744	0.222	0.026	0	c22	CATSPER1
0	8.97415742654986	0.197	0.001	0	c22	CTSG
0	3.3068636954432	0.242	0.046	0	c22	LEO1
0	4.19189932986662	0.216	0.021	0	c22	RASGRP4
0	7.37130043764167	0.193	0.002	0	c22	PBX1
0	9.91786502571099	0.188	0	0	c22	SVOPL
0	3.95775845618972	0.212	0.029	0	c22	HS3ST1
0	1.87311405876695	0.988	0.808	0	c22	VIM
0	3.50053417069856	0.215	0.039	0	c22	STX3
0	7.8083748649531	0.173	0.002	0	c22	CAVIN2
0	10.2005293872926	0.17	0	0	c22	ADCYAP1
0	3.06786480568292	0.181	0.021	0	c22	FCER1A
0	3.18176854784354	0.18	0.025	0	c22	ADAM12
0	3.43173586085208	0.185	0.031	0	c22	ST3GAL4
0	6.26852339185012	0.157	0.004	0	c22	AKAP12
0	6.44566186598248	0.154	0.003	0	c22	AL390957.1
0	7.99817121583237	0.149	0.001	0	c22	ENPP3
0	7.20641318214039	0.149	0.003	0	c22	CTTNBP2
0	4.43206192485253	0.156	0.013	0	c22	CAVIN1
0	4.38241114421696	0.16	0.018	0	c22	TMEM255B
0	6.49225405297008	0.145	0.004	0	c22	AL078590.3
0	11.2719766521682	0.136	0	0	c22	CDK15
0	8.85076917705315	0.135	0.001	0	c22	KCNH2
0	4.31934530910557	0.151	0.017	0	c22	TMEM220
0	4.12481256822035	0.148	0.017	0	c22	DHRS9
0	3.33430539663238	0.147	0.018	0	c22	COL18A1
0	9.19886054692083	0.125	0.001	0	c22	PRG2
0	3.70615793989527	0.138	0.016	0	c22	P2RY14
0	10.0043802248466	0.12	0	0	c22	AL731557.1
0	5.66536788948942	0.125	0.006	0	c22	KIAA1522
0	3.9789904376038	0.132	0.014	0	c22	ALS2
0	3.99046413763332	0.132	0.015	0	c22	PIK3R6
0	7.25558424775967	0.117	0.002	0	c22	MEIS2
0	6.53212414999818	0.116	0.003	0	c22	TCTEX1D1
0	4.7280245116378	0.12	0.009	0	c22	ARHGAP6
0	5.47107361411931	0.116	0.007	0	c22	PROS1
0	10.0537838286577	0.109	0	0	c22	PROM1
0	8.19842667899548	0.108	0.001	0	c22	SLC24A3
0	3.90441417112624	0.118	0.012	0	c22	FHL1
0	10.6241471212517	0.106	0	0	c22	TMEM233
0	10.1569717772455	0.105	0	0	c22	AL662860.1
0	5.16440716011873	0.11	0.005	0	c22	LIF
0	6.57823618237129	0.105	0.002	0	c22	FERMT2
0	8.91335365752769	0.1	0.001	0	c22	KIAA1549
0	5.79156558716339	0.102	0.004	0	c22	PLAT
0	9.58641793562207	0.096	0	0	c22	GATA1
0	4.90954364920226	0.101	0.006	0	c22	INKA1
0	4.53928059397046	0.103	0.008	0	c22	CRLF2
0	3.93372689198451	0.104	0.009	0	c22	LINC00672
0	11.2298680668588	0.092	0	0	c22	AC111188.1
0	8.3158625526671	0.091	0	0	c22	GFRA3
0	4.65095522700795	0.096	0.006	0	c22	IL5RA
0	4.64091399638247	0.094	0.004	0	c22	ST8SIA6
0	10.0375139693086	0.09	0	0	c22	AMHR2
0	6.50390526941072	0.089	0.002	0	c22	ZNF704
0	6.18397964327062	0.091	0.005	0	c22	PAQR5
0	4.8694449229952	0.089	0.005	0	c22	LINC00511
0	3.85214300443127	0.09	0.007	0	c22	SERP2
0	7.8503381378261	0.082	0.001	0	c22	PNMT
0	5.15323439057307	0.086	0.005	0	c22	DCBLD2
0	7.32872431793919	0.081	0.001	0	c22	ITGA2B
0	4.77685924636919	0.084	0.006	0	c22	SLC12A8
0	6.37870200386096	0.077	0.001	0	c22	RAB44
0	5.81146373041206	0.079	0.003	0	c22	EPB41L1
0	4.47950282690454	0.08	0.005	0	c22	HSPG2
0	8.3161873109953	0.074	0	0	c22	TAL1
0	3.97377809173153	0.077	0.003	0	c22	FBLN2
0	5.366162288139	0.076	0.003	0	c22	TTLL7
0	9.21006274441707	0.073	0	0	c22	LCN6
0	6.35522112293206	0.073	0.001	0	c22	EMID1
0	8.60872288564123	0.071	0	0	c22	CADPS
0	6.34789113535908	0.072	0.002	0	c22	TIE1
0	5.87416430117149	0.068	0.002	0	c22	TANC1
0	7.49203671865016	0.065	0.001	0	c22	COL13A1
0	7.86930054609014	0.065	0.001	0	c22	ADAMTS7
0	11.3339498132147	0.063	0	0	c22	TPSG1
0	7.08824838809897	0.061	0.001	0	c22	HHIP-AS1
0	5.34513136422493	0.063	0.003	0	c22	LRRC70
0	5.57818189605675	0.062	0.002	0	c22	TSPAN7
0	7.93800450605338	0.06	0.001	0	c22	CACNA2D1
0	10.4559105169555	0.059	0	0	c22	IL1RAPL1
0	6.85315981006705	0.06	0.001	0	c22	ZNF521
0	7.97882981560847	0.06	0.001	0	c22	SIGLEC8
0	5.83745619840885	0.055	0.001	0	c22	RGS17
0	5.01443667107086	0.055	0.002	0	c22	ATP1A4
0	5.62678414773101	0.055	0.002	0	c22	COX7A1
0	5.05298330755354	0.054	0.002	0	c22	ASIC3
0	5.73611395945091	0.053	0.002	0	c22	MSRB3
0	8.53247017185433	0.05	0	0	c22	PDE3A
0	6.34836695273157	0.051	0.001	0	c22	TMEM220-AS1
0	7.91595128383982	0.049	0	0	c22	KRT1
0	6.16543643733574	0.049	0.002	0	c22	LINC01140
0	6.72273274343776	0.048	0.001	0	c22	CMA1
0	5.47775523146998	0.048	0.002	0	c22	SLC38A11
0	7.42020145482973	0.045	0	0	c22	AQP8
0	5.39658045374162	0.046	0.002	0	c22	AL359736.1
0	6.28953457533139	0.045	0.002	0	c22	EVPL
0	7.22485600357291	0.044	0.001	0	c22	ERG
0	6.21841431461784	0.043	0.001	0	c22	PTPRB
0	7.49243802694995	0.04	0.001	0	c22	SCN7A
0	6.59709149680743	0.04	0.001	0	c22	AL359636.1
0	6.78203021477206	0.039	0.001	0	c22	MSX2
0	7.22346434899038	0.038	0.001	0	c22	TLDC2
0	7.28534753854267	0.036	0	0	c22	AC020914.1
0	5.79583988179286	0.035	0.001	0	c22	EFHC2
0	7.88275256567396	0.034	0	0	c22	GFI1B
0	7.13043024708468	0.034	0.001	0	c22	AC008637.1
0	7.25362240281942	0.031	0.001	0	c22	MYL4
0	6.52088346691447	0.029	0	0	c22	AQP10
0	9.18943346301398	0.029	0	0	c22	DRD2
0	10.4935167768696	0.028	0	0	c22	ASIC4
0	7.4444109549837	0.029	0.001	0	c22	SCHIP1
0	8.79041377885149	0.028	0	0	c22	VWC2
0	7.26358432996019	0.027	0	0	c22	WNK3
0	8.20225671189479	0.027	0	0	c22	MAG
0	7.71854576419485	0.026	0	0	c22	AL356489.3
0	0.706894607403009	1	0.976	0	c22	FTH1
0	10.363783416212	0.024	0	0	c22	AC015908.2
0	7.44277777663376	0.023	0	0	c22	SLC8A3
0	8.29053234294828	0.022	0	0	c22	FREM1
0	7.88992057023384	0.022	0	0	c22	LINC01589
0	9.63543772033082	0.022	0	0	c22	LINC00323
0	9.72442801394983	0.021	0	0	c22	NFIA-AS2
0	9.87796436666247	0.021	0	0	c22	RD3
0	9.12674313657313	0.02	0	0	c22	LINC01340
0	9.62560383948643	0.018	0	0	c22	AC093523.1
0	10.5666715439953	0.017	0	0	c22	LINC01264
0	1.44056432453907	0.999	0.986	0	c22	MALAT1
8.6693309906269e-304	8.75566204005675	0.018	0	2.90752022763645e-299	c22	AC098617.1
8.11867850325696e-301	3.36719101369672	0.137	0.019	2.72284239642232e-296	c22	NFIA
4.90942377624354e-300	6.25494150197812	0.027	0.001	1.64652254607656e-295	c22	WSCD2
3.62872144558159e-299	0.918861858094889	0.967	0.776	1.21700059841915e-294	c22	S100A6
1.002492255595e-298	2.96894765241015	0.27	0.067	3.3621585268145e-294	c22	TENT5A
1.35784305406672e-297	5.34967320398306	0.061	0.004	4.55393403472898e-293	c22	PPM1H
1.89366655500593e-295	5.43944207188411	0.056	0.003	6.35097889217889e-291	c22	TINAGL1
3.36124757166862e-293	5.91427554039788	0.039	0.001	1.12729521058622e-288	c22	AC010280.2
8.35670070521573e-292	2.14374257962688	0.518	0.227	2.80267028251525e-287	c22	ELL2
1.53397299696216e-287	1.91991592829479	0.481	0.187	5.14463863721169e-283	c22	RNF130
2.15866230815712e-284	2.92746674904475	0.28	0.074	7.23972164909737e-280	c22	IL18
3.94280218830422e-284	0.618129475663061	0.994	0.978	1.32233699791347e-279	c22	PTMA
4.86113417958462e-284	0.261937091635624	0.613	0.26	1.63032718114909e-279	c22	TIMP1
5.85571941487815e-284	8.68686627292672	0.015	0	1.96389117736183e-279	c22	SCG2
5.76417874439191e-283	2.84753226964914	0.263	0.065	1.93319026729416e-278	c22	ATP6V0A2
7.62212853425999e-283	1.24020756070704	0.823	0.6	2.55630946782011e-278	c22	CD44
4.42416158116899e-278	2.87929118595818	0.256	0.063	1.48377531109246e-273	c22	CSF2RB
1.02119743437183e-276	2.67736103284836	0.311	0.088	3.42489195539625e-272	c22	CSF1
5.86448711911872e-271	2.82251309266076	0.14	0.021	1.96683169001004e-266	c22	IL9R
6.06666816428084e-271	5.9007770076413	0.035	0.001	2.03463916893651e-266	c22	SYCP2L
3.906596901181e-266	4.29738010310345	0.072	0.006	1.31019446871808e-261	c22	TMEM44
1.85775368588488e-265	6.9235696385161	0.027	0.001	6.2305343117207e-261	c22	ADORA1
4.27428527606779e-261	2.58491309800808	0.393	0.146	1.43350979588762e-256	c22	LMO4
1.86194259789845e-260	1.61916121981151	0.583	0.284	6.24458308483183e-256	c22	EGR1
1.92154285302198e-259	7.22115074855227	0.018	0	6.4444704204651e-255	c22	MFSD2B
6.43055185980574e-258	5.13763173598582	0.047	0.003	2.15667848274165e-253	c22	SOX13
1.77876584996882e-256	7.70762026517941	0.02	0	5.96562490762543e-252	c22	AP003064.2
3.6516845298564e-254	3.07563288305755	0.22	0.051	1.22470195762324e-249	c22	RENBP
8.9888872935143e-254	8.75369799034585	0.022	0	3.01469302049882e-249	c22	CCL1
5.4714223296304e-253	3.24633166225582	0.143	0.023	1.83500562091144e-248	c22	CLNK
1.13298642426894e-251	3.67063982126484	0.11	0.014	3.79980986971318e-247	c22	HS6ST1
6.02286019459772e-251	6.13902584775509	0.034	0.001	2.01994685206418e-246	c22	ZNF462
8.95822408144753e-250	4.34523748893093	0.058	0.004	3.00440919243587e-245	c22	AC068446.2
2.52954806928715e-248	5.5566573830262	0.036	0.001	8.48359831477525e-244	c22	BEGAIN
5.06625108989228e-247	1.24186065666707	0.844	0.687	1.69911929052807e-242	c22	PPP1R15A
1.81727766199683e-245	4.52974101405851	0.047	0.003	6.09478582280498e-241	c22	TMOD1
1.48975169969119e-244	2.98435791237148	0.076	0.007	4.99632925042432e-240	c22	DAPL1
1.57596297495535e-244	2.19560858109763	0.434	0.181	5.28546462540525e-240	c22	AHR
1.62145600420747e-243	5.92397503731458	0.024	0.001	5.43803914691102e-239	c22	LINC01918
1.3065720169841e-242	2.30388528738622	0.322	0.103	4.38198123056129e-238	c22	SMIM3
8.64446778248241e-242	5.01432480060034	0.052	0.003	2.89918160488895e-237	c22	ELOVL7
8.35886597759224e-240	1.99219529936736	0.472	0.208	2.80339647156488e-235	c22	ANKRD28
5.22945628601466e-237	3.01016872354537	0.149	0.026	1.75385504920359e-232	c22	EXD3
2.50418856374605e-236	5.95941884051816	0.024	0.001	8.39854760509149e-232	c22	AL157955.2
7.26759394156738e-235	3.34285354561654	0.102	0.013	2.43740565612287e-230	c22	AC020571.1
3.18706949621494e-234	8.89765340218525	0.012	0	1.06887936764057e-229	c22	ELSPBP1
6.3155632469084e-234	2.74560514699505	0.25	0.069	2.11811360174814e-229	c22	VAT1
1.1574444724604e-233	6.06862910763061	0.034	0.001	3.88183727173768e-229	c22	FAT1
9.90010888228843e-232	3.98374650646143	0.102	0.013	3.32029851694189e-227	c22	MAPRE3
1.73661129311474e-230	0.51795324448265	0.993	0.982	5.82424695484821e-226	c22	RPL11
2.52498729006399e-228	4.56158563073319	0.056	0.004	8.46830237341662e-224	c22	TGFB1I1
4.01608428784793e-228	9.25424328187028	0.012	0	1.34691434845844e-223	c22	TRIM63
1.12739218882156e-227	1.74704957859043	0.522	0.257	3.78104792286973e-223	c22	FOXP1
1.11753350807422e-225	3.44317557738664	0.105	0.014	3.74798387937932e-221	c22	ALDH1A1
1.72906811484151e-225	3.20819248816375	0.125	0.02	5.79894864355547e-221	c22	PRELID2
1.8500331700638e-224	0.532683003176108	0.994	0.982	6.20464124575998e-220	c22	RPL34
9.380292706829e-223	6.76488153765635	0.014	0	3.14596256801631e-218	c22	MS4A3
1.3438365942753e-220	2.01399338165974	0.237	0.062	4.50695916988051e-216	c22	KLRG1
9.10149134965631e-220	3.9588916317744	0.071	0.007	3.05245816884773e-215	c22	BOLA3-AS1
2.32810461250042e-219	3.21903313038372	0.141	0.026	7.8079972494039e-215	c22	CHN2
4.95695201975132e-218	6.5714062535826	0.017	0	1.6624625683842e-213	c22	IL12A-AS1
7.16922252578447e-217	5.58386765940818	0.03	0.001	2.4044138506976e-212	c22	MPIG6B
1.75950925349852e-215	2.44760255544989	0.609	0.379	5.90104213438334e-211	c22	TUBA1A
9.29637949670834e-214	5.33228179170658	0.033	0.001	3.11781975560604e-209	c22	TMEM246
4.44417408229222e-212	6.26391859548441	0.021	0	1.49048710371917e-207	c22	RAB3C
4.68307416180091e-212	5.80212266560396	0.02	0	1.57060941238479e-207	c22	LRRC4B
6.15553903148351e-210	5.61748091522102	0.019	0	2.06444468037894e-205	c22	MYO16
4.70218798594398e-208	2.56084278929309	0.224	0.06	1.57701980672589e-203	c22	ADRB2
4.60121706104204e-207	3.28438317470913	0.186	0.045	1.54315617793228e-202	c22	CD33
6.55274497829665e-207	7.85127587178792	0.014	0	2.19765961082113e-202	c22	ERVFRD-1
3.65704152317113e-206	2.29394756593922	0.251	0.074	1.22649858604114e-201	c22	PMP22
3.99440403869879e-205	3.0676338393759	0.097	0.013	1.3396432264988e-200	c22	RNF144A
3.72330447292819e-204	1.58176422996006	0.576	0.327	1.24872185413066e-199	c22	MYADM
3.14155754057333e-201	3.98785562253865	0.062	0.006	1.05361556795748e-196	c22	EGFL7
7.2128158426716e-201	1.05597287174859	0.812	0.572	2.4190341773152e-196	c22	RGS1
5.10360326637944e-200	4.77206512147816	0.046	0.003	1.71164646347834e-195	c22	SCIN
2.86849287131977e-199	4.56486689124301	0.035	0.002	9.62035139183223e-195	c22	TRO
4.41254672826704e-198	0.932379576001852	0.849	0.72	1.4798799217262e-193	c22	FXYD5
2.47421552080009e-197	4.02834369316343	0.074	0.008	8.29802401365935e-193	c22	RARRES1
1.30078056864073e-196	7.40440100537951	0.02	0	4.3625578711073e-192	c22	COBL
1.57460964922446e-195	3.97838421460766	0.071	0.008	5.28092584156901e-191	c22	ZNF667-AS1
1.90169747397253e-194	2.35557133406247	0.287	0.098	6.37791298820906e-190	c22	BEX4
9.39163435311471e-194	0.563015390424393	0.975	0.942	3.14976632934761e-189	c22	RPL14
1.56145315234294e-191	0.501101759483229	0.997	0.99	5.23680158232774e-187	c22	EEF1A1
4.870112119363e-190	1.42210732051759	0.584	0.332	1.63333820259196e-185	c22	NR4A1
4.02553539556287e-189	2.79433434817929	0.228	0.068	1.35008406096388e-184	c22	BMP2K
4.50411433338949e-189	6.76928417310047	0.016	0	1.51058986513217e-184	c22	HHIP
5.94493864308681e-189	2.54714130693656	0.252	0.08	1.99381352211846e-184	c22	CTNNBL1
6.30969089425024e-188	5.92954501237555	0.02	0.001	2.11614413211365e-183	c22	AARD
7.38756944120192e-188	5.31875300454709	0.027	0.001	2.4776430391903e-183	c22	HAS2
4.6511632065907e-187	1.3619455891799	0.824	0.67	1.55990711622639e-182	c22	JUN
7.09927527751196e-186	1.41323306980986	0.642	0.405	2.38095494257196e-181	c22	RGS2
7.93493007965521e-185	1.87653258695099	0.312	0.112	2.66121685011477e-180	c22	TNIK
9.13149205604569e-185	8.29688704641694	0.014	0	3.0625198057566e-180	c22	SPACA3
2.45704124567556e-184	8.51212123734956	0.012	0	8.24042492974669e-180	c22	SLC30A2
5.39841156595967e-183	0.617453642787486	0.97	0.9	1.81051927099155e-178	c22	SRGN
1.63620049150819e-174	2.29158386890849	0.245	0.079	5.48748920842016e-170	c22	MARCH3
7.70160804094502e-173	1.99969849321246	0.358	0.154	2.58296530477214e-168	c22	ARHGAP18
1.76101637859453e-172	3.01191955754099	0.161	0.039	5.90609673053034e-168	c22	AC084033.3
2.91155111760031e-171	5.44730501402443	0.032	0.002	9.76476013820793e-167	c22	SORBS1
3.65264112942122e-171	6.24651165945245	0.023	0.001	1.22502278198529e-166	c22	TMEM266
1.50742760885644e-170	2.03228592075728	0.313	0.121	5.05561071458272e-166	c22	ARHGEF6
2.69714725715095e-169	2.87483872761854	0.107	0.019	9.04569247103286e-165	c22	LINC00996
4.42215447745732e-169	2.65392568154837	0.158	0.038	1.48310216864963e-164	c22	STAP1
2.33851704133476e-168	3.82541986737834	0.048	0.004	7.84291845322851e-164	c22	SMIM24
4.35906234818505e-168	2.57499249811067	0.232	0.075	1.4619423303343e-163	c22	ITGAV
1.41996984697479e-167	6.81440080538283	0.019	0.001	4.76229487278404e-163	c22	AC002070.1
2.54550228628731e-167	1.62299794686461	0.347	0.136	8.53710556775038e-163	c22	TMEM176B
3.41346644302231e-166	1.3741163897703	0.618	0.424	1.14480837566082e-161	c22	AKAP13
4.83521317081553e-166	5.63853335136833	0.027	0.001	1.62163379322811e-161	c22	KALRN
6.82726048995545e-166	0.531225830155829	0.984	0.968	2.28972662312126e-161	c22	H3F3B
1.4630467725764e-165	2.30156042600179	0.195	0.055	4.90676626586674e-161	c22	PKIG
5.28657781767302e-164	8.51307486234703	0.011	0	1.77301246849118e-159	c22	CASC20
6.90887411892351e-163	0.577909752779036	0.951	0.895	2.31709820200457e-158	c22	RPL5
7.25291563068215e-163	1.36551952940821	0.592	0.361	2.43248284421818e-158	c22	LGALS3
6.79119177819705e-162	3.6682003157198	0.056	0.006	2.27762989857173e-157	c22	CYP7B1
1.41678373684987e-160	5.02799290484569	0.028	0.001	4.7516092966471e-156	c22	MTCL1
1.8432650674374e-158	0.451586963514532	0.99	0.983	6.18194238317155e-154	c22	FAU
7.0889708932957e-157	5.79374015001253	0.015	0	2.37749905819351e-152	c22	ADRA2A
1.49720927900517e-156	3.49278630057105	0.069	0.009	5.02134047992754e-152	c22	UBXN10-AS1
6.04351325702762e-155	3.0219158027935	0.174	0.048	2.02687347614192e-150	c22	LRMDA
8.95597566381202e-154	3.79485823815118	0.069	0.009	3.00365511812927e-149	c22	MYB
1.04408094788311e-153	1.75685636624049	0.413	0.206	3.50163868301036e-149	c22	CDC42EP3
2.61898590282021e-153	1.44130454754506	0.538	0.321	8.78355492087841e-149	c22	BHLHE40
2.76028361041656e-153	5.32858189960842	0.023	0.001	9.25743917261507e-149	c22	PRSS12
1.75179204799373e-151	2.37896030357014	0.266	0.101	5.87516017056138e-147	c22	HSD17B12
4.48725313234315e-151	2.32538667380764	0.167	0.044	1.50493495552525e-146	c22	RAB37
6.6083595964673e-151	4.52290480840099	0.045	0.004	2.2163116414632e-146	c22	TTC28
1.93884704556601e-150	7.52914932481876	0.011	0	6.50250522141927e-146	c22	OR8G5
3.02972566384647e-150	7.57439176812035	0.01	0	1.01610939314083e-145	c22	RYR3
1.02375769143136e-149	3.73604468327035	0.08	0.012	3.4334785455225e-145	c22	TEC
3.88822770656965e-149	4.98570974959459	0.056	0.006	1.30403380822933e-144	c22	GNAI1
1.34657851351474e-147	1.21963373125303	0.503	0.271	4.51615501862573e-143	c22	LAT
1.44308329936209e-146	4.65671160539499	0.041	0.004	4.83981276940059e-142	c22	GRHL1
1.9304772411686e-146	0.805146398094581	0.825	0.635	6.47443457143124e-142	c22	NEAT1
1.30488635066893e-145	3.15654374470123	0.125	0.028	4.37632784287347e-141	c22	SPECC1
2.83810097853351e-145	4.81792765279156	0.022	0.001	9.51842306180569e-141	c22	BCAN
1.67576008048954e-142	0.688083266949665	0.94	0.861	5.62016415794583e-138	c22	MT-ND4
2.16928585951929e-142	2.53765680205985	0.162	0.045	7.27535091565578e-138	c22	ABCD3
9.48294308406114e-142	0.343763469684993	0.106	0.021	3.18038945153242e-137	c22	KRT19
2.17577061588341e-140	1.65178712031689	0.453	0.256	7.29709949154977e-136	c22	CNIH1
2.0951908921724e-139	1.87960522859542	0.327	0.146	7.02685121416778e-135	c22	NUTM2A-AS1
5.55637471255737e-139	2.38962221831826	0.226	0.08	1.86349695109749e-134	c22	MSRA
1.45946684543039e-138	1.70140563620039	0.313	0.132	4.89475990620445e-134	c22	DUSP10
4.39755759383869e-138	4.41857869670403	0.046	0.005	1.47485286582162e-133	c22	AFF2
2.33880896050236e-137	1.4252020315147	0.452	0.244	7.84389749173281e-133	c22	CD82
6.36161622437837e-137	3.9016357768533	0.047	0.005	2.13355884933202e-132	c22	DIP2C
1.15343482558349e-136	2.41454148977945	0.215	0.074	3.86838971804192e-132	c22	ADGRE2
1.31306482178966e-136	0.357949962241313	0.998	0.993	4.40375679931816e-132	c22	RPL10
1.97566330623192e-136	3.81764730965094	0.051	0.006	6.62597959644061e-132	c22	BNC2
2.2693119030518e-136	1.45299711153915	0.487	0.278	7.61081826045514e-132	c22	SOCS1
3.75153613521124e-136	3.45214557239342	0.084	0.014	1.25819018902715e-131	c22	RRAD
4.70793693563249e-136	0.381869187246997	0.992	0.981	1.57894788947242e-131	c22	RPS24
5.10384650052813e-136	0.799594577145038	0.877	0.797	1.71172803934712e-131	c22	KLF6
1.42109872801561e-135	1.56751832013104	0.278	0.107	4.76608091401876e-131	c22	NDFIP2
5.02803471224639e-135	2.00605288286393	0.264	0.103	1.68630228179319e-130	c22	ABCA1
9.32140264942447e-135	1.16747367302211	0.612	0.42	3.12621202056398e-130	c22	RGS10
3.17810850593828e-133	1.59290393272999	0.339	0.157	1.06587403072158e-128	c22	SPINT2
4.74368165620175e-133	0.778064472106775	0.892	0.819	1.59093595385694e-128	c22	MT-ND2
1.3118811113638e-132	1.16887475771337	0.372	0.169	4.39978687129191e-128	c22	ITM2C
2.40842342786083e-132	2.63794160492922	0.163	0.047	8.07737049235965e-128	c22	GALNT6
4.77137825050478e-132	3.94685734845206	0.06	0.008	1.60022483765429e-127	c22	ZNF618
5.09005557639104e-132	8.25115796620304	0.016	0.001	1.70710283921003e-127	c22	IL5
7.20246775436164e-132	5.78655664604758	0.018	0.001	2.41556363545781e-127	c22	NRCAM
1.53913319833329e-131	2.06584367217634	0.271	0.11	5.1619449205702e-127	c22	TSC22D2
2.46776925775428e-130	2.90172767596244	0.148	0.041	8.27640453665631e-126	c22	LYL1
3.34722783208472e-130	3.41245203972521	0.061	0.008	1.12259327032457e-125	c22	RFESD
3.63527725311129e-130	5.43367570534059	0.023	0.001	1.21919928514847e-125	c22	TMEM150C
1.3745415117276e-129	3.37338646169329	0.094	0.018	4.60993732203202e-125	c22	NT5DC2
3.75778228430946e-129	2.05795004759726	0.218	0.076	1.26028502251171e-124	c22	RPS6KA5
4.86204994786753e-129	0.937859621516577	0.699	0.537	1.63063431151581e-124	c22	GPX4
4.79608829684182e-128	0.709034443409202	0.864	0.718	1.60851209299481e-123	c22	NFKBIA
1.24537166328674e-127	0.906353810622672	0.823	0.725	4.17672748433108e-123	c22	TNFAIP3
1.77063616233074e-127	0.474440842026166	0.967	0.939	5.93835956122483e-123	c22	RPL24
4.14730929906389e-127	1.97251798235536	0.3	0.133	1.39092459272005e-122	c22	PLGRKT
1.57906565064853e-126	0.508809025103575	0.938	0.905	5.29587037914505e-122	c22	NACA
2.87011319579535e-126	5.89965737121124	0.014	0	9.62578563605845e-122	c22	ACKR2
2.4434976550441e-124	1.37001931300612	0.46	0.263	8.19500243548691e-120	c22	ASAH1
3.89865234254681e-123	2.17733294038269	0.254	0.104	1.30753002264335e-118	c22	PAK1
1.43022208346291e-122	4.06702943291113	0.036	0.003	4.79667882351792e-118	c22	FAM124B
1.64189789308077e-121	0.738746110349616	0.905	0.838	5.5065971538143e-117	c22	ZFP36
2.06275397392939e-121	4.91390279836807	0.026	0.002	6.91806427776439e-117	c22	PTGER3
6.46084159944221e-121	2.44817371378402	0.131	0.034	2.16683705562093e-116	c22	EPAS1
1.09763313929013e-120	6.0798914587739	0.014	0	3.68124202255125e-116	c22	CHST1
3.85768459894189e-120	2.55642526239798	0.145	0.041	1.29379026079313e-115	c22	NDST2
6.28087002254003e-120	3.78622554209171	0.042	0.005	2.10647818815948e-115	c22	HEY1
1.92865806169489e-119	0.748619726352485	0.816	0.694	6.46833340731232e-115	c22	ITM2B
3.11232361094904e-119	5.21991883105459	0.024	0.001	1.04381109264009e-114	c22	RET
7.18732118354732e-119	3.0810880338645	0.13	0.035	2.4104837785381e-114	c22	TNFRSF21
1.04482093210549e-118	1.48086367519883	0.46	0.278	3.50412044209539e-114	c22	SKIL
1.13764683521765e-117	1.52873267142291	0.344	0.166	3.81543995595295e-113	c22	ZBTB20
1.0489818547085e-116	1.12159922149907	0.587	0.408	3.51807534432135e-112	c22	SDCBP
1.61335369782476e-116	1.62778818542415	0.338	0.167	5.41086563176468e-112	c22	LAT2
2.41201220368531e-116	6.36585180824362	0.01	0	8.08940652871978e-112	c22	AC073869.5
2.41201220368531e-116	6.37768914640066	0.01	0	8.08940652871978e-112	c22	MOBP
3.51973367268851e-116	1.26063456950724	0.536	0.363	1.18044827914627e-111	c22	PRDX6
5.06903053433685e-116	1.69340585338937	0.332	0.16	1.70005146060589e-111	c22	TNFSF10
1.2343356304746e-115	2.75834507719345	0.116	0.029	4.1397148374857e-111	c22	NFE2L3
5.90336261798061e-115	4.96741622684009	0.018	0.001	1.97986975481834e-110	c22	PTGDR2
6.80175961321498e-115	2.36900053222534	0.22	0.085	2.28117413908004e-110	c22	ACER3
2.23685666460416e-114	0.399464467337229	0.979	0.952	7.50196988174944e-110	c22	RPS4X
3.43689313049158e-114	1.00221408359146	0.665	0.514	1.15266521810427e-109	c22	SQSTM1
7.12031578535492e-114	2.78828928139837	0.104	0.024	2.38801150809233e-109	c22	TTI1
3.06805545503456e-113	5.17680745082335	0.027	0.002	1.02896443850949e-108	c22	NOV
3.23673475776977e-113	0.610694147390631	0.864	0.807	1.08553610306083e-108	c22	RPL36AL
6.40604022160946e-113	0.717061964352451	0.841	0.729	2.14845776952338e-108	c22	HSP90AB1
1.01552822467912e-112	0.707918729659168	0.801	0.73	3.40587855992883e-108	c22	CCNI
2.62821596942837e-112	5.06793797951767	0.016	0.001	8.81451071826886e-108	c22	ADAMTS3
3.00422895619244e-112	3.36127258878687	0.039	0.004	1.00755830732782e-107	c22	A2M-AS1
2.18800326183985e-111	1.98499142611086	0.189	0.065	7.33812533955849e-107	c22	IL18R1
1.10531372890695e-110	1.31765584076554	0.419	0.235	3.70700118400811e-106	c22	RHBDD2
2.10012945209384e-110	5.10594483070393	0.019	0.001	7.04341415643233e-106	c22	UBXN10
1.27702156528946e-109	6.19260990023969	0.01	0	4.28287492566778e-105	c22	SPTB
9.00723753439072e-109	5.5662564208507	0.024	0.002	3.02084732428396e-104	c22	KCNIP1
3.92461774907973e-108	1.00941773736353	0.868	0.796	1.31623830068636e-103	c22	DUSP1
5.87251655343414e-108	0.693703322998485	0.831	0.726	1.96952460169074e-103	c22	CLIC1
9.14808895342051e-108	2.52797959478979	0.189	0.069	3.06808607319817e-103	c22	SEMA4A
8.10365016913003e-107	0.303379453032527	0.996	0.989	2.71780219372283e-102	c22	RPL30
4.645664610826e-106	0.743363682292049	0.765	0.634	1.55806299717882e-101	c22	TAGLN2
5.90553103289149e-106	1.17333156135233	0.546	0.383	1.98059699781115e-101	c22	SEC11A
1.72785482570128e-104	2.86165536743355	0.086	0.019	5.79487951443695e-100	c22	C5orf30
1.47103601357485e-103	4.69639208909719	0.02	0.001	4.93356058232734e-99	c22	DACH1
2.840741773692e-103	1.18878897060825	0.612	0.466	9.52727976060824e-99	c22	BTG2
5.01180094252326e-103	2.63101015697199	0.147	0.047	1.68085780010345e-98	c22	TM6SF1
1.46143918547951e-102	2.49658889605038	0.097	0.023	4.90137474026119e-98	c22	ST3GAL3
9.93296001487087e-102	6.08889050732986	0.01	0	3.33131612978739e-97	c22	HCRTR1
2.04319406585078e-101	0.469956067522472	0.945	0.894	6.85246425805035e-97	c22	RPL22
2.06375764119169e-101	0.608208011781287	0.37	0.181	6.92143037702868e-97	c22	STMN1
5.46134303232259e-99	2.13354018050229	0.235	0.102	1.83162522618035e-94	c22	SPNS1
1.05414651745493e-98	4.13991712783392	0.055	0.009	3.53539659024035e-94	c22	UNC5B
4.96633879114305e-98	0.796502792499444	0.664	0.504	1.66561070377356e-93	c22	SAMSN1
9.44033098285928e-98	2.13926968436078	0.119	0.033	3.16609820503134e-93	c22	EDARADD
1.44171626043696e-97	5.04683394118641	0.023	0.002	4.83522799425347e-93	c22	AC008840.1
3.61550968008176e-96	1.50084204676973	0.212	0.083	1.21256963650582e-91	c22	GRAP2
4.10704615771532e-96	2.20908767396255	0.155	0.053	1.37742114037457e-91	c22	SLC4A2
4.22509105014425e-96	2.2453046349066	0.145	0.047	1.41701103639738e-91	c22	MLF1
6.04900771398018e-96	2.9513070362808	0.08	0.017	2.02871620711467e-91	c22	ST7
9.57469201380818e-96	1.25045072903899	0.367	0.196	3.21116020759099e-91	c22	C1orf162
3.27299437573611e-95	4.70654058432853	0.018	0.001	1.09769685373438e-90	c22	CASQ1
4.13101332657655e-95	1.6650552035729	0.259	0.118	1.38545924946724e-90	c22	NUDT14
5.66143823587751e-95	0.965175328892681	0.604	0.459	1.8987331555486e-90	c22	IDS
6.60939172548296e-95	0.264114636564406	0.997	0.987	2.21665779689248e-90	c22	RPL32
7.39315579341675e-95	6.09283312426089	0.015	0.001	2.47951658999611e-90	c22	NTM
4.02467021348919e-94	1.69175159357547	0.287	0.141	1.3497938962e-89	c22	DDAH2
5.70129133470565e-94	2.55105995908478	0.067	0.013	1.91209908783358e-89	c22	NSG1
1.8891093099206e-93	2.81429085799868	0.087	0.02	6.33569480361171e-89	c22	AP1S3
3.37797191045845e-93	1.35568242962396	0.437	0.285	1.13290421932956e-88	c22	SEPT2
3.65752372634127e-93	5.4390126427055	0.018	0.001	1.22666030734033e-88	c22	SLC2A10
5.88786045843848e-93	1.27292991386862	0.318	0.158	1.9746706405511e-88	c22	CXCL16
1.04054138425833e-92	5.32640982357394	0.015	0.001	3.48976769452559e-88	c22	SAMD14
1.92084696170741e-92	3.83908814941898	0.046	0.007	6.44213654017433e-88	c22	MYO10
5.94126056540438e-92	3.94161980114749	0.049	0.008	1.99257996842532e-87	c22	PACERR
7.13176408554218e-92	4.17135415259029	0.027	0.002	2.39185103900914e-87	c22	STX17-AS1
2.49555889139022e-91	2.59562424696382	0.107	0.029	8.3696054099445e-87	c22	FAIM
9.03273147176468e-91	5.0859129546357	0.013	0.001	3.02939748100044e-86	c22	TMEM108
2.03140842720288e-89	1.99035791104908	0.238	0.109	6.81293758315301e-85	c22	MAPK6
2.74212303378633e-89	2.2922231189535	0.18	0.07	9.19653223071258e-85	c22	MCTP1
8.14501851836489e-89	5.26993053507307	0.016	0.001	2.73167631068922e-84	c22	GPC6
9.59928108416499e-88	1.2876909364711	0.303	0.151	3.21940689000726e-83	c22	TSEN54
1.38925245983057e-87	3.81816775932559	0.047	0.007	4.65927489977977e-83	c22	ITGA9
5.36964274762519e-87	2.94881663263399	0.067	0.014	1.80087078469854e-82	c22	ACVR1B
1.8706632149634e-86	2.58392689402279	0.155	0.056	6.27383029034425e-82	c22	CPM
2.07283563136444e-86	0.621511680365548	0.788	0.679	6.95187614047005e-82	c22	RAC2
2.42192980176009e-86	1.05393012897851	0.599	0.467	8.12266816914298e-82	c22	REL
2.45954470021788e-86	3.15765516745295	0.038	0.005	8.24882101559074e-82	c22	HOXA10
4.68288163137497e-86	0.290454732262071	0.995	0.983	1.57054484153054e-81	c22	RPS27A
1.68644482445356e-85	2.60377104118742	0.104	0.029	5.65599865225235e-81	c22	MYO15B
2.06947957488927e-85	5.5227963572708	0.014	0.001	6.94062059826364e-81	c22	DUSP15
2.77070851831369e-85	2.38139459475754	0.092	0.024	9.29240222872046e-81	c22	STXBP5
1.9751474434489e-84	5.39513616295116	0.017	0.001	6.62424949583892e-80	c22	MAGI2
3.41611799306718e-84	1.02401044823251	0.659	0.567	1.14569765251487e-79	c22	SELENOK
3.53007438933247e-84	3.70134272071164	0.054	0.01	1.18391634869432e-79	c22	FADS2
4.83413498999476e-84	2.47543529856037	0.1	0.028	1.62127219294444e-79	c22	AP005019.1
1.07475611887059e-83	2.22511398345326	0.145	0.051	3.60451707146817e-79	c22	USP53
1.20258843673079e-81	0.632839970903227	0.817	0.748	4.03324109910772e-77	c22	UBB
1.20895367943832e-81	4.22072769422676	0.022	0.002	4.05458885010023e-77	c22	OSBPL6
1.46686893299347e-81	4.05005701998385	0.033	0.004	4.91958502747352e-77	c22	CDC42BPA
5.22226663976282e-81	5.54168434953298	0.016	0.001	1.75144378564365e-76	c22	JPH4
1.49556542637673e-80	1.55625707808024	0.277	0.141	5.01582732698228e-76	c22	MAPK1
1.40509738224081e-79	3.30618031463388	0.078	0.019	4.71241560055922e-75	c22	ASRGL1
1.61098442929202e-79	2.46740798457433	0.12	0.039	5.40291957895957e-75	c22	RFX2
3.29051371593314e-79	1.0181010679491	0.374	0.217	1.10357249004966e-74	c22	PLIN2
5.82281274223992e-79	0.605684256773117	0.498	0.315	1.95285493749242e-74	c22	IFITM3
7.95370838569645e-79	0.849922682402269	0.709	0.637	2.66751471839487e-74	c22	NDUFA4
1.15875646873009e-78	3.09700172511257	0.087	0.023	3.88623744482698e-74	c22	PROCR
1.7258568648069e-78	4.31374358388415	0.015	0.001	5.78817875318939e-74	c22	C8G
2.46892012660766e-78	1.48113013402827	0.335	0.196	8.28026432061678e-74	c22	CRTAP
3.65889046643139e-78	1.71148154055909	0.225	0.105	1.22711868463176e-73	c22	SWAP70
4.9044492439239e-78	5.66219308765171	0.01	0	1.6448541874272e-73	c22	RHOJ
1.45050028257112e-77	0.996768515705909	0.475	0.314	4.86468784768701e-73	c22	ZEB2
2.49004908212638e-77	3.78790571691216	0.046	0.008	8.35112661163546e-73	c22	DEPTOR
4.10675293200395e-77	1.69348250306016	0.176	0.07	1.37732279833548e-72	c22	MCTP2
1.14227860119903e-76	1.98832499333377	0.195	0.085	3.83097397270129e-72	c22	RALB
3.50321709121698e-76	3.75928467938974	0.037	0.005	1.17490894805235e-71	c22	TTC7B
3.91956501428395e-76	4.97353621906631	0.01	0	1.31454371449055e-71	c22	HRASLS5
1.63394610196012e-75	3.82714695569495	0.024	0.002	5.47992843675384e-71	c22	SLC22A17
2.23709045183742e-75	2.83798920842576	0.037	0.005	7.50275395737234e-71	c22	AEBP1
3.96281506330129e-75	2.57789752262518	0.096	0.028	1.32904891592999e-70	c22	PTK2
9.95331562950477e-75	4.58304866938491	0.018	0.001	3.33814299582331e-70	c22	ENTHD1
1.22017287684404e-74	4.54779402535009	0.015	0.001	4.09221579435953e-70	c22	HOXA10-AS
7.75569222900663e-74	1.1536601521981	0.396	0.236	2.60110405976425e-69	c22	SGK1
7.90812631233161e-74	1.88741293730316	0.146	0.055	2.65222740262977e-69	c22	NBAS
1.03075354531941e-73	4.34737314120753	0.025	0.003	3.45694124029225e-69	c22	BSPRY
2.16533274420459e-73	0.939389597191962	0.557	0.426	7.26209295751335e-69	c22	SNHG8
5.98522138599697e-73	4.4845297086497	0.016	0.001	2.00732354843566e-68	c22	AC026801.2
1.37684786446925e-72	2.07706551533991	0.184	0.08	4.61767236785696e-68	c22	METTL21A
2.22181855855714e-72	2.00510618094234	0.113	0.037	7.45153508168894e-68	c22	COL9A2
3.22174360550605e-72	3.58777883600914	0.028	0.003	1.08050837041462e-67	c22	HOXB6
4.48772817920466e-72	3.25049449376386	0.053	0.011	1.50509427674166e-67	c22	LINC02207
5.75791204019838e-72	2.63086783625557	0.083	0.022	1.93108854004173e-67	c22	DUSP14
5.89516250464906e-72	1.42869495027356	0.321	0.187	1.9771196008092e-67	c22	TMOD3
8.44659093678788e-72	1.80712215169496	0.129	0.045	2.83281766837992e-67	c22	CD22
1.55117369834409e-71	4.69358181024636	0.017	0.001	5.2023263495064e-67	c22	MEG3
2.19559105919476e-71	3.45462234758471	0.026	0.003	7.3635732943274e-67	c22	FSIP1
4.6866073595976e-71	1.97768707300079	0.144	0.054	1.57179437626184e-66	c22	HLTF
7.79746524497119e-71	6.07873095092893	0.016	0.001	2.61511389385844e-66	c22	PGBD5
4.96399116041002e-70	5.43617415115044	0.017	0.001	1.66482335537831e-65	c22	SAMD13
5.57292636892363e-69	1.42325053956998	0.255	0.13	1.86904804560961e-64	c22	PHLDA2
9.61816212699769e-69	3.43031713285664	0.045	0.008	3.22573921415249e-64	c22	AP005329.3
1.74819937253423e-68	1.84492204896109	0.195	0.089	5.8631110556053e-64	c22	MBOAT7
1.16098779068155e-67	2.42383119885155	0.134	0.051	3.89372085238779e-63	c22	HYI
1.21741546328806e-67	1.57411577727433	0.216	0.103	4.08296798077549e-63	c22	TMEM154
8.66510990431909e-67	4.50302253578898	0.028	0.003	2.90610455971053e-62	c22	AP000695.2
1.18319778883406e-66	2.29884657344822	0.13	0.049	3.96820874419168e-62	c22	SLCO2B1
1.23529866778182e-66	0.999417225116154	0.53	0.422	4.14294467200668e-62	c22	VAPA
2.08833940173686e-66	1.93060894961298	0.163	0.069	7.00387268554507e-62	c22	B4GALT5
4.08167728120588e-66	3.37839224389911	0.049	0.01	1.36891292657083e-61	c22	FN3K
8.05404455616825e-66	0.704428624089561	0.673	0.565	2.70116546324771e-61	c22	EMP3
2.54195533109074e-65	1.04057325113192	0.417	0.273	8.52520978941213e-61	c22	TSPYL2
1.57303256786801e-64	1.78850443563116	0.155	0.064	5.27563662611573e-60	c22	QPCT
8.75252647318795e-64	1.92789878534375	0.175	0.078	2.93542232857778e-59	c22	DTNBP1
2.09767828636517e-63	3.40895889617873	0.045	0.009	7.03519343681149e-59	c22	PLA2G4A
1.07565989104873e-62	2.04201553320525	0.082	0.024	3.60754814259922e-58	c22	PDE7B
1.50574664674626e-62	0.956342076131779	0.548	0.434	5.04997310385759e-58	c22	HSP90B1
1.56266475364839e-62	1.85746526607747	0.109	0.037	5.24086505078597e-58	c22	GALNT3
2.1205699847117e-62	0.359229010387319	0.965	0.952	7.11196761472611e-58	c22	MT-ND4L
4.07361279106729e-62	1.89056239382893	0.106	0.036	1.36620825786815e-57	c22	NMT2
4.43697066982147e-62	2.8659133421153	0.049	0.01	1.48807122324472e-57	c22	ZNF48
6.86679450514944e-62	1.9146799008552	0.087	0.026	2.30298554113702e-57	c22	CYTH3
1.23953628760836e-61	3.82240518559751	0.025	0.003	4.1571568013809e-57	c22	NBEA
1.83660749562212e-61	2.45079060451221	0.062	0.015	6.15961421881747e-57	c22	TPST1
2.95811397936694e-61	3.83599767292587	0.017	0.001	9.92092266400084e-57	c22	ZNF667
1.10533653286662e-60	3.27471894770579	0.052	0.011	3.70707766392807e-56	c22	ADORA3
1.1510672643066e-60	4.45502779636943	0.019	0.002	3.86044939103148e-56	c22	C19orf81
1.19670344678503e-60	2.00595293725256	0.145	0.06	4.01350401982765e-56	c22	PLAGL1
2.09839945374187e-60	3.88614437770748	0.02	0.002	7.03761208795948e-56	c22	LGALS12
9.87844643741552e-58	1.84072185838559	0.142	0.059	3.31303336618042e-53	c22	TMEM273
1.93450229858933e-57	2.37786739222659	0.108	0.039	6.48793380900891e-53	c22	TRIO
1.9888130727493e-57	3.29003555950976	0.051	0.012	6.67008128338661e-53	c22	TNS1
2.4107226858819e-57	1.26264691603496	0.416	0.296	8.08508174391072e-53	c22	BIRC3
9.50045482731652e-57	1.15350233536407	0.244	0.128	3.18626253998541e-52	c22	TMEM176A
1.05579719692062e-56	0.671877346061568	0.518	0.373	3.54093263903238e-52	c22	HSPA1B
1.55485391863189e-54	1.87300406255819	0.173	0.083	5.21466907230762e-50	c22	SLC43A3
3.26173358878152e-54	1.27876345388683	0.165	0.075	1.09392021100554e-49	c22	BEX3
3.27021079508312e-54	4.18620394509033	0.01	0.001	1.09676329645498e-49	c22	JCAD
5.17032186086653e-54	4.00057303334423	0.017	0.002	1.73402254569742e-49	c22	ALOX15
2.39922321221113e-53	1.78120433176746	0.129	0.053	8.0465148091137e-49	c22	ABCB8
5.25656325848343e-53	2.99537560235516	0.035	0.006	1.76294618563017e-48	c22	NKD1
9.25392350205174e-53	1.64055657970476	0.188	0.093	3.10358086411811e-48	c22	NEK1
1.15909154091101e-52	1.68208214238746	0.113	0.043	3.88736120990733e-48	c22	YES1
1.76505197291157e-52	2.13020800784446	0.11	0.042	5.91963130675082e-48	c22	GAPT
2.71870460797126e-52	1.09274196757565	0.4	0.28	9.117991514214e-48	c22	KDM6B
6.27995869130534e-52	1.66684704644851	0.203	0.107	2.10617254588999e-47	c22	ARMCX3
7.28089626911513e-52	1.92818740286818	0.118	0.047	2.44186699073583e-47	c22	AKAP2
1.84736630734056e-51	2.45669294649919	0.095	0.034	6.19569712155878e-47	c22	GSTM3
2.0752677475154e-51	2.31097910492034	0.08	0.026	6.96003297161714e-47	c22	ARHGEF40
3.7532455301487e-51	1.93362614012877	0.113	0.044	1.25876348590127e-46	c22	C11orf49
4.035192659855e-51	3.34746010920923	0.049	0.012	1.35332291426217e-46	c22	HAAO
1.19444455073669e-50	2.87073115054744	0.03	0.005	4.0059281342607e-46	c22	ADGRL1
1.24797479004717e-50	2.96164599357942	0.038	0.008	4.1854578508602e-46	c22	FMO5
2.80232583100096e-50	3.61172994564972	0.028	0.005	9.39844037201102e-46	c22	AC027031.2
5.10578707052492e-50	1.57888508433171	0.114	0.045	1.71237886771265e-45	c22	TTC39B
1.01268474861117e-49	1.50757327964798	0.176	0.086	3.39634210989214e-45	c22	UBA7
1.22083648492137e-49	0.159734064794528	0.986	0.974	4.09444140312929e-45	c22	RPS8
1.32059955452725e-49	1.95604662595939	0.068	0.02	4.42902678597349e-45	c22	JAKMIP2
1.69693237306185e-49	1.06589636496743	0.378	0.268	5.69117179277484e-45	c22	OSBPL8
4.32780797691563e-49	1.93260075216214	0.155	0.073	1.45146023929796e-44	c22	PRPS2
6.74379167349051e-49	1.02782439465199	0.404	0.296	2.26173285145525e-44	c22	CANX
6.78470352909159e-49	1.68102962165325	0.187	0.096	2.27545386958674e-44	c22	AC100810.1
8.21577083357866e-49	2.06265923378046	0.125	0.053	2.75540522216561e-44	c22	TCEAL3
8.48737848475036e-49	2.77327801914536	0.035	0.007	2.84649699621557e-44	c22	LCN10
1.77303597103617e-48	1.2739398362506	0.203	0.105	5.9464080396611e-44	c22	C21orf91
2.10853915194626e-48	0.258469289488292	0.991	0.985	7.07161860779736e-44	c22	MT-CO2
6.38268631791131e-48	3.03108951074187	0.037	0.008	2.1406253373011e-43	c22	C8orf88
9.29755303026772e-48	1.67923444005647	0.17	0.085	3.11821333529119e-43	c22	MPP1
2.35360615717705e-47	1.67110592069408	0.198	0.107	7.8935243299404e-43	c22	SERPINB6
3.68612506377646e-47	0.401068045029517	0.73	0.648	1.23625262388935e-42	c22	CD37
4.42153912980242e-47	2.11278293947696	0.08	0.027	1.48289579335313e-42	c22	DEXI
1.42455315472812e-46	2.1490190428445	0.072	0.023	4.77766637032717e-42	c22	CYB561
1.47059185659745e-46	1.63243025407438	0.167	0.082	4.93207096865652e-42	c22	PRKD3
2.43426333340476e-46	1.79430136227424	0.129	0.057	8.1640323675729e-42	c22	FAM104B
4.03424675485804e-46	1.50966634081033	0.124	0.053	1.35300567664429e-41	c22	AC245297.3
4.56641479832141e-46	4.97266572697584	0.013	0.001	1.53148419506103e-41	c22	MPV17L
6.49891932108247e-46	3.06520457137634	0.039	0.009	2.17960756190464e-41	c22	WWC2
1.26833572325295e-45	0.642962210407251	0.559	0.456	4.25374434864573e-41	c22	ATP6V1F
2.7941247183934e-45	1.46042033205968	0.172	0.087	9.37093548054779e-41	c22	DENND4C
2.9604993846444e-45	2.52441644804509	0.068	0.021	9.92892283622039e-41	c22	LXN
3.30430137585751e-45	1.64571854940835	0.179	0.093	1.10819659543509e-40	c22	CPEB4
7.98271877543921e-45	1.51424664088045	0.155	0.075	2.6772442229068e-40	c22	KIF13B
1.13499209703743e-44	1.58644453204107	0.15	0.072	3.80653649504414e-40	c22	REPS1
1.28804102722618e-44	2.16494558906045	0.107	0.044	4.31983199711117e-40	c22	CHKA
1.82998418053467e-44	1.57114826020848	0.167	0.084	6.13740094467719e-40	c22	AGO3
2.01164242413149e-44	2.08137586261789	0.108	0.045	6.74664636205219e-40	c22	GBE1
2.13216902872138e-44	1.44423849513858	0.222	0.127	7.15086848852575e-40	c22	NDEL1
2.52259716800037e-44	0.70145877705781	0.558	0.468	8.46028638203965e-40	c22	SNX3
4.85312657687717e-44	0.429723763293295	0.545	0.421	1.62764159135306e-39	c22	HSPA1A
6.11713444320685e-44	2.84424923326692	0.016	0.002	2.05156454956271e-39	c22	COL14A1
8.70347733606686e-44	0.775466358632763	0.438	0.325	2.9189722289701e-39	c22	AHNAK
1.1282505429117e-43	2.48607665326382	0.049	0.013	3.78392667081727e-39	c22	ZNF597
1.24021126117333e-43	3.19685535785524	0.025	0.004	4.1594205277231e-39	c22	CYTL1
1.86617607161057e-43	1.69620836170434	0.186	0.101	6.25878130896753e-39	c22	ANXA4
2.63585842456462e-43	2.74894209915772	0.025	0.004	8.84014198430482e-39	c22	NR5A2
2.82939305660408e-43	3.25853100398219	0.045	0.011	9.48921843323876e-39	c22	UGGT2
3.14636103096602e-43	3.44789213777756	0.024	0.004	1.05522656256538e-38	c22	AGAP1
4.08359113416135e-43	1.19954554669189	0.26	0.158	1.36955479457503e-38	c22	GNPTAB
5.93556260796152e-43	1.26691517930069	0.281	0.18	1.99066898745813e-38	c22	TPST2
7.16695426472042e-43	1.04187381801423	0.339	0.237	2.40365312130193e-38	c22	FLOT1
7.84405758717973e-43	0.247726031709304	0.921	0.766	2.63074003358834e-38	c22	S100A4
8.65140308795863e-43	1.91258270993482	0.052	0.014	2.90150756763957e-38	c22	ST8SIA1
8.92734087256809e-43	1.90335041649148	0.155	0.078	2.99405158184189e-38	c22	RAB34
1.27320663744283e-42	0.963171555937056	0.439	0.344	4.27008042065578e-38	c22	PEBP1
1.37866253435998e-42	1.35785285427813	0.197	0.108	4.62375840773649e-38	c22	CD84
1.40692795587165e-42	4.06180046443724	0.013	0.001	4.71855497840234e-38	c22	DNAI2
2.59107859146509e-42	1.1913972243018	0.321	0.219	8.68995938005563e-38	c22	TIPARP
3.3049103199816e-42	0.198256618733375	0.979	0.967	1.10840082311543e-37	c22	RPL35A
3.52648616253927e-42	0.208094568587184	0.984	0.977	1.18271292919242e-37	c22	RPL12
6.70501832708727e-42	1.50791220591884	0.228	0.137	2.24872904653853e-37	c22	PARVB
7.29059524507129e-42	1.89188664769649	0.101	0.041	2.44511983329201e-37	c22	RGS3
2.21575635877604e-41	2.28699635775841	0.087	0.033	7.43120367606309e-37	c22	KCNQ1OT1
3.02777825295754e-41	1.80598720763326	0.1	0.041	1.0154562704769e-36	c22	TDRD3
3.99738337085498e-41	0.21241531214482	0.972	0.958	1.34064243491734e-36	c22	RPL7A
9.11830416032518e-41	1.55785822498603	0.201	0.115	3.05809684928986e-36	c22	BLVRA
1.43421211764325e-40	2.18130688708582	0.072	0.025	4.81006060015192e-36	c22	FAR2
2.6313615992092e-40	2.76584438420091	0.042	0.011	8.82506053142781e-36	c22	AC004130.1
2.65705028151892e-40	1.46926013717898	0.132	0.062	8.91121523415816e-36	c22	ENO2
2.9788690620856e-40	0.300677548960047	0.909	0.893	9.9905310604227e-36	c22	RACK1
3.59275381548438e-40	2.11815004272617	0.087	0.034	1.20493777463715e-35	c22	TNFRSF12A
4.02620327222313e-40	0.351738172896403	0.565	0.449	1.35030805343819e-35	c22	MT2A
5.78555961936601e-40	2.55337378403629	0.037	0.009	1.94036098514297e-35	c22	NFE2
1.05526111484073e-39	1.64959009924123	0.144	0.071	3.53913472695284e-35	c22	CHPT1
1.23392133934819e-39	3.38651808312821	0.028	0.005	4.13832538790595e-35	c22	KREMEN1
1.23817469361143e-39	0.772892764152004	0.481	0.387	4.15259028743401e-35	c22	C4orf48
1.51049861483247e-39	0.571067072814389	0.635	0.582	5.06591025442514e-35	c22	RBM39
2.43788000040018e-39	2.76577616012345	0.032	0.007	8.17616194534211e-35	c22	AC008035.1
5.42366897335452e-39	1.87457346351755	0.081	0.03	1.81899010028364e-34	c22	HEG1
6.53092445265528e-39	1.5751676782158	0.114	0.051	2.19034144293153e-34	c22	RAB33A
1.47102241957489e-38	2.13315463493738	0.053	0.016	4.93351499077026e-34	c22	ARSK
1.97230974055803e-38	1.5086022086255	0.109	0.048	6.61473240788352e-34	c22	GPR34
2.48583529963366e-38	0.370029807760269	0.952	0.944	8.33699442791136e-34	c22	MT-ND3
3.42627404150481e-38	2.19142666239765	0.076	0.028	1.14910378803988e-33	c22	HSBP1L1
5.41424258725742e-38	0.227396289034551	0.97	0.939	1.81582867891439e-33	c22	RPL6
5.77323749291252e-38	1.47227920713947	0.18	0.1	1.936228390373e-33	c22	GNAQ
8.88409072397228e-38	1.27355591062281	0.153	0.078	2.97954634700582e-33	c22	ABCC1
1.22129568984017e-37	2.46905975332499	0.033	0.008	4.09598148458598e-33	c22	ATG9B
1.5957302555953e-37	1.28416776741511	0.276	0.185	5.35176013121551e-33	c22	NORAD
1.71353124728396e-37	3.83246802008244	0.022	0.004	5.74684109714096e-33	c22	AC004540.1
2.44628857946015e-37	2.59114997288052	0.038	0.009	8.20436263779345e-33	c22	AC022182.2
3.20455565468583e-37	2.82666568704368	0.06	0.02	1.07474387546853e-32	c22	OLFM2
5.42750577043016e-37	2.21040696709573	0.054	0.017	1.82027688528687e-32	c22	MZF1-AS1
6.26382580568612e-37	0.715070062168035	0.649	0.588	2.10076189871101e-32	c22	IER2
1.00612437460982e-36	2.74717605131687	0.031	0.007	3.37433992756643e-32	c22	PDE6G
1.31099935312245e-36	1.64866260667496	0.126	0.06	4.39682963050207e-32	c22	METTL15
2.2212247785742e-36	1.72687452857953	0.088	0.036	7.44954366238215e-32	c22	EGR3
3.82192286127776e-36	1.16197357353512	0.378	0.286	1.28179648921534e-31	c22	GPR65
5.10080678289388e-36	1.52927344390014	0.096	0.04	1.71070857884695e-31	c22	IFITM10
6.80886963865663e-36	2.11124630742729	0.026	0.005	2.28355869941266e-31	c22	CHDH
7.42097500330347e-36	1.48224833489234	0.11	0.049	2.48884659660792e-31	c22	LAX1
8.30740941435146e-36	2.82816583682951	0.049	0.015	2.78613896938519e-31	c22	SOCS6
8.50406777366087e-36	1.04129798371763	0.446	0.363	2.85209424993038e-31	c22	HSPH1
1.03108016898181e-35	0.414820356643369	0.761	0.724	3.45803667073121e-31	c22	HNRNPA2B1
1.12546830366123e-35	4.3891732638558	0.013	0.001	3.77459559681903e-31	c22	LURAP1L
1.23875763055888e-35	0.180800126023754	0.976	0.967	4.15454534136837e-31	c22	RPL8
1.27813031418207e-35	0.92954091849101	0.306	0.21	4.28659344770381e-31	c22	AP1S2
1.72422539924883e-35	1.018425639291	0.36	0.268	5.78270714400073e-31	c22	PRNP
2.1155618597918e-35	1.01649350352106	0.36	0.269	7.09517136536975e-31	c22	NFKB1
2.29581862948497e-35	3.41357429786794	0.013	0.002	7.6997165195667e-31	c22	IL13
2.78597213789749e-35	0.370030174853765	0.841	0.811	9.34359335608061e-31	c22	ATP5MC2
3.5637926017648e-35	0.255122535425453	0.908	0.897	1.19522476277988e-30	c22	RPL37A
4.64188711569017e-35	2.5822393607143	0.036	0.009	1.55679610086017e-30	c22	APOC2
6.19302888179289e-35	1.17553844176039	0.305	0.215	2.0770180263757e-30	c22	SNHG7
7.76277960957689e-35	0.563443300909387	0.556	0.462	2.6034810254599e-30	c22	SLC2A3
9.93070407721515e-35	3.68086725439463	0.018	0.003	3.33055953341642e-30	c22	AMOTL1
1.69112412972534e-34	1.38384201479499	0.137	0.069	5.67169210627285e-30	c22	ATP8B4
4.09162911250243e-34	1.44511619684806	0.153	0.081	1.37225057175107e-29	c22	ANTXR2
4.24394050794972e-34	1.74846571983066	0.122	0.06	1.42333276755618e-29	c22	RAPGEF2
4.72981380584975e-34	0.960894224720643	0.319	0.224	1.58628495420589e-29	c22	DDIT3
4.82707442577872e-34	0.567839457897253	0.641	0.596	1.61890422091767e-29	c22	RPS4Y1
4.90367150837228e-34	1.66469704009273	0.096	0.042	1.6445933504779e-29	c22	C5orf22
5.54713919694325e-34	3.92587984977315	0.014	0.002	1.86039954387083e-29	c22	LINC00520
5.76474016288755e-34	3.71234964254467	0.014	0.002	1.93337855582923e-29	c22	TSLP
9.35209401286647e-34	0.209648066133747	0.985	0.978	3.13650529003516e-29	c22	MT-CO1
9.1096598436633e-33	1.40912441733481	0.198	0.119	3.0551977183678e-28	c22	DNAJB4
1.48834171322263e-32	2.5920279729471	0.034	0.009	4.99160043780606e-28	c22	TMEM217
3.0445699081491e-32	1.72441128001157	0.11	0.053	1.02108785579504e-27	c22	CLEC12A
3.15186599894646e-32	1.77520487156409	0.136	0.072	1.05707281872667e-27	c22	TCEAL4
3.30017470750595e-32	2.30197540003733	0.08	0.033	1.10681259340334e-27	c22	ST3GAL6
4.5689871468935e-32	0.929452353212886	0.15	0.078	1.53234690932514e-27	c22	SYTL2
4.72160245352011e-32	4.32280086899942	0.012	0.001	1.58353103086157e-27	c22	NAALADL2
8.47896960439059e-32	1.17292669759394	0.248	0.163	2.84367682592052e-27	c22	DENND4A
1.32471529720428e-31	2.22152184836298	0.07	0.027	4.4428301637637e-27	c22	DST
1.49906476660423e-31	1.03244237773176	0.325	0.243	5.02756341423726e-27	c22	PABPC4
4.26771605098503e-31	2.07460530413102	0.064	0.024	1.43130660917936e-26	c22	MAML3
4.68974284700514e-31	4.2905247204542	0.014	0.002	1.57284595602859e-26	c22	OBSL1
5.94048010302854e-31	2.15572252339743	0.049	0.016	1.99231821695371e-26	c22	BMPR1A
8.08819669780786e-31	0.59260053218482	0.541	0.466	2.7126194085108e-26	c22	PRDX1
1.23161955278046e-30	0.156920960522904	0.997	0.993	4.13060565611511e-26	c22	RPL39
1.4400805772713e-30	1.37512486645007	0.129	0.067	4.82974224005247e-26	c22	FMNL3
1.62420006135116e-30	4.06701892833619	0.011	0.001	5.44724216575952e-26	c22	SFTPD
1.7048114803818e-30	0.451756845434431	0.683	0.649	5.71759674290447e-26	c22	RPL23
3.60785395690387e-30	3.6762531408996	0.014	0.002	1.21000206006642e-25	c22	FAM95B1
4.02306443251751e-30	1.20280085387633	0.214	0.136	1.34925534937772e-25	c22	LAIR1
4.03928191468853e-30	2.27746052366594	0.022	0.005	1.35469436854824e-25	c22	PLEKHG4
4.18617995999228e-30	1.49240440802395	0.108	0.052	1.40396103498221e-25	c22	GSE1
4.61215240699019e-30	3.28217232589481	0.022	0.004	1.54682367425637e-25	c22	KANK2
4.80154532060191e-30	1.57550179275307	0.114	0.057	1.61034226962347e-25	c22	CFAP36
5.76478614022474e-30	1.83316843546002	0.065	0.025	1.93339397570857e-25	c22	KIAA1147
9.47205753470226e-30	1.06285665778765	0.311	0.231	3.17673865598844e-25	c22	MAPRE1
2.04462222511863e-29	0.846138615759451	0.395	0.32	6.85725401860288e-25	c22	STMP1
2.58035457632457e-29	0.509813333919322	0.556	0.49	8.65399317807734e-25	c22	DRAP1
2.81412087817925e-29	0.61109541719781	0.577	0.52	9.43799860123758e-25	c22	ELF1
2.86510875851667e-29	4.25515016511926	0.02	0.004	9.60900175431321e-25	c22	GSTT2B
4.38098746750493e-29	0.798977527826037	0.448	0.386	1.4692955768518e-24	c22	ST13
4.89056885532813e-29	1.24120646402172	0.162	0.093	1.64019898269995e-24	c22	MAP4K5
5.16003845993922e-29	2.15534974160371	0.065	0.026	1.73057369869442e-24	c22	GPR141
5.80779245287209e-29	1.09564774854414	0.228	0.148	1.94781743284424e-24	c22	HERC1
6.07838654387764e-29	1.91249534240331	0.076	0.032	2.03856927908568e-24	c22	CCDC92
6.64055955798208e-29	3.41690925032435	0.015	0.002	2.22711086455603e-24	c22	PHKA1
6.8592931701229e-29	3.56354564196322	0.011	0.001	2.30046974339582e-24	c22	AC113414.1
1.2154144371957e-28	1.53023148482963	0.175	0.106	4.07625693946693e-24	c22	PDLIM5
1.86029182408981e-28	3.5357115359639	0.012	0.002	6.23904671963241e-24	c22	PTH2R
1.91339998654697e-28	2.88883452175345	0.045	0.015	6.41716087488123e-24	c22	RAB38
1.98468738384382e-28	1.72250362529947	0.125	0.067	6.65624454793542e-24	c22	HSD17B4
2.04566710758566e-28	2.39852605697919	0.041	0.013	6.86075834542077e-24	c22	ZNF219
2.05863578545605e-28	1.77505194578734	0.09	0.041	6.9042526972625e-24	c22	PDE8A
2.08944630406103e-28	0.855577614009376	0.381	0.305	7.00758501455987e-24	c22	NFE2L2
2.56590387257961e-28	2.00391023158895	0.052	0.018	8.60552840785748e-24	c22	SPRY2
2.59502304970945e-28	1.07592170290341	0.326	0.247	8.70318830411557e-24	c22	SYAP1
3.80808432280555e-28	1.7414406790128	0.087	0.039	1.27715532018253e-23	c22	PKIB
4.2278982131779e-28	3.41063532053236	0.011	0.001	1.41795250273561e-23	c22	LINC01336
4.78564048826333e-28	0.88807231910242	0.323	0.24	1.60500810695375e-23	c22	PHF20
5.9380491489006e-28	2.80455683147981	0.024	0.005	1.99150292355828e-23	c22	SMIM10
7.24596879010905e-28	4.21648512812002	0.011	0.001	2.43015301282677e-23	c22	ZNF660
3.41685868725399e-27	1.905130434656	0.063	0.025	1.14594606653124e-22	c22	SUSD1
4.79564803428416e-27	0.164083149689943	0.986	0.971	1.60836443773822e-22	c22	RPS13
6.3806127968565e-27	1.94780722678142	0.08	0.036	2.13992991980973e-22	c22	GPR35
7.9142878651631e-27	1.38890248653281	0.197	0.128	2.6542938642184e-22	c22	CCDC88A
7.93766965936849e-27	1.92380304486731	0.06	0.023	2.662135650359e-22	c22	AL136987.1
8.06351902915152e-27	3.73087043570767	0.01	0.001	2.70434301199684e-22	c22	COL16A1
1.07787889320309e-26	1.13532428816025	0.209	0.135	3.61499023202454e-22	c22	CNST
1.10235755338331e-26	2.24405048293917	0.045	0.015	3.69708676253694e-22	c22	MYLPF
1.20012381191751e-26	3.06945404744735	0.019	0.004	4.02497524040894e-22	c22	LINC02470
1.27289346637415e-26	2.17281147978829	0.036	0.011	4.26903010752562e-22	c22	GSEC
1.62004624151634e-26	1.88566370819121	0.061	0.024	5.43331108479748e-22	c22	TNFAIP8L1
3.06255072249513e-26	2.32040550861272	0.036	0.011	1.02711826131042e-21	c22	CAMKK1
4.66520810427385e-26	1.70369127431464	0.073	0.032	1.56461749401136e-21	c22	LINC01678
4.72179532170855e-26	1.14010649064124	0.25	0.176	1.58359571499461e-21	c22	DNAJC19
4.89841700415128e-26	4.23511638264174	0.01	0.001	1.64283109485226e-21	c22	AL022316.1
5.92578846294067e-26	1.78308440542834	0.099	0.049	1.98739093470104e-21	c22	SLC2A6
6.11612096757428e-26	1.13155040537104	0.161	0.095	2.05122465010506e-21	c22	PRKX
7.47715693379942e-26	2.22173968508279	0.069	0.03	2.50768889245765e-21	c22	FADS1
1.08612850619924e-25	2.64230494214685	0.018	0.003	3.64265778409101e-21	c22	MFAP2
1.09013696779359e-25	0.635248490913635	0.195	0.12	3.65610136258613e-21	c22	SOX4
1.1106315178613e-25	3.34687392905354	0.021	0.005	3.72483598460323e-21	c22	KCTD15
1.11873799058817e-25	2.17662477446712	0.068	0.029	3.75202347283461e-21	c22	PALLD
1.65025161428674e-25	1.00331394960727	0.259	0.184	5.53461386399489e-21	c22	KLF10
1.781431215721e-25	2.53741056485229	0.016	0.003	5.97456401128508e-21	c22	PRSS57
1.8411833893945e-25	0.559815893976432	0.562	0.532	6.17496085135126e-21	c22	EIF5
1.90848722743963e-25	1.28147995523581	0.124	0.067	6.40068446338703e-21	c22	HES4
5.45766808265245e-25	1.68161382441554	0.088	0.042	1.83039272155998e-20	c22	SLC39A11
5.78627993189133e-25	1.26599376902853	0.177	0.111	1.94060256355771e-20	c22	PLEKHF2
9.7543684886612e-25	1.1261957027802	0.133	0.074	3.27142010372719e-20	c22	RGS16
1.11230384165074e-24	0.726833220631294	0.469	0.398	3.73044462412824e-20	c22	CDKN1A
1.298027926593e-24	0.185970102180558	0.939	0.924	4.3533260602076e-20	c22	SH3BGRL3
1.72252153338984e-24	3.25782356321136	0.011	0.002	5.77699271868283e-20	c22	ANKRD31
1.91221635895229e-24	0.56198370709824	0.559	0.532	6.41319122465419e-20	c22	MORF4L1
2.1019315036149e-24	1.53765786744153	0.073	0.032	7.04945787682365e-20	c22	ZBTB16
2.19840441004529e-24	3.86661210089437	0.012	0.002	7.37300871040988e-20	c22	ARHGAP29
3.02058569216003e-24	3.95344837862915	0.012	0.002	1.01304402943663e-19	c22	KAZN
3.20257870386811e-24	1.21909915876124	0.17	0.106	1.07408084570329e-19	c22	CRBN
3.20790757491873e-24	2.68733548675298	0.03	0.009	1.07586804247624e-19	c22	AC108488.1
3.33309714004793e-24	0.374224474739352	0.745	0.72	1.11785411882927e-19	c22	RPL7
4.1156092382305e-24	2.68720620855576	0.021	0.005	1.38029302631775e-19	c22	STRIP2
4.54904973104503e-24	2.4727458779698	0.025	0.006	1.52566029879788e-19	c22	NCKAP1
4.82528377230069e-24	0.985751000794953	0.04	0.014	1.6183036715542e-19	c22	SPARC
5.13656822790032e-24	0.322491126265717	0.716	0.698	1.72270225227321e-19	c22	CIRBP
5.2987699140149e-24	1.81357663453744	0.071	0.032	1.77710145376232e-19	c22	TMEM91
6.67408111010822e-24	1.6428106971233	0.096	0.048	2.23835332270809e-19	c22	SPART
9.66029683933141e-24	3.15132718330613	0.015	0.003	3.23987035397497e-19	c22	TINCR
1.03452033391372e-23	1.55752892982603	0.064	0.027	3.46957429587982e-19	c22	MLLT1
1.14627799001245e-23	2.27382511145352	0.019	0.004	3.84438712290375e-19	c22	IL17RB
1.33553071902972e-23	1.06028988311342	0.193	0.126	4.47910292548188e-19	c22	JAZF1
2.24956057455438e-23	0.277204607747928	0.642	0.62	7.54457625494049e-19	c22	SSR4
2.34676969106191e-23	1.70801491688323	0.1	0.052	7.87059618988342e-19	c22	SLC11A2
2.40285050949143e-23	1.40358697881526	0.097	0.049	8.05868003873235e-19	c22	AL135925.1
3.64018240824198e-23	0.664886765202069	0.18	0.11	1.2208443760762e-18	c22	MATK
3.81765318970228e-23	1.5743597759189	0.101	0.053	1.28036452676235e-18	c22	CYSLTR1
3.84412387130515e-23	3.86436233047584	0.014	0.002	1.28924226395832e-18	c22	ZNF415
3.9299018231298e-23	2.46640738312654	0.028	0.008	1.31801047344127e-18	c22	RASAL1
4.50507382468257e-23	0.844620387092753	0.475	0.423	1.51091165932204e-18	c22	HSPA5
6.91314111375276e-23	0.318413475984685	0.759	0.743	2.3185292667304e-18	c22	COMMD6
8.06337751807141e-23	3.44795102926814	0.017	0.003	2.70429555201079e-18	c22	FBXO27
1.03645534986811e-22	1.24730078460044	0.09	0.044	3.47606395238766e-18	c22	AKAP5
1.43399234737999e-22	1.1032700884301	0.156	0.095	4.809323534643e-18	c22	MTSS1
1.47215761899803e-22	2.06229222699653	0.035	0.012	4.93732222259561e-18	c22	TMEM67
1.63834836349591e-22	1.20098667253649	0.166	0.104	5.49469274149259e-18	c22	HMGCS1
2.15212578333167e-22	1.91712025325934	0.049	0.019	7.21779945213777e-18	c22	DPY19L1
2.83617131431124e-22	0.708076811354511	0.406	0.338	9.51195135393703e-18	c22	SERTAD1
2.95632057660448e-22	0.92060178250321	0.268	0.198	9.91490794981609e-18	c22	SYPL1
3.33541388242572e-22	1.1176590934691	0.146	0.088	1.11863110788794e-17	c22	AHI1
3.34843563220088e-22	0.782146726602499	0.372	0.309	1.12299834232753e-17	c22	RELB
3.9388973508313e-22	2.91915434144183	0.019	0.004	1.3210273935218e-17	c22	GDF15
4.86012295306414e-22	1.7063963906199	0.081	0.04	1.62998803599865e-17	c22	PRIM2
5.19542763627502e-22	1.99900079260094	0.064	0.029	1.74244252065391e-17	c22	GSTM2
6.29412703828816e-22	2.1563512098309	0.024	0.006	2.11092432610108e-17	c22	MAP1A
6.49708046546447e-22	2.9244844328585	0.012	0.002	2.17899084650747e-17	c22	DIAPH2-AS1
6.84665494904086e-22	0.477670610969156	0.552	0.515	2.29623113680932e-17	c22	WDR83OS
7.03773286471843e-22	0.453233415092076	0.645	0.63	2.36031484816927e-17	c22	SKP1
9.88883626306578e-22	1.04708320552255	0.137	0.081	3.316517905907e-17	c22	PRPSAP2
1.10566437410725e-21	0.134951613666084	0.968	0.959	3.7081771778809e-17	c22	RPL29
1.2262354481243e-21	1.88682522791798	0.064	0.029	4.11254844591929e-17	c22	TCEAL1
1.77047245560233e-21	0.445778271085731	0.637	0.626	5.9378105215991e-17	c22	UQCRH
1.8806947417016e-21	1.87028731470751	0.046	0.018	6.30747402471882e-17	c22	SLC4A8
2.34182745248877e-21	1.83345502355007	0.085	0.043	7.85402091015684e-17	c22	FAM129B
2.53632481632329e-21	2.15065548140454	0.035	0.012	8.50632616898506e-17	c22	EXOC6B
2.59418277162147e-21	3.78082418234707	0.014	0.003	8.70037017946407e-17	c22	CNKSR3
2.88795657227694e-21	0.918111300255289	0.324	0.262	9.6856287521024e-17	c22	AP3S1
3.37536123017556e-21	1.58476755618916	0.084	0.042	1.13202864937628e-16	c22	ZBTB48
3.70916626417335e-21	1.77189636353726	0.079	0.039	1.24398018167846e-16	c22	H1F0
4.11961579762748e-21	2.21638987924548	0.051	0.021	1.38163674620831e-16	c22	KCNE3
4.19747636851399e-21	0.547474772496589	0.533	0.494	1.40774962447222e-16	c22	EIF3E
5.58452843961817e-21	0.77430243883816	0.33	0.262	1.87293914807914e-16	c22	DDX3Y
5.76141234422623e-21	0.142014876130001	0.978	0.973	1.93226247200659e-16	c22	RPL26
6.51533472174349e-21	0.920398902480824	0.296	0.232	2.18511295897833e-16	c22	CAMLG
8.62570837470539e-21	2.70766827655994	0.015	0.003	2.89289007470869e-16	c22	LDB2
1.15100975678441e-20	1.33795864759793	0.082	0.041	3.86025652230355e-16	c22	SEMA7A
1.66548429033564e-20	1.93248525385156	0.047	0.019	5.58570121292766e-16	c22	ZSCAN18
2.50156976098681e-20	1.13555835129487	0.111	0.062	8.38976466439755e-16	c22	TP53BP1
2.59425875996876e-20	0.307428660033539	0.684	0.663	8.70062502918324e-16	c22	PPDPF
3.12401327922558e-20	0.152100592728043	0.849	0.812	1.04773157358668e-15	c22	JUNB
3.2157844957899e-20	0.732192623025834	0.294	0.222	1.07850980419802e-15	c22	PAG1
3.73090479446474e-20	0.591403192754856	0.471	0.427	1.25127084996758e-15	c22	PDIA3
3.85990365527227e-20	1.6716059174753	0.066	0.031	1.29453448790521e-15	c22	STARD10
4.4296137295498e-20	1.41323763558155	0.128	0.078	1.48560385261641e-15	c22	SEC24D
4.5254752478261e-20	1.72564707548392	0.058	0.025	1.51775388861592e-15	c22	FLNB
4.67652213135379e-20	0.929056408627038	0.204	0.139	1.56841199241343e-15	c22	SVIP
5.2211844254273e-20	1.40636954193878	0.115	0.066	1.75108083259981e-15	c22	NOTCH2NL
5.34601280560821e-20	1.90138785612332	0.084	0.044	1.79294577474488e-15	c22	SDSL
6.30534331393684e-20	1.84170834324068	0.07	0.033	2.11468604062814e-15	c22	PCTP
7.08558953680991e-20	1.45210630457167	0.097	0.053	2.37636501885531e-15	c22	SSBP2
7.50576641154156e-20	2.45211393222406	0.032	0.011	2.51728393910281e-15	c22	DNAJC27-AS1
9.96348193528782e-20	0.395866798186031	0.696	0.684	3.34155257145683e-15	c22	CD52
1.11430324609557e-19	0.522911579153029	0.543	0.506	3.73715022675532e-15	c22	DYNLL1
1.36361151074278e-19	1.7424433394059	0.067	0.032	4.57328028472915e-15	c22	SOCS2
1.88676321362524e-19	3.04509104069232	0.021	0.006	6.32782646585632e-15	c22	EMILIN1
1.94197355667407e-19	1.8498694267878	0.048	0.02	6.5129909143735e-15	c22	ZNF445
2.00574916665655e-19	0.880468692980862	0.247	0.183	6.72688155513275e-15	c22	NCF4
2.13547496369577e-19	1.41899376383058	0.092	0.049	7.16195593324288e-15	c22	PHYH
2.1594140491642e-19	1.20400337454314	0.104	0.058	7.2422428380869e-15	c22	CERS4
2.47495297852436e-19	3.10366199493054	0.018	0.005	8.300497299375e-15	c22	LINC00900
2.92544227410018e-19	0.946979824204301	0.148	0.092	9.8113482988772e-15	c22	PLPP1
3.55265336632082e-19	1.99256737660486	0.039	0.015	1.19148888599668e-14	c22	NOXA1
3.590215805599e-19	1.06393747878435	0.243	0.184	1.20408657688179e-14	c22	NENF
3.95339890910196e-19	1.09042192108103	0.208	0.147	1.32589092613462e-14	c22	ELMO1
5.28553542192142e-19	2.72318529789997	0.03	0.01	1.772662869804e-14	c22	ADORA2B
5.73915813531891e-19	1.99483022325319	0.046	0.019	1.92479885542326e-14	c22	CBFA2T3
8.07130980984904e-19	2.94805669444665	0.029	0.009	2.70695588402717e-14	c22	STARD13
8.92574381968919e-19	1.94097464790584	0.043	0.017	2.99351596224736e-14	c22	AC106739.2
9.50356658539782e-19	1.14266463881603	0.131	0.08	3.18730616141072e-14	c22	FBXO34
1.31014090922712e-18	0.773158630047248	0.347	0.293	4.3939505813659e-14	c22	AP2M1
1.37142236623753e-18	2.15134038797046	0.02	0.005	4.59947633188743e-14	c22	ZNF578
2.07447344652408e-18	0.973729893068387	0.251	0.185	6.95736904495245e-14	c22	KLF4
2.31064957372834e-18	1.41146028460044	0.051	0.022	7.74945654037011e-14	c22	GPD1L
2.69227130016866e-18	2.44789953254162	0.029	0.01	9.02933948650565e-14	c22	HOMER2
3.03163574171982e-18	1.47941844427057	0.079	0.041	1.01674999505799e-13	c22	SLC9A1
3.51240912220133e-18	1.47320449958261	0.121	0.074	1.17799177140388e-13	c22	SSFA2
4.20333503810632e-18	1.77075387832182	0.043	0.018	1.4097145050801e-13	c22	MFSD4B
4.32599121530458e-18	0.291208546138109	0.763	0.763	1.45085093378885e-13	c22	SRP14
4.93241277369211e-18	2.66275165739438	0.017	0.004	1.65423259604086e-13	c22	SSTR2
5.296828949902e-18	1.35852761186235	0.107	0.062	1.77645049321813e-13	c22	LINC02256
5.34697539495789e-18	2.55629878249371	0.034	0.012	1.79326860796098e-13	c22	PDCD1LG2
5.7203700363989e-18	1.3746110719089	0.282	0.23	1.91849770280746e-13	c22	FDX1
7.15265632976165e-18	1.3605723580701	0.114	0.068	2.39885787987546e-13	c22	SNX29
8.13918787798225e-18	2.92760549414169	0.027	0.009	2.72972083051769e-13	c22	RTN2
8.51672295657842e-18	3.22365854253006	0.012	0.002	2.85633854517727e-13	c22	DNAH14
1.02012545041908e-17	3.06345501451836	0.013	0.003	3.4212967356155e-13	c22	AQP11
1.18490349372078e-17	1.14220094860724	0.135	0.085	3.97392933724076e-13	c22	PHTF1
1.19163778132032e-17	1.36343311829065	0.144	0.095	3.99651479099209e-13	c22	NME4
2.00749884774508e-17	1.68445097900336	0.075	0.039	6.73274963556746e-13	c22	FOSL1
2.51879741059244e-17	0.983488964943575	0.235	0.178	8.44754275564494e-13	c22	PCMT1
2.91252501741133e-17	3.17078520686958	0.015	0.004	9.7680264033941e-13	c22	GPR153
3.74988331341285e-17	1.90648513954791	0.045	0.019	1.2576358656524e-12	c22	SAMD4A
3.8131822478016e-17	2.22217775615886	0.04	0.016	1.2788650622677e-12	c22	ZNF844
4.01420234043578e-17	1.03574333120432	0.216	0.16	1.34628318093535e-12	c22	RASGEF1B
4.57092923723467e-17	1.17374033227037	0.18	0.126	1.53299824758376e-12	c22	PSMD1
4.69409252930126e-17	1.55623644478327	0.082	0.044	1.57430475247706e-12	c22	HS2ST1
6.50912536699255e-17	2.1214490921	0.024	0.007	2.18303046558196e-12	c22	EFNB2
7.71114931654492e-17	2.07400013861531	0.033	0.012	2.58616525778284e-12	c22	CEP70
9.60511996439725e-17	3.12352084651315	0.01	0.002	3.22136513365955e-12	c22	TMEM98
1.01758427768823e-16	0.141816137517161	0.824	0.797	3.41277415051078e-12	c22	EEF1B2
1.17237303772195e-16	0.955661493616066	0.183	0.128	3.93190469391188e-12	c22	SLC1A5
1.25512138672577e-16	0.360547548680876	0.64	0.622	4.20942610680089e-12	c22	RNASEK
1.37520100016923e-16	1.14548963507805	0.14	0.091	4.61214911436755e-12	c22	SEC22C
1.42348390604806e-16	0.930962525946758	0.247	0.191	4.774080324104e-12	c22	PPP1R15B
1.44115616097092e-16	2.07746871471913	0.043	0.018	4.83334953266427e-12	c22	KCNQ1
1.48050014184842e-16	1.80888304282769	0.098	0.057	4.96530137573122e-12	c22	BX284668.5
1.62108641892984e-16	0.446683399755064	0.471	0.41	5.43679963180691e-12	c22	RHOH
1.79513297877621e-16	2.16884129288441	0.045	0.02	6.02051698421966e-12	c22	HOMER3
1.83010350997323e-16	2.64067728813196	0.029	0.01	6.13780115174822e-12	c22	SPATA6
1.84610686445578e-16	2.43395751416737	0.031	0.011	6.19147320201181e-12	c22	SOGA1
2.1141458086568e-16	2.76521900275257	0.012	0.002	7.09042221307317e-12	c22	SLC10A1
2.43665657919573e-16	1.18355326873782	0.085	0.047	8.17205883530663e-12	c22	ARHGEF12
3.26583292714909e-16	0.669122246149561	0.37	0.32	1.09529504710726e-11	c22	PRKAR1A
3.72170436514545e-16	2.69647535936972	0.012	0.003	1.24818520998248e-11	c22	AASS
3.87774952738101e-16	0.643474663766738	0.316	0.257	1.30051963649304e-11	c22	VMP1
3.92825940383744e-16	1.25324544578981	0.163	0.112	1.317459638859e-11	c22	ZFAND1
4.28882938722037e-16	1.56389307236445	0.043	0.018	1.43838759988597e-11	c22	PIK3C2B
4.30407014224442e-16	0.633595283779431	0.443	0.408	1.44349904430593e-11	c22	BZW1
4.38021022206372e-16	0.705661802118642	0.074	0.038	1.46903490427573e-11	c22	FAM30A
5.28337012757578e-16	0.496600502342237	0.582	0.573	1.77193667338637e-11	c22	DNAJA1
6.80400986721018e-16	0.914839241417152	0.199	0.144	2.28192882926495e-11	c22	ARID1B
7.23448525400386e-16	2.89164390438843	0.014	0.003	2.42630166448781e-11	c22	TBC1D30
7.26478641291378e-16	1.28018602084323	0.122	0.078	2.43646406716302e-11	c22	BAZ2B
8.99139135713948e-16	0.899347393005724	0.135	0.088	3.01553283335744e-11	c22	NBEAL1
1.23406001298883e-15	0.771090289098862	0.303	0.251	4.13879047156194e-11	c22	FKBP2
1.29577433021784e-15	0.374286882165447	0.653	0.645	4.34576794868458e-11	c22	MCL1
1.65479049564206e-15	1.27255026336784	0.145	0.098	5.54983636428433e-11	c22	BET1L
1.88305283875113e-15	1.20282465895465	0.112	0.069	6.31538261060353e-11	c22	AGPS
1.99341730024385e-15	1.04035124598788	0.206	0.154	6.68552294155782e-11	c22	ATXN10
2.02878722699506e-15	0.810619003395547	0.288	0.235	6.80414660189602e-11	c22	AZIN1
2.17252921326668e-15	3.42052990230067	0.01	0.002	7.2862284754538e-11	c22	SGIP1
2.19346536403745e-15	1.35934980187143	0.108	0.066	7.35644413790879e-11	c22	AL133415.1
2.76503481966027e-15	0.759008567138687	0.322	0.27	9.27337377817661e-11	c22	SBDS
4.32195560766873e-15	1.0461603666099	0.235	0.186	1.44949747169994e-10	c22	NCOA4
4.65835629104099e-15	1.78321428230818	0.046	0.021	1.56231953288933e-10	c22	ACVR1
4.81233210916134e-15	1.02791563760475	0.094	0.054	1.61395994277053e-10	c22	SMAD3
5.25740987721672e-15	0.985640098692483	0.21	0.158	1.76323012462094e-10	c22	A1BG
5.28751507138135e-15	1.15694418412174	0.133	0.087	1.77332680463988e-10	c22	PCNX4
5.33722020632214e-15	2.28320282446604	0.024	0.008	1.78999691279632e-10	c22	AC008957.1
6.35219513241272e-15	1.42468766400057	0.102	0.062	2.13039920350858e-10	c22	FAM174A
6.43864819094559e-15	0.630063597594775	0.39	0.34	2.15939383027933e-10	c22	IFRD1
6.48741074583891e-15	2.50439693868813	0.027	0.01	2.17574781593945e-10	c22	ROBO3
7.12377134072746e-15	2.82253699764177	0.01	0.002	2.38917043225318e-10	c22	GCNT4
7.17799337026378e-15	0.603748441485111	0.462	0.433	2.40735541651906e-10	c22	DAD1
7.49268302960347e-15	2.7122654429898	0.013	0.003	2.51289603446841e-10	c22	TBX1
8.15520867400241e-15	1.11043291097513	0.107	0.065	2.73509388508693e-10	c22	ZMAT3
8.43808814774532e-15	2.24082098694442	0.023	0.008	2.82996600299082e-10	c22	HOXB3
8.50142797529843e-15	2.2354555731166	0.029	0.011	2.85120891435559e-10	c22	CST6
1.21955545349576e-14	1.51901266958745	0.039	0.017	4.09014507993407e-10	c22	HOXB-AS1
1.3524860573243e-14	2.62624860131116	0.023	0.008	4.53596773905423e-10	c22	SPIRE1
1.56749607534841e-14	3.52076386336075	0.015	0.004	5.25706833750349e-10	c22	SLC47A1
1.6300156147345e-14	3.38152085044044	0.011	0.003	5.46674636869658e-10	c22	TBC1D8B
1.67012829608432e-14	2.43050474080257	0.023	0.008	5.60127627940758e-10	c22	CHRFAM7A
1.76153366233183e-14	1.80919498996225	0.04	0.018	5.90783159672849e-10	c22	CTSF
1.78927458202349e-14	0.424163161689048	0.591	0.581	6.00086909319039e-10	c22	RBM8A
2.25794509747292e-14	1.46616794117409	0.087	0.051	7.57269626790468e-10	c22	CPQ
2.44250732656368e-14	2.19608768823396	0.017	0.005	8.19168107182927e-10	c22	ZNF175
2.45756969320987e-14	1.82406534892234	0.018	0.005	8.24219723708727e-10	c22	CYP4F22
2.51336075977813e-14	2.66522958278856	0.01	0.002	8.42930931614389e-10	c22	AC044839.1
2.79919089959262e-14	1.92929951207137	0.019	0.006	9.38792643905374e-10	c22	ZC4H2
3.48964380129588e-14	1.14218260071912	0.114	0.072	1.17035673807861e-09	c22	LRCH1
3.61858284001627e-14	0.419051764957718	0.467	0.421	1.21360031288466e-09	c22	BST2
3.97548088555202e-14	1.66662211811985	0.067	0.036	1.33329677939644e-09	c22	SMPDL3A
4.1884837437239e-14	0.645826732234403	0.309	0.258	1.40473367797012e-09	c22	BNIP3L
5.22050971254714e-14	1.22465936629801	0.06	0.031	1.75085454739406e-09	c22	FAM24B
5.32513689980213e-14	0.940038474063348	0.032	0.013	1.78594441345564e-09	c22	PFN2
5.35079634101864e-14	3.15689419758471	0.01	0.002	1.79455007685083e-09	c22	PLSCR4
5.59853583193502e-14	2.65801046650311	0.01	0.002	1.87763694731437e-09	c22	ISPD
6.11850171802767e-14	1.80835354532957	0.047	0.022	2.05202310619212e-09	c22	AC108134.3
6.56607599538454e-14	0.807327057842393	0.283	0.232	2.20213056733207e-09	c22	STX11
6.68875474619085e-14	1.3736668512663	0.051	0.025	2.24327456677749e-09	c22	ZMAT1
7.40164464967639e-14	1.10110377459015	0.138	0.094	2.48236358260847e-09	c22	HIPK2
7.52545485416991e-14	1.74535838275562	0.033	0.014	2.5238870489915e-09	c22	ENO3
7.59954107864987e-14	1.8783204809828	0.064	0.034	2.54873408695759e-09	c22	CD276
8.26222704936302e-14	1.62994646808667	0.049	0.023	2.77098570781537e-09	c22	IPO11
8.64473170758971e-14	3.3889097858417	0.013	0.003	2.89927012009144e-09	c22	BCAR1
9.34098343284885e-14	1.54513140504341	0.072	0.04	3.13277902370885e-09	c22	HK2
1.33815851865747e-13	1.63010174257084	0.051	0.025	4.48791603987342e-09	c22	SLC10A7
1.37925229492048e-13	1.32862049607986	0.052	0.026	4.62573634670431e-09	c22	ICK
1.54656212216741e-13	2.10938511750797	0.018	0.005	5.18686004532507e-09	c22	PVALB
1.62963339522459e-13	0.50548906316037	0.462	0.431	5.46546448090422e-09	c22	NDUFB4
2.03758731571077e-13	1.18056044703761	0.054	0.027	6.83366033943077e-09	c22	HACD1
2.21471105090177e-13	0.271252275126607	0.615	0.576	7.42769792251435e-09	c22	C12orf57
2.3328759581884e-13	0.904431320468734	0.246	0.196	7.82399938857227e-09	c22	TGIF1
2.42002886088944e-13	1.26161567200625	0.074	0.042	8.11629279365099e-09	c22	CCDC71L
2.70434700408419e-13	1.52183903509143	0.086	0.051	9.06983898229755e-09	c22	WDR41
2.80502815836621e-13	1.39325926336739	0.097	0.06	9.40750343752861e-09	c22	MTFR1L
3.35742894670337e-13	1.8579041817852	0.021	0.007	1.12601452014538e-08	c22	AC004520.1
3.47131768081937e-13	1.18057799524943	0.105	0.066	1.1642105237932e-08	c22	FHOD1
4.26150174942286e-13	0.576810824171475	0.441	0.41	1.42922245672144e-08	c22	COX17
4.48327488839896e-13	1.81948933517742	0.039	0.018	1.50360073207124e-08	c22	CCDC189
4.56401149196479e-13	1.55917352467388	0.068	0.038	1.53067817417515e-08	c22	COBLL1
4.94085962981861e-13	1.06268287886356	0.176	0.131	1.65706550264856e-08	c22	TFG
5.10282447802296e-13	0.916766249885989	0.157	0.11	1.71138527343934e-08	c22	YAF2
5.90141733816457e-13	2.01162673774327	0.033	0.014	1.97921734687363e-08	c22	NREP
6.02465656944619e-13	1.28336315996967	0.133	0.092	2.02054932026086e-08	c22	LACTB
6.08682912664623e-13	0.806686637261126	0.211	0.161	2.04140075249461e-08	c22	NUTM2B-AS1
7.17007815722999e-13	0.996681796066703	0.157	0.112	2.40470081237179e-08	c22	BRAF
7.31856140698603e-13	3.17163844212753	0.01	0.002	2.45449912467498e-08	c22	ABCC6
9.17481116557011e-13	0.749321665410027	0.262	0.213	3.0770481687089e-08	c22	DNAJB9
9.95229181255906e-13	1.16549541133466	0.079	0.046	3.33779962809606e-08	c22	HDAC4
1.00742498730137e-12	1.33224752160372	0.049	0.024	3.37870192241134e-08	c22	JUP
1.40197210249333e-12	1.00448178508655	0.2	0.155	4.70193403734214e-08	c22	WDR45B
1.46217178864992e-12	1.15655313683563	0.101	0.064	4.90383174477411e-08	c22	TRNT1
1.80111703336414e-12	1.36941379689441	0.088	0.054	6.04058630649666e-08	c22	ZNF664
2.23106215929172e-12	1.31144945218754	0.056	0.03	7.48253626983258e-08	c22	ZNF3
2.24941465575258e-12	1.37098680182113	0.069	0.039	7.54408687246302e-08	c22	FTX
3.35379544994536e-12	2.17043454706598	0.028	0.012	1.12479591800267e-07	c22	PIK3CD-AS2
3.97664340134583e-12	0.886734501259673	0.16	0.115	1.33368666394336e-07	c22	TESC
4.0033663210928e-12	2.96591309699088	0.016	0.005	1.3426489967681e-07	c22	OPHN1
4.40897274049971e-12	2.37359891172001	0.033	0.015	1.47868127770879e-07	c22	C11orf74
4.62799115705839e-12	0.606689833733467	0.461	0.444	1.55213567425424e-07	c22	TRA2B
4.90088077424406e-12	1.60958832652305	0.059	0.032	1.64365739406597e-07	c22	TWSG1
5.10158567896025e-12	1.73595149369102	0.042	0.02	1.71096980500969e-07	c22	ANKRD42
5.76008074538269e-12	1.64289749148953	0.051	0.027	1.93181588038645e-07	c22	ANKRD9
5.85466553676185e-12	0.775708091912674	0.242	0.195	1.96353772771919e-07	c22	RAB5A
5.9784396330836e-12	0.816122168781411	0.201	0.154	2.00504908414358e-07	c22	DENND1B
6.20728453473841e-12	1.51151267977623	0.062	0.035	2.08179908726057e-07	c22	EEF2K
6.29278918709742e-12	0.227972559928104	0.719	0.717	2.11047563756873e-07	c22	YBX1
6.44436488612618e-12	1.40612251698984	0.052	0.027	2.161311095509e-07	c22	FXYD1
7.08535712363818e-12	1.57153697857497	0.094	0.06	2.37628707212577e-07	c22	DAPK1
8.66106458762759e-12	0.937208696836062	0.123	0.083	2.90474784139854e-07	c22	ITGAM
9.2897095850168e-12	0.673477540075224	0.331	0.293	3.11558280062293e-07	c22	CMPK1
9.74894086728422e-12	1.93246071652296	0.042	0.021	3.26959978806978e-07	c22	TRIQK
1.00238651046126e-11	0.46227817574167	0.444	0.413	3.36180387878496e-07	c22	SELENOW
1.05178359853445e-11	2.35545852632945	0.012	0.003	3.52747183276485e-07	c22	SH3RF2
1.11306708264211e-11	2.25070152193218	0.012	0.003	3.73300438176511e-07	c22	TGM1
1.11597865528546e-11	1.62034974165705	0.07	0.041	3.74276921409637e-07	c22	SLC29A1
1.12662437288097e-11	1.43042804674729	0.074	0.044	3.77847282176818e-07	c22	KIF9
1.14811120934313e-11	0.784737740822475	0.279	0.238	3.85053537389498e-07	c22	ACADVL
1.17346646875779e-11	0.6344703159085	0.298	0.251	3.93557184291987e-07	c22	PER1
1.18523810755771e-11	0.315442080608056	0.61	0.596	3.97505156512704e-07	c22	ZFAS1
1.20598458848536e-11	1.09901628934084	0.091	0.057	4.04463111286219e-07	c22	PDZD8
1.33459702669807e-11	1.50844155036397	0.053	0.028	4.47597150813997e-07	c22	TRAF3IP2
1.4337329933402e-11	1.02708031570121	0.21	0.168	4.80845371306438e-07	c22	RTN3
1.64708162351331e-11	2.3452525919606	0.017	0.006	5.52398234893892e-07	c22	DISP1
1.65868247587166e-11	1.70359174446881	0.016	0.005	5.56288928757838e-07	c22	PCDH9
1.71740475547995e-11	2.56348714234729	0.02	0.007	5.75983206892866e-07	c22	AC099524.1
1.7366743678834e-11	1.39634391017195	0.072	0.043	5.82445849500733e-07	c22	WBP1L
1.73719705839647e-11	1.07222895172641	0.133	0.093	5.82621149445009e-07	c22	ABHD2
1.7905429748059e-11	1.30615429952298	0.126	0.089	6.00512302890402e-07	c22	EDEM2
1.87434280227711e-11	0.759011456804097	0.248	0.204	6.28617089027696e-07	c22	NEU1
2.04261878675742e-11	0.201289972694952	0.741	0.744	6.85053488702702e-07	c22	SUMO2
2.11606274596262e-11	1.16049848443817	0.127	0.089	7.09685123740944e-07	c22	RRP12
2.29832120658408e-11	1.4409148826733	0.054	0.029	7.70810966264169e-07	c22	CYB5D1
2.3378670023708e-11	0.864423607368568	0.156	0.114	7.8407383525512e-07	c22	BABAM2
2.34850321733995e-11	1.95092532012576	0.033	0.015	7.87641009031471e-07	c22	SH3PXD2A
2.35941263980424e-11	2.52755946942115	0.012	0.003	7.91299811137548e-07	c22	FAM171A1
3.00580011428144e-11	0.813927540164523	0.236	0.193	1.00808524232771e-06	c22	IFNGR2
3.20285358368968e-11	1.73623518095886	0.025	0.01	1.07417303489785e-06	c22	IQCN
3.31363268095794e-11	1.20294771739452	0.065	0.037	1.11132612853967e-06	c22	CDK8
3.56015543031214e-11	2.14961329768618	0.022	0.009	1.19400492821808e-06	c22	AP003068.2
3.63624221622861e-11	0.912515753375412	0.083	0.051	1.21952291447875e-06	c22	PTPRN2
3.71601821032762e-11	1.15065236484087	0.147	0.108	1.24627818737968e-06	c22	TBXAS1
4.55080713910902e-11	0.502083289508378	0.468	0.451	1.52624969831438e-06	c22	DDX3X
5.194404672368e-11	0.499894204987688	0.429	0.399	1.74209943901878e-06	c22	WSB1
5.73922871293866e-11	0.299536567326403	0.64	0.636	1.92482252574537e-06	c22	SERP1
5.97798619461664e-11	0.433629995679612	0.489	0.47	2.00489700995053e-06	c22	RPS27L
6.40921396013367e-11	2.10532935089622	0.019	0.007	2.14952217794963e-06	c22	ZNF154
7.78409874367148e-11	3.11059930838175	0.014	0.004	2.61063103665254e-06	c22	CMBL
7.94869822322106e-11	3.02204296122009	0.014	0.004	2.66583441010388e-06	c22	RUSC2
8.26057800001837e-11	2.66488824880447	0.025	0.01	2.77043264964616e-06	c22	LINC01637
8.27622753700153e-11	0.182094515609472	0.705	0.688	2.77568119135957e-06	c22	EEF1G
8.3920982751997e-11	0.941062106168931	0.164	0.123	2.81454191953647e-06	c22	GABPB1
8.57746666736684e-11	3.26413599521882	0.012	0.003	2.87671077090149e-06	c22	HSPA4L
8.88413549610826e-11	1.86869296781349	0.017	0.006	2.97956136268479e-06	c22	ADAMTS10
9.62030169971021e-11	1.60249432945259	0.055	0.031	3.22645678404881e-06	c22	NDRG2
9.83935479062182e-11	2.7215215733466	0.014	0.004	3.29992280967875e-06	c22	PPP1R26
1.28976629190638e-10	0.875049250444086	0.19	0.148	4.32561818979563e-06	c22	CD151
1.49995508740269e-10	1.63904203343031	0.062	0.036	5.03054937213113e-06	c22	STK32C
1.57546607480034e-10	0.953665371947852	0.117	0.081	5.28379812166537e-06	c22	PARP4
1.68364458847598e-10	1.5375262913723	0.05	0.027	5.64660722083073e-06	c22	PLD1
1.84088242997967e-10	1.78731615534833	0.047	0.025	6.1739514936658e-06	c22	XIST
1.98902281693799e-10	0.976716942591185	0.116	0.08	6.67078472344663e-06	c22	IRAK3
2.17397779951728e-10	1.84824434259474	0.046	0.024	7.29108674402107e-06	c22	ARRDC4
2.30970151527323e-10	2.6870896511332	0.01	0.003	7.74627694192335e-06	c22	ZNF711
2.43625838012761e-10	1.10474018340718	0.119	0.084	8.17072335527197e-06	c22	TP53BP2
2.55594362503733e-10	2.2428629492882	0.033	0.016	8.5721237296502e-06	c22	LBX2-AS1
2.57035398411938e-10	0.875017045147222	0.124	0.087	8.62045319193958e-06	c22	VEGFA
2.60719607864149e-10	1.39264497733868	0.078	0.049	8.74401420854781e-06	c22	PRR34-AS1
2.66986249768151e-10	1.1252311225241	0.147	0.11	8.95418484472424e-06	c22	CALU
2.86750156634211e-10	1.54980019672149	0.031	0.014	9.61702675319818e-06	c22	TNFRSF11A
2.96572454409084e-10	1.48718771380285	0.07	0.043	9.94644697597185e-06	c22	TFB1M
2.98177007733281e-10	1.2974858356849	0.038	0.019	1.00002604853588e-05	c22	ADARB1
3.27111456539532e-10	0.684060860399397	0.295	0.258	1.09706640294228e-05	c22	TMEM14C
3.43782725897024e-10	1.39989454265651	0.067	0.04	1.15297850611344e-05	c22	PRKCA
3.65683363476051e-10	2.21438462818717	0.013	0.004	1.22642886442598e-05	c22	SERHL2
3.96208301335292e-10	1.41516795886638	0.04	0.02	1.3288034010183e-05	c22	RAB3D
4.07035226627579e-10	1.13836584063359	0.113	0.079	1.36511474306357e-05	c22	POLK
4.18813632757754e-10	0.803052447253295	0.139	0.1	1.40461716154295e-05	c22	MAGED2
4.88153264288092e-10	2.8048472614864	0.013	0.004	1.6371684177694e-05	c22	TSKU
5.52772157087434e-10	0.731010973775301	0.213	0.169	1.85388726043984e-05	c22	RARA
6.04734809170466e-10	1.48611429929151	0.102	0.07	2.02815960299591e-05	c22	C11orf24
6.11222462729565e-10	2.32214208513952	0.012	0.004	2.04991789550242e-05	c22	HOXA9
6.40640260472321e-10	0.730433754812096	0.234	0.193	2.14857930557207e-05	c22	SERINC3
6.70424617561383e-10	1.93187849918874	0.025	0.011	2.24847008237737e-05	c22	HYAL3
7.00149617924575e-10	2.76122774734107	0.01	0.003	2.34816178859544e-05	c22	MANSC1
7.36086563456682e-10	1.44419177958673	0.071	0.044	2.46868711652102e-05	c22	TPCN1
7.80555013601217e-10	1.22915983523588	0.113	0.08	2.61782540461576e-05	c22	SIL1
8.56498454746365e-10	0.619720040790443	0.274	0.232	2.87252451752836e-05	c22	DSTN
8.73172266765221e-10	1.52297847857933	0.044	0.023	2.9284451482772e-05	c22	SERINC2
9.32201885498901e-10	1.91837410107182	0.036	0.018	3.12641868358621e-05	c22	LEKR1
9.6066831737955e-10	1.23868030898742	0.095	0.064	3.22188940282753e-05	c22	CDK5
9.70747525327273e-10	1.63823967191709	0.026	0.012	3.25569305044261e-05	c22	AL445472.1
1.03019271609508e-09	1.26426473667567	0.075	0.047	3.45506033123967e-05	c22	C2orf76
1.04330945156089e-09	0.451202127959986	0.389	0.355	3.49905123864492e-05	c22	HIF1A
1.14863070564289e-09	1.76450206247017	0.046	0.025	3.85227766058511e-05	c22	TTYH2
1.19082335688708e-09	1.0283969965259	0.144	0.108	3.99378337432787e-05	c22	FAM110A
1.21640848602761e-09	0.682959232011809	0.282	0.243	4.07959078043939e-05	c22	NUP58
1.22931031180835e-09	0.907982609909255	0.169	0.132	4.12286092374284e-05	c22	YWHAG
1.2940417346536e-09	1.90007557192812	0.02	0.008	4.33995716968123e-05	c22	RMDN2
1.29930857430103e-09	1.32665093936381	0.059	0.035	4.35762109649079e-05	c22	CEP83
1.35995931284612e-09	1.95251482871806	0.031	0.015	4.56103154342331e-05	c22	NBPF1
1.3676095804758e-09	1.85183081949797	0.024	0.01	4.58668901099973e-05	c22	ACSM3
1.45546555731604e-09	0.370490849954306	0.481	0.451	4.88134038612654e-05	c22	LDHB
1.47017522581565e-09	1.67147903747783	0.037	0.019	4.93067367234053e-05	c22	ZNF677
1.47454049538953e-09	0.367162241467953	0.327	0.273	4.94531391343739e-05	c22	SYTL3
1.4910831264007e-09	1.4336744023129	0.037	0.019	5.00079458932267e-05	c22	RAI1
1.72517746337019e-09	2.53808220939373	0.016	0.006	5.78590017665093e-05	c22	THNSL2
1.78218851220129e-09	1.81164468202288	0.021	0.008	5.97710383222069e-05	c22	HDX
1.7850315721575e-09	0.893034242172969	0.118	0.084	5.98663888670181e-05	c22	TFDP2
1.83153493217764e-09	2.04419431395346	0.017	0.006	6.14260185553737e-05	c22	AC108134.2
1.94249219549431e-09	0.897406828437556	0.142	0.105	6.51473032524881e-05	c22	PDE4A
2.04736365432922e-09	0.932337737013479	0.125	0.09	6.86644822388933e-05	c22	RRN3
2.34262379843778e-09	0.579985591317273	0.342	0.314	7.85669169520064e-05	c22	YWHAE
2.34982619241578e-09	1.61666888716179	0.06	0.036	7.88084708412404e-05	c22	EIF4EBP3
2.60369465051445e-09	2.03283407229122	0.015	0.005	8.73227111889537e-05	c22	EFEMP2
2.61042504907627e-09	1.41266820523615	0.073	0.046	8.75484352959198e-05	c22	IMPACT
2.70007044835619e-09	0.957250484014522	0.174	0.137	9.055496269697e-05	c22	CHMP3
2.94020054436927e-09	1.09194542719691	0.068	0.042	9.86084458570566e-05	c22	CLEC16A
2.94513022633733e-09	1.78650373184049	0.028	0.013	9.87737775309012e-05	c22	RIMKLB
2.97893113894444e-09	2.12331630095009	0.03	0.014	9.99073925379187e-05	c22	MMP2-AS1
3.30811666562145e-09	2.80337521991294	0.016	0.006	0.000110947616731612	c22	ACOT11
3.706545685629e-09	1.20726792134642	0.139	0.105	0.000124310129204625	c22	P4HA1
3.89267447733654e-09	1.94689773407125	0.015	0.005	0.000130552516620913	c22	GOLGA6L9
4.0762812485868e-09	1.67905016327107	0.066	0.041	0.000136710320515104	c22	TCEAL9
4.16295350339005e-09	0.56312669025539	0.12	0.084	0.000139617134596695	c22	HOXB2
4.30274568311433e-09	1.72539762452387	0.016	0.006	0.000144305484720288	c22	DMKN
4.67681919218203e-09	0.798474093276532	0.255	0.221	0.000156851162067401	c22	RNF145
4.89607311324201e-09	1.3512322647386	0.046	0.026	0.00016420450007191	c22	PGAP3
5.20031005264429e-09	1.06599442650803	0.071	0.044	0.000174407998545584	c22	CHD7
5.20514681678002e-09	0.227002866765522	0.608	0.589	0.000174570213941168	c22	NME2
5.21151603918291e-09	1.40952616942569	0.074	0.048	0.000174783824922116	c22	AGAP3
5.77637243044966e-09	1.43762626692058	0.028	0.013	0.000193727978572421	c22	AC012306.2
5.91912664831563e-09	1.73548023364031	0.014	0.005	0.00019851566953121	c22	FOXJ1
6.60084318800944e-09	1.26024432369328	0.116	0.084	0.00022137907883946	c22	CLIC4
6.76440301996373e-09	0.887806441519075	0.194	0.159	0.000226864548483543	c22	CYSTM1
6.79762595477949e-09	1.22273388211262	0.046	0.026	0.000227978779271395	c22	CD200R1
7.32193216645486e-09	2.23171542781705	0.01	0.003	0.000245562960998563	c22	ACER2
7.43522993554437e-09	0.502023572386598	0.417	0.401	0.000249362741578287	c22	VPS28
7.73311742683635e-09	1.26907483835195	0.079	0.052	0.000259353292261237	c22	ING2
8.09469133440047e-09	1.50846310531536	0.039	0.021	0.000271479757973123	c22	HDGFL3
8.55687023009876e-09	0.40289358483565	0.104	0.071	0.000286980313777052	c22	STAB1
8.64231208370558e-09	1.11494919576285	0.092	0.063	0.000289845862663318	c22	PDCL
9.64102650566937e-09	1.38498574910411	0.031	0.015	0.000323340746947139	c22	MIR3142HG
1.05090288020782e-08	0.774580207766234	0.186	0.149	0.000352451807964097	c22	TBPL1
1.05707132931603e-08	1.35392596606053	0.064	0.04	0.000354520582426011	c22	FAH
1.15843609366498e-08	1.00494835241241	0.141	0.108	0.000388516297093359	c22	GNS
1.37644203443398e-08	0.74974368468801	0.222	0.186	0.000461631129508467	c22	RNASEH2B
1.57954829654153e-08	0.997853727958719	0.074	0.047	0.000529748907694098	c22	ASB3
1.63477023111756e-08	1.36504194932142	0.097	0.069	0.000548269240112207	c22	NEK6
1.64446172836608e-08	1.30549191506198	0.067	0.042	0.000551519574459414	c22	PBX3
1.75011128630577e-08	0.883123132949553	0.135	0.101	0.000586952323201227	c22	CFAP97
1.75639417664043e-08	0.585289539211121	0.266	0.23	0.000589059478961668	c22	SERINC1
2.17662583801149e-08	2.25737746784593	0.012	0.004	0.000729996773552294	c22	CCDC30
2.35050443770717e-08	1.43249619749278	0.062	0.038	0.000788312178318232	c22	CTBP2
2.38533209370485e-08	0.412771290348942	0.446	0.433	0.000799992677586733	c22	CLK1
2.41789198325704e-08	1.3361703525661	0.03	0.015	0.000810912613344745	c22	PAFAH2
2.45650464323068e-08	1.08757047866306	0.1	0.07	0.000823862527246707	c22	NRIP1
2.55340863580435e-08	1.50122837779076	0.062	0.039	0.000856362188276062	c22	SULT1A1
3.07145164505247e-08	0.732794242239338	0.199	0.162	0.0010301034527177	c22	IL4R
3.07514081512101e-08	0.80544274738819	0.105	0.074	0.00103134072657529	c22	ECD
3.16591923527988e-08	0.826986504005058	0.17	0.134	0.00106178599312817	c22	FAM53C
3.20233424998063e-08	0.53278049330683	0.375	0.361	0.0010739988607585	c22	FIS1
3.3630273766405e-08	0.884689071881264	0.181	0.148	0.00112789212157769	c22	CD59
3.40572009263558e-08	0.533364504154916	0.365	0.346	0.00114221040466812	c22	TMED2
3.77057045190242e-08	0.424142480170527	0.444	0.435	0.00126457391815904	c22	SH3BGRL
3.78665991873877e-08	0.33569385827931	0.533	0.529	0.00126997000354661	c22	CCNL1
3.91101938262966e-08	1.81713775388975	0.017	0.007	0.00131167768054634	c22	ZNF382
3.9600151485844e-08	1.55892315472246	0.038	0.02	0.00132810988053224	c22	POLI
3.9700264338683e-08	2.06454681262232	0.015	0.006	0.00133146746539075	c22	METTL27
4.06944793555965e-08	1.17244758263391	0.064	0.04	0.00136481144862799	c22	WDSUB1
4.37644089615995e-08	0.78643283313847	0.234	0.202	0.00146777074775412	c22	DNAJC4
4.39888357645808e-08	1.85566540267614	0.011	0.004	0.00147529757387251	c22	PM20D1
4.46184237923214e-08	0.847016888319339	0.138	0.105	0.00149641269714688	c22	ATG16L2
4.54802040378031e-08	1.61556995418364	0.041	0.023	0.00152531508301984	c22	FRY
4.71875107824215e-08	1.64050130975406	0.025	0.012	0.00158257473662085	c22	AC138969.1
4.80519021349208e-08	1.84798957381499	0.026	0.012	0.00161156469380097	c22	PRSS21
4.98359459788227e-08	2.51001532801239	0.016	0.006	0.00167139795623776	c22	HGF
5.1346788197487e-08	1.61604117080866	0.026	0.012	0.00172206858256732	c22	EXTL2
5.61800228870229e-08	0.502063780851484	0.32	0.288	0.00188416560758497	c22	DHRS7
6.03974943205921e-08	0.831373912583758	0.163	0.129	0.00202561116452402	c22	C15orf61
6.06902036418833e-08	2.52325992081141	0.011	0.004	0.00203542804974148	c22	KCNK17
6.18386235913885e-08	1.34544383709213	0.051	0.031	0.00207394375800799	c22	TRIM24
8.43088160351327e-08	0.95299907025557	0.074	0.049	0.00282754907218628	c22	BEX2
8.43163647033652e-08	1.96881864224272	0.034	0.018	0.00282780223942146	c22	NAV1
8.82652603510228e-08	0.833280532641101	0.148	0.115	0.0029602403016526	c22	PRKRA
8.9595631822176e-08	2.82664238240105	0.013	0.005	0.00300485830005214	c22	NUDT12
9.02670998093232e-08	2.17160824456729	0.018	0.007	0.00302737799340508	c22	TICAM2
9.15069873868594e-08	1.76503894926646	0.014	0.005	0.00306896134298049	c22	CACNA2D2
9.37511725600609e-08	0.174881321650084	0.777	0.794	0.00314422682531932	c22	COX7C
9.45326370806711e-08	1.70284700421887	0.022	0.01	0.00317043558241155	c22	AC242426.2
9.58101709220713e-08	1.19396139938481	0.066	0.042	0.00321328151238443	c22	MIR222HG
9.8453302207058e-08	1.28134543994766	0.078	0.053	0.00330192684942031	c22	PIP4P2
1.03889935268439e-07	1.03668840777219	0.054	0.033	0.00348426064903291	c22	ZNF529
1.08112937922205e-07	0.9066223282668	0.109	0.079	0.00362589171203491	c22	RABGGTA
1.15699747560797e-07	0.996582289817088	0.132	0.101	0.00388033813369402	c22	OSBPL9
1.18429539073093e-07	0.713776000563977	0.17	0.136	0.00397188988143338	c22	IRS2
1.24017413481662e-07	1.91318274139624	0.029	0.015	0.00415929601334799	c22	FKBP7
1.24261668506267e-07	0.799921626956697	0.148	0.115	0.00416748783836319	c22	PEF1
1.30424705969962e-07	2.71901482061335	0.012	0.004	0.00437418378882059	c22	LDHD
1.34568064678276e-07	1.2891590747959	0.077	0.052	0.00451314375318003	c22	EFCAB2
1.49471674181315e-07	1.67410284292893	0.021	0.009	0.00501298100869296	c22	APLF
1.64647627968923e-07	0.564643160666746	0.244	0.21	0.00552195214682175	c22	PLK3
1.67041262486553e-07	0.709462750365909	0.233	0.202	0.00560222986127403	c22	FXR1
1.68627502973344e-07	1.19158117482879	0.066	0.043	0.00565542919472002	c22	RNF103
1.81711015828559e-07	0.993794505630202	0.044	0.026	0.00609422404885822	c22	PRDM8
1.81885688422268e-07	1.77787827133792	0.024	0.011	0.00610008221830604	c22	ZNF717
1.8245776904555e-07	2.08237776241687	0.01	0.003	0.00611926865824964	c22	AC093690.1
1.99505358734646e-07	0.295795092858619	0.449	0.421	0.00669101072124257	c22	CKLF
2.00231126681474e-07	1.2832787555168	0.063	0.041	0.00671535152664328	c22	SLC19A2
2.11655807993346e-07	1.23028251728063	0.04	0.023	0.00709851248848083	c22	PRAG1
2.12831695648222e-07	0.254835480346854	0.613	0.614	0.00713794940865006	c22	DNAJB1
2.1685743621967e-07	1.10008816416795	0.05	0.03	0.00727296469593529	c22	ISYNA1
2.57437443767853e-07	1.0874958216789	0.061	0.039	0.00863393698908626	c22	GGT1
2.71309018944462e-07	0.204643108205838	0.612	0.607	0.00909916187735937	c22	HMGN1
2.71693616170001e-07	0.173360994658995	0.735	0.751	0.0091120604991095	c22	RPL31
2.86712960407727e-07	0.963386491355395	0.141	0.111	0.00961577926615435	c22	CTR9
2.95642164512933e-07	1.67784265812394	0.023	0.011	0.00991524691343476	c22	ZNF439
2.96136903597451e-07	1.90956002867277	0.022	0.011	0.0099318394728513	c22	CTPS2
3.29446058930275e-07	1.79887887417299	0.022	0.011	0.0110489619244035	c22	BAMBI
3.30555071228877e-07	1.88062469677329	0.01	0.003	0.0110861559788741	c22	PRKN
3.32241152732656e-07	1.09253483764996	0.031	0.017	0.0111427037803478	c22	ELOVL6
3.33622467407964e-07	0.369878655224978	0.513	0.514	0.0111890303119283	c22	RPL22L1
3.64129782867689e-07	1.72839846429131	0.038	0.022	0.0122121846578165	c22	TOR4A
3.71845863277779e-07	1.11401702558722	0.038	0.022	0.0124709665626101	c22	HOXB4
4.0369449951293e-07	1.55336755322396	0.02	0.009	0.0135391061246647	c22	ZNF823
4.0629191753197e-07	0.783416837344167	0.195	0.164	0.0136262183301872	c22	BLOC1S6
4.24065616114925e-07	1.19616125893147	0.095	0.069	0.0142223126332623	c22	ASL
4.33133585104618e-07	0.845287632341456	0.119	0.09	0.0145264341772387	c22	NUP54
4.37462706984127e-07	1.33297344490965	0.049	0.03	0.0146716242668337	c22	ARRB1
4.42695592317401e-07	1.87449395461897	0.012	0.005	0.014847124775141	c22	MST1
4.57671327089781e-07	1.10601602166657	0.077	0.053	0.0153493809679371	c22	FEM1C
4.89082580147281e-07	1.12266451306982	0.047	0.028	0.0164028515729795	c22	AC025171.3
5.03239798235901e-07	1.10904593402738	0.081	0.057	0.0168776563532356	c22	SLC25A13
5.24697579465464e-07	1.89690980498161	0.018	0.008	0.0175973074201127	c22	EFCAB13
5.55730634163904e-07	0.941475673550045	0.094	0.067	0.018638094008589	c22	SCCPDH
5.6214554798367e-07	1.64831356791244	0.045	0.027	0.0188532373882763	c22	FAM213A
5.65126803792572e-07	1.24124615147664	0.042	0.025	0.0189532227455953	c22	ACCS
6.0064173663891e-07	1.87465801144117	0.018	0.008	0.0201443225633958	c22	KANSL1L
6.14033611769675e-07	0.123589239478088	0.056	0.091	0.0205934592715314	c22	EMILIN2
6.17063084966213e-07	1.06996523841756	0.065	0.043	0.0206950617435969	c22	RPS6KC1
6.23457896010544e-07	0.698500681928012	0.235	0.206	0.0209095309164016	c22	NFKB2
6.623838440452e-07	0.568414721446485	0.195	0.161	0.0222150293615879	c22	EPB41L4A-AS1
7.10436310917821e-07	1.20760988426317	0.047	0.029	0.0238266129955619	c22	WWC3
7.32686842461901e-07	1.51129760393453	0.035	0.02	0.0245728513224872	c22	CCDC125
7.58727283168044e-07	1.81953788634469	0.017	0.008	0.0254461956228898	c22	ZNF440
7.88239983688511e-07	2.06333889631994	0.012	0.004	0.0264359925729453	c22	KIAA0895
8.08524844414766e-07	0.54851724191727	0.333	0.305	0.0271163062319824	c22	KLF2
8.29263787060755e-07	2.171464910056	0.014	0.006	0.0278118488904436	c22	LINC01023
8.48379525029793e-07	0.856120799248439	0.165	0.135	0.0284529525104492	c22	HOOK3
8.58762166131922e-07	2.66423570846861	0.011	0.004	0.0288011655277324	c22	STXBP5-AS1
8.7529152120809e-07	1.02501195081805	0.045	0.027	0.0293555270382769	c22	PIK3R3
9.12400322088298e-07	1.88574112055638	0.016	0.007	0.0306000820021974	c22	GAS6-AS1
9.6568629617581e-07	0.64789739818645	0.214	0.183	0.0323871870011443	c22	RAB6A
1.05630580052094e-06	1.25273322606506	0.081	0.058	0.0354263839378713	c22	ARHGAP31
1.05720670788392e-06	1.2107461957882	0.065	0.043	0.0354565985690108	c22	LRRC23
1.23118639162942e-06	0.47881863408431	0.388	0.375	0.0412915292024675	c22	ANXA11
1.24213511492353e-06	1.01206357468705	0.051	0.032	0.0416587274843055	c22	EPOR
1.24459415536939e-06	0.915423232480551	0.069	0.046	0.0417411987827785	c22	PRKAR1B
1.24549146162886e-06	1.72420964207341	0.025	0.013	0.0417712926401088	c22	ALDH5A1
1.30451771488282e-06	2.24605149681211	0.013	0.005	0.04375091512174	c22	EPDR1
1.37596713341333e-06	0.653378298047567	0.195	0.163	0.0461471857204162	c22	RIN3
1.45597917798131e-06	2.33253052233402	0.01	0.003	0.0488306296711372	c22	DEGS2
1.45967474239933e-06	2.11827480001578	0.019	0.009	0.0489545715105888	c22	P2RY1
1.48161920649869e-06	0.235005143560577	0.437	0.399	0.049690544947553	c22	LCP2
1.48841111778127e-06	1.13486576725846	0.108	0.082	0.0499183320681482	c22	RBBP8
